1924 0 307 35 527 1482 1400 1482 0 1031 0 36 696 627 1482 0 0 0 1482 1482 0 84 1482 1482 799 1482 970 0 1482 121 968 1482 1276 0 297 1196 565 0 1257 30 0 874 82 2 0 0 1482 1343 1482 25 16 195 1482 3 1482 0 1482 1482 1482
0 1924 0 0 0 0 326 0 0 0 1924 1614 1228 1227 0 0 1924 1293 0 0 1924 0 0 0 1125 0 0 1924 0 0 106 0 0 1924 0 286 287 1924 0 0 1924 1050 0 0 1924 1924 0 134 0 1601 0 192 0 1694 0 1924 0 0 0
307 0 1924 0 223 299 299 299 0 124 0 1 173 212 299 0 0 2 299 299 0 28 299 299 173 299 299 0 299 590 137 299 300 0 546 299 129 0 396 202 0 173 391 4 0 0 299 299 299 0 219 77 299 0 299 0 299 299 299
35 0 0 1924 14 51 0 51 40 51 0 2 0 0 51 11 0 0 51 51 0 7 51 51 0 51 51 0 51 99 51 51 67 0 51 51 25 0 2 13 0 0 38 137 0 0 51 51 51 2 442 97 51 1 51 0 51 51 51
527 0 223 14 1924 348 348 348 116 157 0 2 310 295 348 0 0 49 348 348 0 75 348 348 309 348 397 0 348 80 85 348 276 0 52 348 78 0 457 521 0 310 54 3 0 0 348 348 348 3 28 218 348 2 348 0 348 348 348
1482 0 299 51 348 1924 1598 1924 0 1275 0 2 696 697 1924 0 0 0 1924 1924 0 237 1924 1924 799 1924 1412 0 1924 118 1410 1924 1718 0 539 1638 1007 0 1249 0 0 874 118 0 0 0 1924 1785 1924 0 0 209 1924 4 1924 0 1924 1924 1924
1400 326 299 0 348 1598 1924 1598 0 949 326 16 1022 1023 1598 0 326 326 1598 1598 326 107 1598 1598 1125 1598 1086 326 1598 118 1084 1598 1392 326 213 1312 761 326 1249 0 326 1200 64 0 326 326 1598 1459 1598 3 0 267 1598 96 1598 326 1598 1598 1598
1482 0 299 51 348 1924 1598 1924 0 1275 0 2 696 697 1924 0 0 0 1924 1924 0 237 1924 1924 799 1924 1412 0 1924 118 1410 1924 1718 0 539 1638 1007 0 1249 0 0 874 118 0 0 0 1924 1785 1924 0 0 209 1924 4 1924 0 1924 1924 1924
0 0 0 40 116 0 0 0 1924 0 0 0 0 0 0 0 0 0 0 0 0 20 0 0 0 0 0 0 0 0 0 0 0 0 0 0 5 0 0 0 0 0 0 0 0 0 0 0 0 0 0 0 0 25 0 0 0 0 0
1031 0 124 51 157 1275 949 1275 0 1924 0 2 411 244 1275 32 0 2 1275 1275 0 141 1275 1275 578 1275 848 0 1275 107 1108 1275 1069 0 688 989 634 0 770 3 0 578 230 32 0 0 1275 1136 1275 0 25 252 1275 4 1275 0 1275 1275 1275
0 1924 0 0 0 0 326 0 0 0 1924 1614 1228 1227 0 0 1924 1293 0 0 1924 0 0 0 1125 0 0 1924 0 0 106 0 0 1924 0 286 287 1924 0 0 1924 1050 0 0 1924 1924 0 134 0 1601 0 192 0 1694 0 1924 0 0 0
36 1614 1 2 2 2 16 2 0 2 1614 1924 918 917 2 1 1614 983 2 2 1614 33 2 2 815 2 2 1614 2 0 108 2 2 1614 2 288 287 1614 0 2 1614 740 0 7 1614 1614 2 136 2 1608 0 2 2 1614 2 1614 2 2 2
696 1228 173 0 310 696 1022 696 0 411 1228 918 1924 1587 696 0 1228 1061 696 696 1228 0 696 696 1693 696 386 1228 696 104 201 696 490 1228 181 702 196 1228 696 0 1228 1746 0 0 1228 1228 696 557 696 905 0 192 696 998 696 1228 696 696 696
627 1227 212 0 295 697 1023 697 0 244 1227 917 1587 1924 697 0 1227 893 697 697 1227 0 697 697 1358 697 471 1227 697 118 396 697 596 1227 137 701 363 1227 697 0 1227 1433 0 0 1227 1227 697 558 697 904 0 192 697 997 697 1227 697 697 697
1482 0 299 51 348 1924 1598 1924 0 1275 0 2 696 697 1924 0 0 0 1924 1924 0 237 1924 1924 799 1924 1412 0 1924 118 1410 1924 1718 0 539 1638 1007 0 1249 0 0 874 118 0 0 0 1924 1785 1924 0 0 209 1924 4 1924 0 1924 1924 1924
0 0 0 11 0 0 0 0 0 32 0 1 0 0 0 1924 0 0 0 0 0 1 0 0 0 0 0 0 0 5 0 0 5 0 0 0 0 0 0 0 0 0 39 1444 0 0 0 0 0 10 0 64 0 5 0 0 0 0 0
0 1924 0 0 0 0 326 0 0 0 1924 1614 1228 1227 0 0 1924 1293 0 0 1924 0 0 0 1125 0 0 1924 0 0 106 0 0 1924 0 286 287 1924 0 0 1924 1050 0 0 1924 1924 0 134 0 1601 0 192 0 1694 0 1924 0 0 0
0 1293 2 0 49 0 326 0 0 2 1293 983 1061 893 0 0 1293 1924 0 0 1293 16 0 0 1125 0 31 1293 0 205 3 0 17 1293 152 0 31 1293 0 253 1293 1050 0 0 1293 1293 0 0 0 970 0 193 0 1063 0 1293 0 0 0
1482 0 299 51 348 1924 1598 1924 0 1275 0 2 696 697 1924 0 0 0 1924 1924 0 237 1924 1924 799 1924 1412 0 1924 118 1410 1924 1718 0 539 1638 1007 0 1249 0 0 874 118 0 0 0 1924 1785 1924 0 0 209 1924 4 1924 0 1924 1924 1924
1482 0 299 51 348 1924 1598 1924 0 1275 0 2 696 697 1924 0 0 0 1924 1924 0 237 1924 1924 799 1924 1412 0 1924 118 1410 1924 1718 0 539 1638 1007 0 1249 0 0 874 118 0 0 0 1924 1785 1924 0 0 209 1924 4 1924 0 1924 1924 1924
0 1924 0 0 0 0 326 0 0 0 1924 1614 1228 1227 0 0 1924 1293 0 0 1924 0 0 0 1125 0 0 1924 0 0 106 0 0 1924 0 286 287 1924 0 0 1924 1050 0 0 1924 1924 0 134 0 1601 0 192 0 1694 0 1924 0 0 0
84 0 28 7 75 237 107 237 20 141 0 33 0 0 237 1 0 16 237 237 0 1924 237 237 0 237 283 0 237 34 237 237 261 0 146 237 249 0 44 47 0 0 90 0 0 0 237 237 237 4 36 60 237 3 237 0 237 237 237
1482 0 299 51 348 1924 1598 1924 0 1275 0 2 696 697 1924 0 0 0 1924 1924 0 237 1924 1924 799 1924 1412 0 1924 118 1410 1924 1718 0 539 1638 1007 0 1249 0 0 874 118 0 0 0 1924 1785 1924 0 0 209 1924 4 1924 0 1924 1924 1924
1482 0 299 51 348 1924 1598 1924 0 1275 0 2 696 697 1924 0 0 0 1924 1924 0 237 1924 1924 799 1924 1412 0 1924 118 1410 1924 1718 0 539 1638 1007 0 1249 0 0 874 118 0 0 0 1924 1785 1924 0 0 209 1924 4 1924 0 1924 1924 1924
799 1125 173 0 309 799 1125 799 0 578 1125 815 1693 1358 799 0 1125 1125 799 799 1125 0 799 799 1924 799 372 1125 799 40 368 799 593 1125 181 513 1 1125 799 0 1125 1849 0 0 1125 1125 799 660 799 802 0 192 799 895 799 1125 799 799 799
1482 0 299 51 348 1924 1598 1924 0 1275 0 2 696 697 1924 0 0 0 1924 1924 0 237 1924 1924 799 1924 1412 0 1924 118 1410 1924 1718 0 539 1638 1007 0 1249 0 0 874 118 0 0 0 1924 1785 1924 0 0 209 1924 4 1924 0 1924 1924 1924
970 0 299 51 397 1412 1086 1412 0 848 0 2 386 471 1412 0 0 31 1412 1412 0 283 1412 1412 372 1412 1924 0 1412 89 1027 1412 1267 0 421 1408 921 0 737 31 0 390 125 0 0 0 1412 1412 1412 0 0 209 1412 4 1412 0 1412 1412 1412
0 1924 0 0 0 0 326 0 0 0 1924 1614 1228 1227 0 0 1924 1293 0 0 1924 0 0 0 1125 0 0 1924 0 0 106 0 0 1924 0 286 287 1924 0 0 1924 1050 0 0 1924 1924 0 134 0 1601 0 192 0 1694 0 1924 0 0 0
1482 0 299 51 348 1924 1598 1924 0 1275 0 2 696 697 1924 0 0 0 1924 1924 0 237 1924 1924 799 1924 1412 0 1924 118 1410 1924 1718 0 539 1638 1007 0 1249 0 0 874 118 0 0 0 1924 1785 1924 0 0 209 1924 4 1924 0 1924 1924 1924
121 0 590 99 80 118 118 118 0 107 0 0 104 118 118 5 0 205 118 118 0 34 118 118 40 118 89 0 118 1924 3 118 143 0 909 118 68 0 122 328 0 115 922 104 0 0 118 118 118 3 721 222 118 5 118 0 118 118 118
968 106 137 51 85 1410 1084 1410 0 1108 106 108 201 396 1410 0 106 3 1410 1410 106 237 1410 1410 368 1410 1027 106 1410 3 1924 1410 1420 106 505 1124 1247 106 735 14 106 368 128 0 106 106 1410 1271 1410 106 0 500 1410 110 1410 106 1410 1410 1410
1482 0 299 51 348 1924 1598 1924 0 1275 0 2 696 697 1924 0 0 0 1924 1924 0 237 1924 1924 799 1924 1412 0 1924 118 1410 1924 1718 0 539 1638 1007 0 1249 0 0 874 118 0 0 0 1924 1785 1924 0 0 209 1924 4 1924 0 1924 1924 1924
1276 0 300 67 276 1718 1392 1718 0 1069 0 2 490 596 1718 5 0 17 1718 1718 0 261 1718 1718 593 1718 1267 0 1718 143 1420 1718 1924 0 497 1432 1045 0 1043 25 0 668 124 5 0 0 1718 1579 1718 0 1 212 1718 4 1718 0 1718 1718 1718
0 1924 0 0 0 0 326 0 0 0 1924 1614 1228 1227 0 0 1924 1293 0 0 1924 0 0 0 1125 0 0 1924 0 0 106 0 0 1924 0 286 287 1924 0 0 1924 1050 0 0 1924 1924 0 134 0 1601 0 192 0 1694 0 1924 0 0 0
297 0 546 51 52 539 213 539 0 688 0 2 181 137 539 0 0 152 539 539 0 146 539 539 181 539 421 0 539 909 505 539 497 0 1924 402 358 0 185 20 0 181 864 0 0 0 539 403 539 0 361 377 539 4 539 0 539 539 539
1196 286 299 51 348 1638 1312 1638 0 989 286 288 702 701 1638 0 286 0 1638 1638 286 237 1638 1638 513 1638 1408 286 1638 118 1124 1638 1432 286 402 1924 1293 286 963 0 286 588 118 0 286 286 1638 1772 1638 286 0 209 1638 290 1638 286 1638 1638 1638
565 287 129 25 78 1007 761 1007 5 634 287 287 196 363 1007 0 287 31 1007 1007 287 249 1007 1007 1 1007 921 287 1007 68 1247 1007 1045 287 358 1293 1924 287 452 41 287 61 124 5 287 287 1007 1141 1007 292 4 338 1007 291 1007 287 1007 1007 1007
0 1924 0 0 0 0 326 0 0 0 1924 1614 1228 1227 0 0 1924 1293 0 0 1924 0 0 0 1125 0 0 1924 0 0 106 0 0 1924 0 286 287 1924 0 0 1924 1050 0 0 1924 1924 0 134 0 1601 0 192 0 1694 0 1924 0 0 0
1257 0 396 2 457 1249 1249 1249 0 770 0 0 696 697 1249 0 0 0 1249 1249 0 44 1249 1249 799 1249 737 0 1249 122 735 1249 1043 0 185 963 452 0 1924 5 0 874 30 60 0 0 1249 1110 1249 0 61 51 1249 0 1249 0 1249 1249 1249
30 0 202 13 521 0 0 0 0 3 0 2 0 0 0 0 0 253 0 0 0 47 0 0 0 0 31 0 0 328 14 0 25 0 20 0 41 0 5 1924 0 0 361 3 0 0 0 5 0 3 0 71 0 2 0 0 0 0 0
0 1924 0 0 0 0 326 0 0 0 1924 1614 1228 1227 0 0 1924 1293 0 0 1924 0 0 0 1125 0 0 1924 0 0 106 0 0 1924 0 286 287 1924 0 0 1924 1050 0 0 1924 1924 0 134 0 1601 0 192 0 1694 0 1924 0 0 0
874 1050 173 0 310 874 1200 874 0 578 1050 740 1746 1433 874 0 1050 1050 874 874 1050 0 874 874 1849 874 390 1050 874 115 368 874 668 1050 181 588 61 1050 874 0 1050 1924 0 0 1050 1050 874 735 874 727 0 192 874 820 874 1050 874 874 874
82 0 391 38 54 118 64 118 0 230 0 0 0 0 118 39 0 0 118 118 0 90 118 118 0 118 125 0 118 922 128 118 124 0 864 118 124 0 30 361 0 0 1924 18 0 0 118 123 118 1 380 159 118 5 118 0 118 118 118
2 0 4 137 3 0 0 0 0 32 0 7 0 0 0 1444 0 0 0 0 0 0 0 0 0 0 0 0 0 104 0 0 5 0 0 0 5 0 60 3 0 0 18 1924 0 0 0 0 0 45 99 64 0 0 0 0 0 0 0
0 1924 0 0 0 0 326 0 0 0 1924 1614 1228 1227 0 0 1924 1293 0 0 1924 0 0 0 1125 0 0 1924 0 0 106 0 0 1924 0 286 287 1924 0 0 1924 1050 0 0 1924 1924 0 134 0 1601 0 192 0 1694 0 1924 0 0 0
0 1924 0 0 0 0 326 0 0 0 1924 1614 1228 1227 0 0 1924 1293 0 0 1924 0 0 0 1125 0 0 1924 0 0 106 0 0 1924 0 286 287 1924 0 0 1924 1050 0 0 1924 1924 0 134 0 1601 0 192 0 1694 0 1924 0 0 0
1482 0 299 51 348 1924 1598 1924 0 1275 0 2 696 697 1924 0 0 0 1924 1924 0 237 1924 1924 799 1924 1412 0 1924 118 1410 1924 1718 0 539 1638 1007 0 1249 0 0 874 118 0 0 0 1924 1785 1924 0 0 209 1924 4 1924 0 1924 1924 1924
1343 134 299 51 348 1785 1459 1785 0 1136 134 136 557 558 1785 0 134 0 1785 1785 134 237 1785 1785 660 1785 1412 134 1785 118 1271 1785 1579 134 403 1772 1141 134 1110 5 134 735 123 0 134 134 1785 1924 1785 134 0 209 1785 138 1785 134 1785 1785 1785
1482 0 299 51 348 1924 1598 1924 0 1275 0 2 696 697 1924 0 0 0 1924 1924 0 237 1924 1924 799 1924 1412 0 1924 118 1410 1924 1718 0 539 1638 1007 0 1249 0 0 874 118 0 0 0 1924 1785 1924 0 0 209 1924 4 1924 0 1924 1924 1924
25 1601 0 2 3 0 3 0 0 0 1601 1608 905 904 0 10 1601 970 0 0 1601 4 0 0 802 0 0 1601 0 3 106 0 0 1601 0 286 292 1601 0 3 1601 727 1 45 1601 1601 0 134 0 1924 3 0 0 1755 0 1601 0 0 0
16 0 219 442 28 0 0 0 0 25 0 0 0 0 0 0 0 0 0 0 0 36 0 0 0 0 0 0 0 721 0 0 1 0 361 0 4 0 61 0 0 0 380 99 0 0 0 0 0 3 1924 159 0 5 0 0 0 0 0
195 192 77 97 218 209 267 209 0 252 192 2 192 192 209 64 192 193 209 209 192 60 209 209 192 209 209 192 209 222 500 209 212 192 377 209 338 192 51 71 192 192 159 64 192 192 209 209 209 0 159 1924 209 4 209 192 209 209 209
1482 0 299 51 348 1924 1598 1924 0 1275 0 2 696 697 1924 0 0 0 1924 1924 0 237 1924 1924 799 1924 1412 0 1924 118 1410 1924 1718 0 539 1638 1007 0 1249 0 0 874 118 0 0 0 1924 1785 1924 0 0 209 1924 4 1924 0 1924 1924 1924
3 1694 0 1 2 4 96 4 25 4 1694 1614 998 997 4 5 1694 1063 4 4 1694 3 4 4 895 4 4 1694 4 5 110 4 4 1694 4 290 291 1694 0 2 1694 820 5 0 1694 1694 4 138 4 1755 5 4 4 1924 4 1694 4 4 4
1482 0 299 51 348 1924 1598 1924 0 1275 0 2 696 697 1924 0 0 0 1924 1924 0 237 1924 1924 799 1924 1412 0 1924 118 1410 1924 1718 0 539 1638 1007 0 1249 0 0 874 118 0 0 0 1924 1785 1924 0 0 209 1924 4 1924 0 1924 1924 1924
0 1924 0 0 0 0 326 0 0 0 1924 1614 1228 1227 0 0 1924 1293 0 0 1924 0 0 0 1125 0 0 1924 0 0 106 0 0 1924 0 286 287 1924 0 0 1924 1050 0 0 1924 1924 0 134 0 1601 0 192 0 1694 0 1924 0 0 0
1482 0 299 51 348 1924 1598 1924 0 1275 0 2 696 697 1924 0 0 0 1924 1924 0 237 1924 1924 799 1924 1412 0 1924 118 1410 1924 1718 0 539 1638 1007 0 1249 0 0 874 118 0 0 0 1924 1785 1924 0 0 209 1924 4 1924 0 1924 1924 1924
1482 0 299 51 348 1924 1598 1924 0 1275 0 2 696 697 1924 0 0 0 1924 1924 0 237 1924 1924 799 1924 1412 0 1924 118 1410 1924 1718 0 539 1638 1007 0 1249 0 0 874 118 0 0 0 1924 1785 1924 0 0 209 1924 4 1924 0 1924 1924 1924
1482 0 299 51 348 1924 1598 1924 0 1275 0 2 696 697 1924 0 0 0 1924 1924 0 237 1924 1924 799 1924 1412 0 1924 118 1410 1924 1718 0 539 1638 1007 0 1249 0 0 874 118 0 0 0 1924 1785 1924 0 0 209 1924 4 1924 0 1924 1924 1924
