3029 1486 72 479 0 931 107 1142 0 1116 283 472 0 0 197 519 71 387 483 109 1423 232 515 1312 1284 0 65 94 2268 208 0 100 0 808 1021 0 0 2268 2268 194 0 0 0 985 1420 0 0 0 1505 2268 0 0 0 2164 0 0 2268 0 520
1486 3029 137 181 98 824 434 1101 22 701 259 539 98 0 220 401 174 62 521 123 1079 129 373 655 1132 98 387 105 1642 73 98 201 98 469 271 8 98 1642 1642 87 98 98 98 576 1069 98 14 98 1230 1642 120 98 98 1535 98 98 1642 98 395
72 137 3029 206 0 1 516 163 0 28 162 317 0 0 8 287 113 614 73 36 238 67 236 38 4 0 308 6 0 737 0 0 0 15 19 0 0 0 0 0 0 0 0 81 30 0 0 0 115 0 26 0 0 0 0 0 0 0 31
479 181 206 3029 0 159 255 569 0 40 489 170 0 0 0 281 9 1971 42 13 464 313 585 66 167 0 1 446 159 298 0 0 0 15 636 0 0 159 159 5 0 0 0 0 256 0 0 0 1129 159 26 0 0 159 0 0 159 0 337
0 98 0 0 3029 0 18 28 0 121 1236 118 3029 0 334 0 54 0 17 49 16 956 178 77 1398 3029 1152 40 0 1333 3029 0 3029 77 4 960 2728 0 0 0 3029 3029 3029 249 4 3029 1678 3029 0 0 676 2287 3029 0 3029 3029 0 2457 30
931 824 1 159 0 3029 81 782 0 90 186 186 0 0 0 99 0 60 283 87 902 35 208 29 738 0 0 257 737 1 0 2 0 95 33 0 0 737 737 2289 0 0 0 95 962 0 0 0 780 737 217 0 0 1091 0 0 737 0 296
107 434 516 255 18 81 3029 32 31 170 432 279 18 0 68 287 571 342 11 65 400 214 385 237 34 18 878 137 137 2 18 103 18 147 35 18 18 137 137 139 18 18 18 160 64 18 18 18 75 137 307 18 18 161 18 18 137 18 9
1142 1101 163 569 28 782 32 3029 57 227 135 375 28 27 46 71 42 67 864 334 1077 32 214 186 1063 28 3 494 1173 3 28 0 28 333 258 46 28 1173 1173 45 28 28 28 240 1117 28 100 28 1131 1173 32 28 28 1173 28 28 1173 28 346
0 22 0 0 0 0 31 57 3029 22 47 9 0 0 229 32 0 0 334 48 263 246 0 136 2 0 0 117 0 29 0 0 0 941 524 0 0 0 0 0 0 0 0 559 297 0 0 0 46 0 4 0 0 21 0 0 0 0 121
1116 701 28 40 121 90 170 227 22 3029 76 301 121 172 366 1177 91 43 153 18 143 61 368 1524 126 121 215 151 1621 0 121 621 121 617 369 121 121 1621 1621 0 121 121 121 1118 208 121 121 121 302 1621 149 121 121 1428 121 121 1621 121 324
283 259 162 489 1236 186 432 135 47 76 3029 219 1236 0 291 106 119 456 114 84 239 1056 261 159 1316 1236 1311 135 159 1252 1236 41 1236 155 200 70 935 159 159 270 1236 1236 1236 33 230 1236 282 1236 303 159 43 494 1236 241 1236 1236 159 664 230
472 539 317 170 118 186 279 375 9 301 219 3029 118 31 55 464 66 74 162 38 445 83 98 192 416 118 110 170 407 331 118 887 118 142 565 8 118 407 407 5 118 118 118 157 316 118 8 118 340 407 215 94 118 412 118 118 407 118 416
0 98 0 0 3029 0 18 28 0 121 1236 118 3029 0 334 0 54 0 17 49 16 956 178 77 1398 3029 1152 40 0 1333 3029 0 3029 77 4 960 2728 0 0 0 3029 3029 3029 249 4 3029 1678 3029 0 0 676 2287 3029 0 3029 3029 0 2457 30
0 0 0 0 0 0 0 27 0 172 0 31 0 3029 134 0 688 0 130 239 18 44 31 15 32 0 15 0 0 0 0 0 0 0 0 0 0 0 0 0 0 0 0 0 0 0 244 0 0 0 0 5 0 0 0 0 0 0 190
197 220 8 0 334 0 68 46 229 366 291 55 334 134 3029 600 127 1 48 108 181 294 295 221 300 334 335 158 231 308 334 881 334 97 271 34 55 231 231 0 334 334 334 213 212 334 55 334 185 231 85 55 334 285 334 334 231 55 98
519 401 287 281 0 99 287 71 32 1177 106 464 0 0 600 3029 55 108 76 14 29 18 349 585 26 0 173 47 584 0 0 1552 0 340 248 0 0 584 584 97 0 0 0 427 6 0 0 0 103 584 67 0 0 606 0 0 584 0 291
71 174 113 9 54 0 571 42 0 91 119 66 54 688 127 55 3029 86 99 242 124 81 55 71 73 54 29 86 71 0 54 34 54 512 64 44 54 71 71 0 54 54 54 97 42 54 261 54 45 71 342 86 54 71 54 54 71 54 40
387 62 614 1971 0 60 342 67 0 43 456 74 0 0 1 108 86 3029 59 13 356 398 651 70 60 0 0 33 55 345 0 2 0 6 627 0 0 55 55 14 0 0 0 51 149 0 0 0 1153 55 373 0 0 55 0 0 55 0 512
483 521 73 42 17 283 11 864 334 153 114 162 17 130 48 76 99 59 3029 283 510 263 152 151 507 17 13 226 514 9 17 49 17 419 160 253 13 514 514 131 17 17 17 96 485 17 31 17 486 514 38 11 17 514 17 17 514 10 352
109 123 36 13 49 87 65 334 48 18 84 38 49 239 108 14 242 13 283 3029 130 102 33 40 199 49 123 426 129 105 49 14 49 96 203 117 66 129 129 39 49 49 49 123 167 49 68 49 129 129 386 119 49 129 49 49 129 49 227
1423 1079 238 464 16 902 400 1077 263 143 239 445 16 18 181 29 124 356 510 130 3029 329 576 306 1267 16 26 152 1293 317 16 1 16 599 707 192 79 1293 1293 165 16 16 16 207 1386 16 8 16 1461 1293 103 192 16 1308 16 16 1293 105 479
232 129 67 313 956 35 214 32 246 61 1056 83 956 44 294 18 81 398 263 102 329 3029 373 288 822 956 703 153 88 1177 956 8 956 150 368 338 655 88 88 174 956 956 956 264 67 956 427 956 324 88 147 214 956 60 956 956 88 384 340
515 373 236 585 178 208 385 214 0 368 261 98 178 31 295 349 55 651 152 33 576 373 3029 867 723 178 388 51 1017 248 178 97 178 953 354 81 68 1017 1017 160 178 178 178 31 898 178 50 178 434 1017 56 81 178 507 178 178 1017 278 421
1312 655 38 66 77 29 237 186 136 1524 159 192 77 15 221 585 71 70 151 40 306 288 867 3029 395 77 172 310 2042 0 77 1 77 1072 560 58 77 2042 2042 321 77 77 77 1246 501 77 77 77 367 2042 150 77 77 1532 77 77 2042 77 33
1284 1132 4 167 1398 738 34 1063 2 126 1316 416 1398 32 300 26 73 60 507 199 1267 822 723 395 3029 1398 1154 107 1382 1334 1398 26 1398 668 422 0 1097 1382 1382 1 1398 1398 1398 97 1363 1398 322 1398 1162 1382 88 656 1398 1194 1398 1398 1382 826 368
0 98 0 0 3029 0 18 28 0 121 1236 118 3029 0 334 0 54 0 17 49 16 956 178 77 1398 3029 1152 40 0 1333 3029 0 3029 77 4 960 2728 0 0 0 3029 3029 3029 249 4 3029 1678 3029 0 0 676 2287 3029 0 3029 3029 0 2457 30
65 387 308 1 1152 0 878 3 0 215 1311 110 1152 15 335 173 29 0 13 123 26 703 388 172 1154 1152 3029 79 172 1166 1152 0 1152 192 8 97 1046 172 172 0 1152 1152 1152 5 88 1152 212 1152 1 172 9 605 1152 61 1152 1152 172 678 19
94 105 6 446 40 257 137 494 117 151 135 170 40 0 158 47 86 33 226 426 152 153 51 310 107 40 79 3029 94 23 40 75 40 187 155 160 40 94 94 412 40 40 40 295 16 40 248 40 89 94 1178 40 40 94 40 40 94 40 119
2268 1642 0 159 0 737 137 1173 0 1621 159 407 0 0 231 584 71 55 514 129 1293 88 1017 2042 1382 0 172 94 3029 0 0 0 0 1374 696 0 0 3029 3029 0 0 0 0 1168 1488 0 0 0 1354 3029 34 0 0 2519 0 0 3029 0 357
208 73 737 298 1333 1 2 3 29 0 1252 331 1333 0 308 0 0 345 9 105 317 1177 248 0 1334 1333 1166 23 0 3029 1333 0 1333 8 317 0 1032 0 0 0 1333 1333 1333 63 21 1333 212 1333 298 0 9 591 1333 0 1333 1333 0 761 323
0 98 0 0 3029 0 18 28 0 121 1236 118 3029 0 334 0 54 0 17 49 16 956 178 77 1398 3029 1152 40 0 1333 3029 0 3029 77 4 960 2728 0 0 0 3029 3029 3029 249 4 3029 1678 3029 0 0 676 2287 3029 0 3029 3029 0 2457 30
100 201 0 0 0 2 103 0 0 621 41 887 0 0 881 1552 34 2 49 14 1 8 97 1 26 0 0 75 0 0 0 3029 0 24 293 0 0 0 0 0 0 0 0 1 0 0 0 0 39 0 78 0 0 2 0 0 0 0 291
0 98 0 0 3029 0 18 28 0 121 1236 118 3029 0 334 0 54 0 17 49 16 956 178 77 1398 3029 1152 40 0 1333 3029 0 3029 77 4 960 2728 0 0 0 3029 3029 3029 249 4 3029 1678 3029 0 0 676 2287 3029 0 3029 3029 0 2457 30
808 469 15 15 77 95 147 333 941 617 155 142 77 0 97 340 512 6 419 96 599 150 953 1072 668 77 192 187 1374 8 77 24 77 3029 730 77 77 1374 1374 5 77 77 77 199 668 77 77 77 486 1374 95 77 77 864 77 77 1374 77 361
1021 271 19 636 4 33 35 258 524 369 200 565 4 0 271 248 64 627 160 203 707 368 354 560 422 4 8 155 696 317 4 293 4 730 3029 4 4 696 696 33 4 4 4 299 560 4 4 4 1011 696 123 4 4 637 4 4 696 4 624
0 8 0 0 960 0 18 46 0 121 70 8 960 0 34 0 44 0 253 117 192 338 81 58 0 960 97 160 0 0 960 0 960 77 4 3029 1255 0 0 0 960 960 960 686 332 960 1136 960 0 0 669 1689 960 0 960 960 0 970 277
0 98 0 0 2728 0 18 28 0 121 935 118 2728 0 55 0 54 0 13 66 79 655 68 77 1097 2728 1046 40 0 1032 2728 0 2728 77 4 1255 3029 0 0 0 2728 2728 2728 249 286 2728 1660 2728 0 0 676 2582 2728 0 2728 2728 0 2457 92
2268 1642 0 159 0 737 137 1173 0 1621 159 407 0 0 231 584 71 55 514 129 1293 88 1017 2042 1382 0 172 94 3029 0 0 0 0 1374 696 0 0 3029 3029 0 0 0 0 1168 1488 0 0 0 1354 3029 34 0 0 2519 0 0 3029 0 357
2268 1642 0 159 0 737 137 1173 0 1621 159 407 0 0 231 584 71 55 514 129 1293 88 1017 2042 1382 0 172 94 3029 0 0 0 0 1374 696 0 0 3029 3029 0 0 0 0 1168 1488 0 0 0 1354 3029 34 0 0 2519 0 0 3029 0 357
194 87 0 5 0 2289 139 45 0 0 270 5 0 0 0 97 0 14 131 39 165 174 160 321 1 0 0 412 0 0 0 0 0 5 33 0 0 0 0 3029 0 0 0 26 225 0 0 0 43 0 217 0 0 354 0 0 0 0 330
0 98 0 0 3029 0 18 28 0 121 1236 118 3029 0 334 0 54 0 17 49 16 956 178 77 1398 3029 1152 40 0 1333 3029 0 3029 77 4 960 2728 0 0 0 3029 3029 3029 249 4 3029 1678 3029 0 0 676 2287 3029 0 3029 3029 0 2457 30
0 98 0 0 3029 0 18 28 0 121 1236 118 3029 0 334 0 54 0 17 49 16 956 178 77 1398 3029 1152 40 0 1333 3029 0 3029 77 4 960 2728 0 0 0 3029 3029 3029 249 4 3029 1678 3029 0 0 676 2287 3029 0 3029 3029 0 2457 30
0 98 0 0 3029 0 18 28 0 121 1236 118 3029 0 334 0 54 0 17 49 16 956 178 77 1398 3029 1152 40 0 1333 3029 0 3029 77 4 960 2728 0 0 0 3029 3029 3029 249 4 3029 1678 3029 0 0 676 2287 3029 0 3029 3029 0 2457 30
985 576 81 0 249 95 160 240 559 1118 33 157 249 0 213 427 97 51 96 123 207 264 31 1246 97 249 5 295 1168 63 249 1 249 199 299 686 249 1168 1168 26 249 249 249 3029 203 249 250 249 295 1168 393 249 249 1168 249 249 1168 249 59
1420 1069 30 256 4 962 64 1117 297 208 230 316 4 0 212 6 42 149 485 167 1386 67 898 501 1363 4 88 16 1488 21 4 0 4 668 560 332 286 1488 1488 225 4 4 4 203 3029 4 20 4 1349 1488 0 332 4 1309 4 4 1488 241 505
0 98 0 0 3029 0 18 28 0 121 1236 118 3029 0 334 0 54 0 17 49 16 956 178 77 1398 3029 1152 40 0 1333 3029 0 3029 77 4 960 2728 0 0 0 3029 3029 3029 249 4 3029 1678 3029 0 0 676 2287 3029 0 3029 3029 0 2457 30
0 14 0 0 1678 0 18 100 0 121 282 8 1678 244 55 0 261 0 31 68 8 427 50 77 322 1678 212 248 0 212 1678 0 1678 77 4 1136 1660 0 0 0 1678 1678 1678 250 20 1678 3029 1678 0 0 963 1627 1678 0 1678 1678 0 1474 40
0 98 0 0 3029 0 18 28 0 121 1236 118 3029 0 334 0 54 0 17 49 16 956 178 77 1398 3029 1152 40 0 1333 3029 0 3029 77 4 960 2728 0 0 0 3029 3029 3029 249 4 3029 1678 3029 0 0 676 2287 3029 0 3029 3029 0 2457 30
1505 1230 115 1129 0 780 75 1131 46 302 303 340 0 0 185 103 45 1153 486 129 1461 324 434 367 1162 0 1 89 1354 298 0 39 0 486 1011 0 0 1354 1354 43 0 0 0 295 1349 0 0 0 3029 1354 150 0 0 1368 0 0 1354 0 710
2268 1642 0 159 0 737 137 1173 0 1621 159 407 0 0 231 584 71 55 514 129 1293 88 1017 2042 1382 0 172 94 3029 0 0 0 0 1374 696 0 0 3029 3029 0 0 0 0 1168 1488 0 0 0 1354 3029 34 0 0 2519 0 0 3029 0 357
0 120 26 26 676 217 307 32 4 149 43 215 676 0 85 67 342 373 38 386 103 147 56 150 88 676 9 1178 34 9 676 78 676 95 123 669 676 34 34 217 676 676 676 393 0 676 963 676 150 34 3029 676 676 34 676 676 34 676 94
0 98 0 0 2287 0 18 28 0 121 494 94 2287 5 55 0 86 0 11 119 192 214 81 77 656 2287 605 40 0 591 2287 0 2287 77 4 1689 2582 0 0 0 2287 2287 2287 249 332 2287 1627 2287 0 0 676 3029 2287 0 2287 2287 0 2297 295
0 98 0 0 3029 0 18 28 0 121 1236 118 3029 0 334 0 54 0 17 49 16 956 178 77 1398 3029 1152 40 0 1333 3029 0 3029 77 4 960 2728 0 0 0 3029 3029 3029 249 4 3029 1678 3029 0 0 676 2287 3029 0 3029 3029 0 2457 30
2164 1535 0 159 0 1091 161 1173 21 1428 241 412 0 0 285 606 71 55 514 129 1308 60 507 1532 1194 0 61 94 2519 0 0 2 0 864 637 0 0 2519 2519 354 0 0 0 1168 1309 0 0 0 1368 2519 34 0 0 3029 0 0 2519 0 455
0 98 0 0 3029 0 18 28 0 121 1236 118 3029 0 334 0 54 0 17 49 16 956 178 77 1398 3029 1152 40 0 1333 3029 0 3029 77 4 960 2728 0 0 0 3029 3029 3029 249 4 3029 1678 3029 0 0 676 2287 3029 0 3029 3029 0 2457 30
0 98 0 0 3029 0 18 28 0 121 1236 118 3029 0 334 0 54 0 17 49 16 956 178 77 1398 3029 1152 40 0 1333 3029 0 3029 77 4 960 2728 0 0 0 3029 3029 3029 249 4 3029 1678 3029 0 0 676 2287 3029 0 3029 3029 0 2457 30
2268 1642 0 159 0 737 137 1173 0 1621 159 407 0 0 231 584 71 55 514 129 1293 88 1017 2042 1382 0 172 94 3029 0 0 0 0 1374 696 0 0 3029 3029 0 0 0 0 1168 1488 0 0 0 1354 3029 34 0 0 2519 0 0 3029 0 357
0 98 0 0 2457 0 18 28 0 121 664 118 2457 0 55 0 54 0 10 49 105 384 278 77 826 2457 678 40 0 761 2457 0 2457 77 4 970 2457 0 0 0 2457 2457 2457 249 241 2457 1474 2457 0 0 676 2297 2457 0 2457 2457 0 3029 28
520 395 31 337 30 296 9 346 121 324 230 416 30 190 98 291 40 512 352 227 479 340 421 33 368 30 19 119 357 323 30 291 30 361 624 277 92 357 357 330 30 30 30 59 505 30 40 30 710 357 94 295 30 455 30 30 357 28 3029
