1892 30 45 80 79 26 79 26 26 82 79 79 39 18 79 68 79 79 59 26 26 50 56 18 30 101 26 4 79 26 79 50 94 26 107 26 26 114 26 26 26 21 56 60 26 80 26 51 35 73 26 26 79 26 62 26 79 26 80
30 1892 337 1 154 1593 154 1593 1593 188 154 9 730 669 154 165 154 154 210 1593 1549 943 8 7 438 27 1203 303 154 1593 154 873 715 1593 795 1593 1593 195 1093 833 1593 710 236 469 1593 4 1744 836 2 843 1593 1593 154 1593 531 1593 154 1593 154
45 337 1892 0 0 337 0 337 337 24 0 5 220 220 0 0 0 0 47 337 337 337 3 432 145 17 337 99 0 337 0 110 144 337 265 337 337 138 337 289 337 231 84 170 337 19 337 187 8 117 337 337 0 337 133 337 0 337 0
80 1 0 1892 1195 4 1195 4 4 1172 1195 947 208 276 1195 747 1195 1195 415 4 48 287 73 73 93 179 10 153 1195 4 1195 22 649 4 15 4 4 87 4 4 4 75 52 26 4 1123 9 4 279 30 4 4 1195 4 0 4 1195 4 1231
79 154 0 1195 1892 0 1892 0 0 1803 1892 943 204 272 1892 1444 1892 1892 1112 0 44 283 72 73 89 32 6 20 1892 0 1892 163 645 0 11 0 0 264 0 0 0 71 7 79 0 1608 221 0 279 4 0 0 1892 0 291 0 1892 0 1831
26 1593 337 4 0 1892 0 1892 1892 34 0 231 1029 968 0 11 0 0 56 1892 1848 1242 7 131 737 26 1502 265 0 1892 0 808 1014 1892 1094 1892 1892 107 1392 1132 1892 1009 535 443 1892 0 1671 1105 0 738 1892 1892 0 1892 430 1892 0 1892 0
79 154 0 1195 1892 0 1892 0 0 1803 1892 943 204 272 1892 1444 1892 1892 1112 0 44 283 72 73 89 32 6 20 1892 0 1892 163 645 0 11 0 0 264 0 0 0 71 7 79 0 1608 221 0 279 4 0 0 1892 0 291 0 1892 0 1831
26 1593 337 4 0 1892 0 1892 1892 34 0 231 1029 968 0 11 0 0 56 1892 1848 1242 7 131 737 26 1502 265 0 1892 0 808 1014 1892 1094 1892 1892 107 1392 1132 1892 1009 535 443 1892 0 1671 1105 0 738 1892 1892 0 1892 430 1892 0 1892 0
26 1593 337 4 0 1892 0 1892 1892 34 0 231 1029 968 0 11 0 0 56 1892 1848 1242 7 131 737 26 1502 265 0 1892 0 808 1014 1892 1094 1892 1892 107 1392 1132 1892 1009 535 443 1892 0 1671 1105 0 738 1892 1892 0 1892 430 1892 0 1892 0
82 188 24 1172 1803 34 1803 34 34 1892 1803 943 238 306 1803 1355 1803 1803 1023 34 78 317 72 73 99 32 40 40 1803 34 1803 167 679 34 45 34 34 264 34 34 34 105 7 88 34 1519 255 11 282 10 34 34 1803 34 302 34 1803 34 1757
79 154 0 1195 1892 0 1892 0 0 1803 1892 943 204 272 1892 1444 1892 1892 1112 0 44 283 72 73 89 32 6 20 1892 0 1892 163 645 0 11 0 0 264 0 0 0 71 7 79 0 1608 221 0 279 4 0 0 1892 0 291 0 1892 0 1831
79 9 5 947 943 231 943 231 231 943 943 1892 416 486 943 553 943 943 206 231 275 514 71 197 310 32 237 51 943 231 943 245 992 231 242 231 231 106 231 231 231 245 317 44 231 943 10 533 279 194 231 231 943 231 0 231 943 231 945
39 730 220 208 204 1029 204 1029 1029 238 204 416 1892 1343 204 42 204 204 133 1029 1029 1033 5 158 598 33 913 130 204 1029 204 150 777 1029 1021 1029 1029 93 899 900 1029 919 588 267 1029 204 808 411 36 150 1029 1029 204 1029 144 1029 204 1029 204
18 669 220 276 272 968 272 968 968 306 272 486 1343 1892 272 110 272 272 96 968 1012 1083 5 124 640 86 946 96 272 968 272 88 849 968 900 968 968 66 892 892 968 940 537 256 968 272 747 349 83 113 968 968 272 968 82 968 272 968 272
79 154 0 1195 1892 0 1892 0 0 1803 1892 943 204 272 1892 1444 1892 1892 1112 0 44 283 72 73 89 32 6 20 1892 0 1892 163 645 0 11 0 0 264 0 0 0 71 7 79 0 1608 221 0 279 4 0 0 1892 0 291 0 1892 0 1831
68 165 0 747 1444 11 1444 11 11 1355 1444 553 42 110 1444 1892 1444 1444 981 11 55 127 48 337 58 9 11 5 1444 11 1444 163 542 11 43 11 11 312 11 11 11 3 9 147 11 1160 232 2 279 15 11 11 1444 11 291 11 1444 11 1383
79 154 0 1195 1892 0 1892 0 0 1803 1892 943 204 272 1892 1444 1892 1892 1112 0 44 283 72 73 89 32 6 20 1892 0 1892 163 645 0 11 0 0 264 0 0 0 71 7 79 0 1608 221 0 279 4 0 0 1892 0 291 0 1892 0 1831
79 154 0 1195 1892 0 1892 0 0 1803 1892 943 204 272 1892 1444 1892 1892 1112 0 44 283 72 73 89 32 6 20 1892 0 1892 163 645 0 11 0 0 264 0 0 0 71 7 79 0 1608 221 0 279 4 0 0 1892 0 291 0 1892 0 1831
59 210 47 415 1112 56 1112 56 56 1023 1112 206 133 96 1112 981 1112 1112 1892 56 56 218 16 0 94 103 42 33 1112 56 1112 191 229 56 243 56 56 255 43 41 56 54 77 91 56 828 277 54 36 310 56 56 1112 56 312 56 1112 56 1051
26 1593 337 4 0 1892 0 1892 1892 34 0 231 1029 968 0 11 0 0 56 1892 1848 1242 7 131 737 26 1502 265 0 1892 0 808 1014 1892 1094 1892 1892 107 1392 1132 1892 1009 535 443 1892 0 1671 1105 0 738 1892 1892 0 1892 430 1892 0 1892 0
26 1549 337 48 44 1848 44 1848 1848 78 44 275 1029 1012 44 55 44 44 56 1848 1892 1238 7 131 737 26 1458 221 44 1848 44 764 1058 1848 1094 1848 1848 63 1392 1132 1848 1009 535 399 1848 44 1627 1061 33 738 1848 1848 44 1848 386 1848 44 1848 44
50 943 337 287 283 1242 283 1242 1242 317 283 514 1033 1083 283 127 283 283 218 1242 1238 1892 8 131 698 32 1396 57 283 1242 283 158 1191 1242 1094 1242 1242 112 1218 1164 1242 1003 535 361 1242 283 1021 555 2 418 1242 1242 283 1242 54 1242 283 1242 283
56 8 3 73 72 7 72 7 7 72 72 71 5 5 72 48 72 72 16 7 7 8 1892 0 3 93 8 11 72 7 72 325 49 7 1 7 7 132 149 8 7 1 149 83 7 92 7 88 52 3 7 7 72 7 277 7 72 7 72
18 7 432 73 73 131 73 131 131 73 73 197 158 124 73 337 73 73 0 131 131 131 0 1892 136 8 131 3 73 131 73 0 139 131 172 131 131 41 131 131 131 131 155 89 131 73 7 131 9 14 131 131 73 131 0 131 73 131 73
30 438 145 93 89 737 89 737 737 99 89 310 598 640 89 58 89 89 94 737 737 698 3 136 1892 39 751 43 89 737 89 152 586 737 589 737 737 145 716 590 737 824 566 184 737 89 516 414 5 134 737 737 89 737 139 737 89 737 89
101 27 17 179 32 26 32 26 26 32 32 32 33 86 32 9 32 32 103 26 26 32 93 8 39 1892 22 206 32 26 32 26 42 26 37 26 26 190 26 0 26 1 206 11 26 32 26 26 2 51 26 26 32 26 8 26 32 26 38
26 1203 337 10 6 1502 6 1502 1502 40 6 237 913 946 6 11 6 6 42 1502 1458 1396 8 131 751 22 1892 118 6 1502 6 418 1020 1502 1094 1502 1502 110 1388 1132 1502 1009 535 405 1502 6 1281 784 0 629 1502 1502 6 1502 98 1502 6 1502 6
4 303 99 153 20 265 20 265 265 40 20 51 130 96 20 5 20 20 33 265 221 57 11 3 43 206 118 1892 20 265 20 280 29 265 29 265 265 435 243 32 265 27 37 471 265 20 262 351 11 196 265 265 20 265 244 265 20 265 20
79 154 0 1195 1892 0 1892 0 0 1803 1892 943 204 272 1892 1444 1892 1892 1112 0 44 283 72 73 89 32 6 20 1892 0 1892 163 645 0 11 0 0 264 0 0 0 71 7 79 0 1608 221 0 279 4 0 0 1892 0 291 0 1892 0 1831
26 1593 337 4 0 1892 0 1892 1892 34 0 231 1029 968 0 11 0 0 56 1892 1848 1242 7 131 737 26 1502 265 0 1892 0 808 1014 1892 1094 1892 1892 107 1392 1132 1892 1009 535 443 1892 0 1671 1105 0 738 1892 1892 0 1892 430 1892 0 1892 0
79 154 0 1195 1892 0 1892 0 0 1803 1892 943 204 272 1892 1444 1892 1892 1112 0 44 283 72 73 89 32 6 20 1892 0 1892 163 645 0 11 0 0 264 0 0 0 71 7 79 0 1608 221 0 279 4 0 0 1892 0 291 0 1892 0 1831
50 873 110 22 163 808 163 808 808 167 163 245 150 88 163 163 163 163 191 808 764 158 325 0 152 26 418 280 163 808 163 1892 185 808 12 808 808 173 308 48 808 18 4 141 808 43 927 1040 6 482 808 808 163 808 744 808 163 808 163
94 715 144 649 645 1014 645 1014 1014 679 645 992 777 849 645 542 645 645 229 1014 1058 1191 49 139 586 42 1020 29 645 1014 645 185 1892 1014 861 1014 1014 84 1014 899 1014 776 464 286 1014 645 793 764 279 655 1014 1014 645 1014 1 1014 645 1014 645
26 1593 337 4 0 1892 0 1892 1892 34 0 231 1029 968 0 11 0 0 56 1892 1848 1242 7 131 737 26 1502 265 0 1892 0 808 1014 1892 1094 1892 1892 107 1392 1132 1892 1009 535 443 1892 0 1671 1105 0 738 1892 1892 0 1892 430 1892 0 1892 0
107 795 265 15 11 1094 11 1094 1094 45 11 242 1021 900 11 43 11 11 243 1094 1094 1094 1 172 589 37 1094 29 11 1094 11 12 861 1094 1892 1094 1094 47 1094 1094 1094 1003 589 343 1094 11 873 414 1 592 1094 1094 11 1094 6 1094 11 1094 11
26 1593 337 4 0 1892 0 1892 1892 34 0 231 1029 968 0 11 0 0 56 1892 1848 1242 7 131 737 26 1502 265 0 1892 0 808 1014 1892 1094 1892 1892 107 1392 1132 1892 1009 535 443 1892 0 1671 1105 0 738 1892 1892 0 1892 430 1892 0 1892 0
26 1593 337 4 0 1892 0 1892 1892 34 0 231 1029 968 0 11 0 0 56 1892 1848 1242 7 131 737 26 1502 265 0 1892 0 808 1014 1892 1094 1892 1892 107 1392 1132 1892 1009 535 443 1892 0 1671 1105 0 738 1892 1892 0 1892 430 1892 0 1892 0
114 195 138 87 264 107 264 107 107 264 264 106 93 66 264 312 264 264 255 107 63 112 132 41 145 190 110 435 264 107 264 173 84 107 47 107 107 1892 136 38 107 277 60 282 107 73 262 118 0 6 107 107 264 107 192 107 264 107 264
26 1093 337 4 0 1392 0 1392 1392 34 0 231 899 892 0 11 0 0 43 1392 1392 1218 149 131 716 26 1388 243 0 1392 0 308 1014 1392 1094 1392 1392 136 1892 1133 1392 1031 535 634 1392 0 1171 749 0 608 1392 1392 0 1392 9 1392 0 1392 0
26 833 289 4 0 1132 0 1132 1132 34 0 231 900 892 0 11 0 0 41 1132 1132 1164 8 131 590 0 1132 32 0 1132 0 48 899 1132 1094 1132 1132 38 1133 1892 1132 1006 535 322 1132 0 911 484 7 348 1132 1132 0 1132 7 1132 0 1132 0
26 1593 337 4 0 1892 0 1892 1892 34 0 231 1029 968 0 11 0 0 56 1892 1848 1242 7 131 737 26 1502 265 0 1892 0 808 1014 1892 1094 1892 1892 107 1392 1132 1892 1009 535 443 1892 0 1671 1105 0 738 1892 1892 0 1892 430 1892 0 1892 0
21 710 231 75 71 1009 71 1009 1009 105 71 245 919 940 71 3 71 71 54 1009 1009 1003 1 131 824 1 1009 27 71 1009 71 18 776 1009 1003 1009 1009 277 1031 1006 1009 1892 535 243 1009 71 788 391 82 225 1009 1009 71 1009 28 1009 71 1009 71
56 236 84 52 7 535 7 535 535 7 7 317 588 537 7 9 7 7 77 535 535 535 149 155 566 206 535 37 7 535 7 4 464 535 589 535 535 60 535 535 535 535 1892 29 535 7 314 273 0 27 535 535 7 535 6 535 7 535 9
60 469 170 26 79 443 79 443 443 88 79 44 267 256 79 147 79 79 91 443 399 361 83 89 184 11 405 471 79 443 79 141 286 443 343 443 443 282 634 322 443 243 29 1892 443 25 481 271 71 234 443 443 79 443 196 443 79 443 79
26 1593 337 4 0 1892 0 1892 1892 34 0 231 1029 968 0 11 0 0 56 1892 1848 1242 7 131 737 26 1502 265 0 1892 0 808 1014 1892 1094 1892 1892 107 1392 1132 1892 1009 535 443 1892 0 1671 1105 0 738 1892 1892 0 1892 430 1892 0 1892 0
80 4 19 1123 1608 0 1608 0 0 1519 1608 943 204 272 1608 1160 1608 1608 828 0 44 283 92 73 89 32 6 20 1608 0 1608 43 645 0 11 0 0 73 0 0 0 71 7 25 0 1892 0 0 279 4 0 0 1608 0 287 0 1608 0 1547
26 1744 337 9 221 1671 221 1671 1671 255 221 10 808 747 221 232 221 221 277 1671 1627 1021 7 7 516 26 1281 262 221 1671 221 927 793 1671 873 1671 1671 262 1171 911 1671 788 314 481 1671 0 1892 884 0 738 1671 1671 221 1671 527 1671 221 1671 221
51 836 187 4 0 1105 0 1105 1105 11 0 533 411 349 0 2 0 0 54 1105 1061 555 88 131 414 26 784 351 0 1105 0 1040 764 1105 414 1105 1105 118 749 484 1105 391 273 271 1105 0 884 1892 0 748 1105 1105 0 1105 643 1105 0 1105 0
35 2 8 279 279 0 279 0 0 282 279 279 36 83 279 279 279 279 36 0 33 2 52 9 5 2 0 11 279 0 279 6 279 0 1 0 0 0 0 7 0 82 0 71 0 279 0 0 1892 1 0 0 279 0 0 0 279 0 279
73 843 117 30 4 738 4 738 738 10 4 194 150 113 4 15 4 4 310 738 738 418 3 14 134 51 629 196 4 738 4 482 655 738 592 738 738 6 608 348 738 225 27 234 738 4 738 748 1 1892 738 738 4 738 104 738 4 738 4
26 1593 337 4 0 1892 0 1892 1892 34 0 231 1029 968 0 11 0 0 56 1892 1848 1242 7 131 737 26 1502 265 0 1892 0 808 1014 1892 1094 1892 1892 107 1392 1132 1892 1009 535 443 1892 0 1671 1105 0 738 1892 1892 0 1892 430 1892 0 1892 0
26 1593 337 4 0 1892 0 1892 1892 34 0 231 1029 968 0 11 0 0 56 1892 1848 1242 7 131 737 26 1502 265 0 1892 0 808 1014 1892 1094 1892 1892 107 1392 1132 1892 1009 535 443 1892 0 1671 1105 0 738 1892 1892 0 1892 430 1892 0 1892 0
79 154 0 1195 1892 0 1892 0 0 1803 1892 943 204 272 1892 1444 1892 1892 1112 0 44 283 72 73 89 32 6 20 1892 0 1892 163 645 0 11 0 0 264 0 0 0 71 7 79 0 1608 221 0 279 4 0 0 1892 0 291 0 1892 0 1831
26 1593 337 4 0 1892 0 1892 1892 34 0 231 1029 968 0 11 0 0 56 1892 1848 1242 7 131 737 26 1502 265 0 1892 0 808 1014 1892 1094 1892 1892 107 1392 1132 1892 1009 535 443 1892 0 1671 1105 0 738 1892 1892 0 1892 430 1892 0 1892 0
62 531 133 0 291 430 291 430 430 302 291 0 144 82 291 291 291 291 312 430 386 54 277 0 139 8 98 244 291 430 291 744 1 430 6 430 430 192 9 7 430 28 6 196 430 287 527 643 0 104 430 430 291 430 1892 430 291 430 291
26 1593 337 4 0 1892 0 1892 1892 34 0 231 1029 968 0 11 0 0 56 1892 1848 1242 7 131 737 26 1502 265 0 1892 0 808 1014 1892 1094 1892 1892 107 1392 1132 1892 1009 535 443 1892 0 1671 1105 0 738 1892 1892 0 1892 430 1892 0 1892 0
79 154 0 1195 1892 0 1892 0 0 1803 1892 943 204 272 1892 1444 1892 1892 1112 0 44 283 72 73 89 32 6 20 1892 0 1892 163 645 0 11 0 0 264 0 0 0 71 7 79 0 1608 221 0 279 4 0 0 1892 0 291 0 1892 0 1831
26 1593 337 4 0 1892 0 1892 1892 34 0 231 1029 968 0 11 0 0 56 1892 1848 1242 7 131 737 26 1502 265 0 1892 0 808 1014 1892 1094 1892 1892 107 1392 1132 1892 1009 535 443 1892 0 1671 1105 0 738 1892 1892 0 1892 430 1892 0 1892 0
80 154 0 1231 1831 0 1831 0 0 1757 1831 945 204 272 1831 1383 1831 1831 1051 0 44 283 72 73 89 38 6 20 1831 0 1831 163 645 0 11 0 0 264 0 0 0 71 9 79 0 1547 221 0 279 4 0 0 1831 0 291 0 1831 0 1892
