2673 1367 0 1334 0 5 1677 254 253 2070 1878 91 0 0 293 158 157 0 2070 906 1851 758 787 2070 667 874 10 11 967 0 382 0 541 2044 2070 1102 0 1148 35 436 2070 0 755 154 16 255 0 0 1615 209 2070 0 2070 0 1633 0 2070 2070 319
1367 2673 1 1393 1 97 1057 44 146 1970 1543 133 1 0 148 200 270 1 1970 1462 1751 488 1066 1970 693 1016 0 32 952 1 478 1 602 1944 1970 1072 1 1053 95 278 1970 1 778 198 105 325 2 1 1491 292 1970 1 1970 1 1533 1 1970 1970 403
0 1 2673 366 2673 769 19 0 0 0 39 782 2673 0 295 0 384 2673 0 0 22 765 587 0 193 3 1401 1556 3 2673 74 2673 1918 0 0 5 2673 0 1 2 0 2673 0 625 2182 21 0 2673 0 405 0 2673 0 2673 0 2202 0 0 15
1334 1393 366 2673 366 371 1103 0 0 1877 1450 154 366 0 107 166 0 366 1877 907 1896 1299 1317 1877 277 1592 0 8 1439 366 19 366 49 1877 1877 541 366 1636 19 361 1877 366 1094 564 470 28 28 366 1877 273 1877 366 1877 366 1877 81 1877 1877 427
0 1 2673 366 2673 769 19 0 0 0 39 782 2673 0 295 0 384 2673 0 0 22 765 587 0 193 3 1401 1556 3 2673 74 2673 1918 0 0 5 2673 0 1 2 0 2673 0 625 2182 21 0 2673 0 405 0 2673 0 2673 0 2202 0 0 15
5 97 769 371 769 2673 95 10 9 5 13 214 769 0 76 10 54 769 5 0 27 661 222 5 228 8 114 271 8 769 743 769 14 5 5 154 769 5 156 7 5 769 5 731 950 185 211 769 5 724 5 769 5 769 5 298 5 5 128
1677 1057 19 1103 19 95 2673 49 12 1760 1722 103 19 0 122 158 171 19 1760 624 1658 761 600 1760 690 643 19 27 823 19 410 19 481 1734 1760 1086 19 946 41 299 1760 19 457 83 40 312 5 19 1435 231 1760 19 1760 19 1487 19 1760 1760 265
254 44 0 0 0 10 49 2673 581 0 18 65 0 0 623 1052 76 0 0 339 20 57 35 0 4 3 0 1 188 0 12 0 0 3 0 2 0 31 543 493 0 0 0 10 2 16 0 0 0 34 0 0 0 0 7 0 0 0 9
253 146 0 0 0 9 12 581 2673 0 4 544 0 0 804 121 816 0 0 421 1 26 18 0 73 7 0 11 290 0 4 0 0 23 0 73 0 144 64 1019 0 0 6 1 56 64 0 0 97 146 0 0 0 0 1 0 0 0 23
2070 1970 0 1877 0 5 1760 0 0 2673 2246 91 0 0 87 189 149 0 2673 1394 2454 888 1327 2673 667 1417 0 8 1510 0 385 0 601 2647 2673 1162 0 1655 19 361 2673 0 1094 198 104 255 0 0 2194 241 2673 0 2673 0 2236 0 2673 2673 420
1878 1543 39 1450 39 13 1722 18 4 2246 2673 130 39 24 91 120 188 39 2246 967 2027 598 900 2246 688 990 39 47 1170 39 371 39 640 2220 2246 1170 39 1228 24 348 2246 39 826 11 30 264 8 39 1767 280 2246 39 2246 39 1809 39 2246 2246 148
91 133 782 154 782 214 103 65 544 91 130 2673 782 344 67 31 813 782 91 60 113 221 132 91 197 143 646 700 336 782 103 782 715 114 91 34 782 201 66 309 91 782 43 167 291 246 6 782 64 174 91 782 91 782 64 662 91 91 4
0 1 2673 366 2673 769 19 0 0 0 39 782 2673 0 295 0 384 2673 0 0 22 765 587 0 193 3 1401 1556 3 2673 74 2673 1918 0 0 5 2673 0 1 2 0 2673 0 625 2182 21 0 2673 0 405 0 2673 0 2673 0 2202 0 0 15
0 0 0 0 0 0 0 0 0 0 24 344 0 2673 0 0 0 0 0 0 0 0 42 0 0 0 0 0 0 0 0 0 92 0 0 0 0 0 123 0 0 0 0 0 0 204 0 0 0 196 0 0 0 0 0 465 0 0 293
293 148 295 107 295 76 122 623 804 87 91 67 295 0 2673 425 55 295 87 26 94 37 132 87 270 21 296 303 34 295 116 295 295 87 87 201 295 94 257 507 87 295 67 77 351 77 0 295 89 48 87 295 87 295 332 295 87 87 129
158 200 0 166 0 10 158 1052 121 189 120 31 0 0 425 2673 53 0 189 148 209 159 150 189 126 176 0 1 130 0 21 0 0 192 189 0 0 222 555 126 189 0 86 55 31 44 0 0 189 26 189 0 189 0 196 0 189 189 67
157 270 384 0 384 54 171 76 816 149 188 813 384 0 55 53 2673 384 149 206 180 6 42 149 198 8 653 395 120 384 183 384 522 123 149 192 384 1 467 499 149 384 0 26 1 224 249 384 11 54 149 384 149 384 28 384 149 149 31
0 1 2673 366 2673 769 19 0 0 0 39 782 2673 0 295 0 384 2673 0 0 22 765 587 0 193 3 1401 1556 3 2673 74 2673 1918 0 0 5 2673 0 1 2 0 2673 0 625 2182 21 0 2673 0 405 0 2673 0 2673 0 2202 0 0 15
2070 1970 0 1877 0 5 1760 0 0 2673 2246 91 0 0 87 189 149 0 2673 1394 2454 888 1327 2673 667 1417 0 8 1510 0 385 0 601 2647 2673 1162 0 1655 19 361 2673 0 1094 198 104 255 0 0 2194 241 2673 0 2673 0 2236 0 2673 2673 420
906 1462 0 907 0 0 624 339 421 1394 967 60 0 0 26 148 206 0 1394 2673 1175 314 989 1394 578 678 12 0 894 0 320 0 536 1368 1394 721 0 728 603 387 1394 0 695 198 104 244 0 0 992 230 1394 0 1394 0 1022 0 1394 1394 347
1851 1751 22 1896 22 27 1658 20 1 2454 2027 113 22 0 94 209 180 22 2454 1175 2673 910 1300 2454 448 1417 31 59 1510 22 234 22 382 2428 2454 943 22 1655 50 368 2454 22 1145 220 126 191 0 22 2194 197 2454 22 2454 22 2266 0 2454 2454 443
758 488 765 1299 765 661 761 57 26 888 598 221 765 0 37 159 6 765 888 314 910 2673 1000 888 313 1106 66 45 790 765 93 765 136 888 888 313 765 888 57 294 888 765 663 826 808 79 0 765 888 390 888 765 888 765 888 294 888 888 337
787 1066 587 1317 587 222 600 35 18 1327 900 132 587 42 132 150 42 587 1327 989 1300 1000 2673 1327 110 1237 20 223 1131 587 220 587 435 1327 1327 284 587 1229 127 453 1327 587 1234 433 691 36 16 587 1294 226 1327 587 1327 587 1339 374 1327 1327 378
2070 1970 0 1877 0 5 1760 0 0 2673 2246 91 0 0 87 189 149 0 2673 1394 2454 888 1327 2673 667 1417 0 8 1510 0 385 0 601 2647 2673 1162 0 1655 19 361 2673 0 1094 198 104 255 0 0 2194 241 2673 0 2673 0 2236 0 2673 2673 420
667 693 193 277 193 228 690 4 73 667 688 197 193 0 270 126 198 193 667 578 448 313 110 667 2673 251 167 191 53 193 685 193 791 641 667 659 193 158 71 57 667 193 98 130 193 472 0 193 188 292 667 193 667 193 230 193 667 667 113
874 1016 3 1592 3 8 643 3 7 1417 990 143 3 0 21 176 8 3 1417 678 1417 1106 1237 1417 251 2673 0 225 1610 3 114 3 1 1417 1417 238 3 1788 20 368 1417 3 1126 201 107 197 0 3 1417 84 1417 3 1417 3 1417 3 1417 1417 477
10 0 1401 0 1401 114 19 0 0 0 39 646 1401 0 296 0 653 1401 0 12 31 66 20 0 167 0 2673 1310 3 1401 74 1401 1304 0 0 5 1401 0 210 40 0 1401 133 55 910 92 0 1401 99 54 0 1401 0 1401 16 1401 0 0 13
11 32 1556 8 1556 271 27 1 11 8 47 700 1556 0 303 1 395 1556 8 0 59 45 223 8 191 225 1310 2673 2 1556 346 1556 1556 8 8 13 1556 146 23 193 8 1556 476 55 1065 54 0 1556 96 129 8 1556 8 1556 101 1556 8 8 119
967 952 3 1439 3 8 823 188 290 1510 1170 336 3 0 34 130 120 3 1510 894 1510 790 1131 1510 53 1610 3 2 2673 3 20 3 22 1510 1510 191 3 1504 28 524 1510 3 1014 111 107 158 0 3 1510 18 1510 3 1510 3 1510 3 1510 1510 293
0 1 2673 366 2673 769 19 0 0 0 39 782 2673 0 295 0 384 2673 0 0 22 765 587 0 193 3 1401 1556 3 2673 74 2673 1918 0 0 5 2673 0 1 2 0 2673 0 625 2182 21 0 2673 0 405 0 2673 0 2673 0 2202 0 0 15
382 478 74 19 74 743 410 12 4 385 371 103 74 0 116 21 183 74 385 320 234 93 220 385 685 114 74 346 20 74 2673 74 439 359 385 394 74 102 12 0 385 74 66 128 29 457 5 74 23 228 385 74 385 74 19 74 385 385 223
0 1 2673 366 2673 769 19 0 0 0 39 782 2673 0 295 0 384 2673 0 0 22 765 587 0 193 3 1401 1556 3 2673 74 2673 1918 0 0 5 2673 0 1 2 0 2673 0 625 2182 21 0 2673 0 405 0 2673 0 2673 0 2202 0 0 15
541 602 1918 49 1918 14 481 0 0 601 640 715 1918 92 295 0 522 1918 601 536 382 136 435 601 791 1 1304 1556 22 1918 439 1918 2673 575 601 606 1918 30 1 2 601 1918 0 55 1427 261 0 1918 122 284 601 1918 601 1918 164 1918 601 601 28
2044 1944 0 1877 0 5 1734 3 23 2647 2220 114 0 0 87 192 123 0 2647 1368 2428 888 1327 2647 641 1417 0 8 1510 0 359 0 575 2673 2647 1136 0 1678 19 361 2647 0 1094 198 104 229 0 0 2194 241 2647 0 2647 0 2236 0 2647 2647 407
2070 1970 0 1877 0 5 1760 0 0 2673 2246 91 0 0 87 189 149 0 2673 1394 2454 888 1327 2673 667 1417 0 8 1510 0 385 0 601 2647 2673 1162 0 1655 19 361 2673 0 1094 198 104 255 0 0 2194 241 2673 0 2673 0 2236 0 2673 2673 420
1102 1072 5 541 5 154 1086 2 73 1162 1170 34 5 0 201 0 192 5 1162 721 943 313 284 1162 659 238 5 13 191 5 394 5 606 1136 1162 2673 5 204 18 23 1162 5 196 37 30 295 0 5 683 234 1162 5 1162 5 725 5 1162 1162 83
0 1 2673 366 2673 769 19 0 0 0 39 782 2673 0 295 0 384 2673 0 0 22 765 587 0 193 3 1401 1556 3 2673 74 2673 1918 0 0 5 2673 0 1 2 0 2673 0 625 2182 21 0 2673 0 405 0 2673 0 2673 0 2202 0 0 15
1148 1053 0 1636 0 5 946 31 144 1655 1228 201 0 0 94 222 1 0 1655 728 1655 888 1229 1655 158 1788 0 146 1504 0 102 0 30 1678 1655 204 0 2673 28 361 1655 0 1097 198 104 144 0 0 1653 94 1655 0 1655 0 1670 0 1655 1655 749
35 95 1 19 1 156 41 543 64 19 24 66 1 123 257 555 467 1 19 603 50 57 127 19 71 20 210 23 28 1 12 1 1 19 19 18 1 28 2673 63 19 1 47 23 136 46 88 1 64 163 19 1 19 1 35 1 19 19 95
436 278 2 361 2 7 299 493 1019 361 348 309 2 0 507 126 499 2 361 387 368 294 453 361 57 368 40 193 524 2 0 2 2 361 361 23 2 361 63 2673 361 2 478 7 124 8 0 2 382 105 361 2 361 2 427 2 361 361 135
2070 1970 0 1877 0 5 1760 0 0 2673 2246 91 0 0 87 189 149 0 2673 1394 2454 888 1327 2673 667 1417 0 8 1510 0 385 0 601 2647 2673 1162 0 1655 19 361 2673 0 1094 198 104 255 0 0 2194 241 2673 0 2673 0 2236 0 2673 2673 420
0 1 2673 366 2673 769 19 0 0 0 39 782 2673 0 295 0 384 2673 0 0 22 765 587 0 193 3 1401 1556 3 2673 74 2673 1918 0 0 5 2673 0 1 2 0 2673 0 625 2182 21 0 2673 0 405 0 2673 0 2673 0 2202 0 0 15
755 778 0 1094 0 5 457 0 6 1094 826 43 0 0 67 86 0 0 1094 695 1145 663 1234 1094 98 1126 133 476 1014 0 66 0 0 1094 1094 196 0 1097 47 478 1094 0 2673 195 17 0 0 0 1182 82 1094 0 1094 0 1187 0 1094 1094 355
154 198 625 564 625 731 83 10 1 198 11 167 625 0 77 55 26 625 198 198 220 826 433 198 130 201 55 55 111 625 128 625 55 198 198 37 625 198 23 7 198 625 195 2673 613 239 194 625 198 436 198 625 198 625 198 154 198 198 274
16 105 2182 470 2182 950 40 2 56 104 30 291 2182 0 351 31 1 2182 104 104 126 808 691 104 193 107 910 1065 107 2182 29 2182 1427 104 104 30 2182 104 136 124 104 2182 17 613 2673 27 152 2182 104 525 104 2182 104 2182 104 1711 104 104 16
255 325 21 28 21 185 312 16 64 255 264 246 21 204 77 44 224 21 255 244 191 79 36 255 472 197 92 54 158 21 457 21 261 229 255 295 21 144 46 8 255 21 0 239 27 2673 47 21 8 105 255 21 255 21 8 5 255 255 97
0 2 0 28 0 211 5 0 0 0 8 6 0 0 0 0 249 0 0 0 0 0 16 0 0 0 0 0 0 0 5 0 0 0 0 0 0 0 88 0 0 0 0 194 152 47 2673 0 0 143 0 0 0 0 0 0 0 0 0
0 1 2673 366 2673 769 19 0 0 0 39 782 2673 0 295 0 384 2673 0 0 22 765 587 0 193 3 1401 1556 3 2673 74 2673 1918 0 0 5 2673 0 1 2 0 2673 0 625 2182 21 0 2673 0 405 0 2673 0 2673 0 2202 0 0 15
1615 1491 0 1877 0 5 1435 0 97 2194 1767 64 0 0 89 189 11 0 2194 992 2194 888 1294 2194 188 1417 99 96 1510 0 23 0 122 2194 2194 683 0 1653 64 382 2194 0 1182 198 104 8 0 0 2673 113 2194 0 2194 0 2203 0 2194 2194 434
209 292 405 273 405 724 231 34 146 241 280 174 405 196 48 26 54 405 241 230 197 390 226 241 292 84 54 129 18 405 228 405 284 241 241 234 405 94 163 105 241 405 82 436 525 105 143 405 113 2673 241 405 241 405 155 54 241 241 358
2070 1970 0 1877 0 5 1760 0 0 2673 2246 91 0 0 87 189 149 0 2673 1394 2454 888 1327 2673 667 1417 0 8 1510 0 385 0 601 2647 2673 1162 0 1655 19 361 2673 0 1094 198 104 255 0 0 2194 241 2673 0 2673 0 2236 0 2673 2673 420
0 1 2673 366 2673 769 19 0 0 0 39 782 2673 0 295 0 384 2673 0 0 22 765 587 0 193 3 1401 1556 3 2673 74 2673 1918 0 0 5 2673 0 1 2 0 2673 0 625 2182 21 0 2673 0 405 0 2673 0 2673 0 2202 0 0 15
2070 1970 0 1877 0 5 1760 0 0 2673 2246 91 0 0 87 189 149 0 2673 1394 2454 888 1327 2673 667 1417 0 8 1510 0 385 0 601 2647 2673 1162 0 1655 19 361 2673 0 1094 198 104 255 0 0 2194 241 2673 0 2673 0 2236 0 2673 2673 420
0 1 2673 366 2673 769 19 0 0 0 39 782 2673 0 295 0 384 2673 0 0 22 765 587 0 193 3 1401 1556 3 2673 74 2673 1918 0 0 5 2673 0 1 2 0 2673 0 625 2182 21 0 2673 0 405 0 2673 0 2673 0 2202 0 0 15
1633 1533 0 1877 0 5 1487 7 1 2236 1809 64 0 0 332 196 28 0 2236 1022 2266 888 1339 2236 230 1417 16 101 1510 0 19 0 164 2236 2236 725 0 1670 35 427 2236 0 1187 198 104 8 0 0 2203 155 2236 0 2236 0 2673 0 2236 2236 433
0 1 2202 81 2202 298 19 0 0 0 39 662 2202 465 295 0 384 2202 0 0 0 294 374 0 193 3 1401 1556 3 2202 74 2202 1918 0 0 5 2202 0 1 2 0 2202 0 154 1711 5 0 2202 0 54 0 2202 0 2202 0 2673 0 0 15
2070 1970 0 1877 0 5 1760 0 0 2673 2246 91 0 0 87 189 149 0 2673 1394 2454 888 1327 2673 667 1417 0 8 1510 0 385 0 601 2647 2673 1162 0 1655 19 361 2673 0 1094 198 104 255 0 0 2194 241 2673 0 2673 0 2236 0 2673 2673 420
2070 1970 0 1877 0 5 1760 0 0 2673 2246 91 0 0 87 189 149 0 2673 1394 2454 888 1327 2673 667 1417 0 8 1510 0 385 0 601 2647 2673 1162 0 1655 19 361 2673 0 1094 198 104 255 0 0 2194 241 2673 0 2673 0 2236 0 2673 2673 420
319 403 15 427 15 128 265 9 23 420 148 4 15 293 129 67 31 15 420 347 443 337 378 420 113 477 13 119 293 15 223 15 28 407 420 83 15 749 95 135 420 15 355 274 16 97 0 15 434 358 420 15 420 15 433 15 420 420 2673
