9240 8056 4022 2338 5912 7228 288 7233 8056 6066 288 8056 233 124 7482 6873 8056 296 8056 8056 6817 8056 288 331 288 7941 7774 288 288 1211 6427 8056 233 7915 288 331 7002 288 288 1144 331 273 288 288 8056 448 6059 9 4873 7463 8056 288 4330 8056 8056 2610 8056 1833 8056
8056 9240 5206 2338 7096 7662 0 8152 9240 7250 0 9240 0 0 8666 8057 9240 128 9240 9240 7270 9240 0 0 0 9125 8958 0 0 1202 7611 9240 0 8832 0 0 8186 0 0 925 0 0 0 0 9240 21 7243 0 6057 8647 9240 0 4759 9240 9240 3107 9240 1572 9240
4022 5206 9240 165 5206 3628 2854 4118 5206 6056 2628 5206 2854 0 5206 5304 5206 2973 5206 5206 3236 5206 2854 63 50 5206 5206 2854 2854 548 3577 5206 2854 4798 2854 63 5222 2854 2482 3068 63 2854 2854 2854 5206 21 5403 430 5039 5262 5206 2854 5504 5206 5206 3116 5206 1282 5206
2338 2338 165 9240 292 2338 7 2346 2338 442 0 2338 6 141 1948 1249 2338 244 2338 2338 2384 2338 0 82 14 2317 2056 0 0 5630 2370 2338 26 2344 0 82 1483 0 0 7 82 17 0 6 2338 1319 435 3481 119 1839 2338 0 314 2338 2338 724 2338 1478 2338
5912 7096 5206 292 9240 5518 0 6008 7096 7096 0 7096 0 8 7103 7125 7096 128 7096 7096 5126 7096 0 2030 0 7096 7096 0 0 14 5467 7096 0 6688 0 2030 6771 0 0 994 2030 0 0 0 7096 47 7325 6 6331 7096 7096 0 4785 7096 7096 2669 7096 0 7096
7228 7662 3628 2338 5518 9240 1578 7715 7662 5672 1578 7662 665 593 7088 6479 7662 128 7662 7662 7634 7662 1578 0 1578 7547 7380 1578 1578 1202 6033 7662 1042 7662 1578 0 6608 1578 1578 653 0 1249 1578 1578 7662 0 5665 0 4479 7069 7662 1578 3181 7662 7662 2450 7662 2673 7662
288 0 2854 7 0 1578 9240 53 0 850 8215 0 7528 609 0 98 0 3811 0 0 461 0 8441 204 2183 0 0 8441 8441 7 137 0 7905 0 8441 204 16 8441 8069 4499 204 8112 8441 8452 0 80 197 7 6 56 0 8441 1345 0 0 2698 0 6392 0
7233 8152 4118 2346 6008 7715 53 9240 8152 6162 53 8152 67 1 7578 6969 8152 152 8152 8152 7390 8152 53 24 53 8037 7870 53 53 1210 6523 8152 53 8186 53 24 7098 53 53 295 24 90 53 53 8152 36 6155 21 4969 7559 8152 53 3671 8152 8152 2401 8152 1625 8152
8056 9240 5206 2338 7096 7662 0 8152 9240 7250 0 9240 0 0 8666 8057 9240 128 9240 9240 7270 9240 0 0 0 9125 8958 0 0 1202 7611 9240 0 8832 0 0 8186 0 0 925 0 0 0 0 9240 21 7243 0 6057 8647 9240 0 4759 9240 9240 3107 9240 1572 9240
6066 7250 6056 442 7096 5672 850 6162 7250 9240 624 7250 850 0 7250 7348 7250 978 7250 7250 5280 7250 850 0 0 7250 7267 850 850 0 5621 7250 850 6842 850 0 6975 850 478 1915 0 850 850 850 7250 937 7282 0 5978 7250 7250 850 5993 7250 7250 3673 7250 0 7250
288 0 2628 0 0 1578 8215 53 0 624 9240 0 8101 593 0 25 0 3381 0 0 894 0 9014 0 2982 2 0 9014 9014 0 72 0 8478 0 9014 0 16 9014 8868 5072 0 8685 9014 8683 0 0 206 143 0 56 0 9014 1119 0 0 2579 0 7191 0
8056 9240 5206 2338 7096 7662 0 8152 9240 7250 0 9240 0 0 8666 8057 9240 128 9240 9240 7270 9240 0 0 0 9125 8958 0 0 1202 7611 9240 0 8832 0 0 8186 0 0 925 0 0 0 0 9240 21 7243 0 6057 8647 9240 0 4759 9240 9240 3107 9240 1572 9240
233 0 2854 6 0 665 7528 67 0 850 8101 0 9240 173 0 98 0 3641 0 0 766 0 8327 34 2069 0 0 8327 8327 6 72 0 8327 0 8327 34 16 8327 7955 4840 34 8327 8327 7996 0 53 197 0 6 56 0 8327 1345 0 0 2805 0 6758 0
124 0 0 141 8 593 609 1 0 0 593 0 173 9240 566 1029 0 1671 0 0 72 0 593 0 593 8 0 593 593 0 2 0 57 0 593 0 14 593 593 568 0 264 593 607 0 0 31 7 2 395 0 593 1538 0 0 42 0 116 0
7482 8666 5206 1948 7103 7088 0 7578 8666 7250 0 8666 0 566 9240 8482 8666 128 8666 8666 6696 8666 0 7 0 8674 8384 0 0 628 7037 8666 0 8258 0 7 7612 0 0 925 7 0 0 0 8666 21 7243 1 5974 9005 8666 0 4759 8666 8666 3107 8666 998 8666
6873 8057 5304 1249 7125 6479 98 6969 8057 7348 25 8057 98 1029 8482 9240 8057 226 8057 8057 6087 8057 98 29 0 8057 7775 98 98 19 6428 8057 98 7649 98 29 7003 98 0 1026 29 98 98 98 8057 21 7243 27 5998 8404 8057 98 4857 8057 8057 3205 8057 446 8057
8056 9240 5206 2338 7096 7662 0 8152 9240 7250 0 9240 0 0 8666 8057 9240 128 9240 9240 7270 9240 0 0 0 9125 8958 0 0 1202 7611 9240 0 8832 0 0 8186 0 0 925 0 0 0 0 9240 21 7243 0 6057 8647 9240 0 4759 9240 9240 3107 9240 1572 9240
296 128 2973 244 128 128 3811 152 128 978 3381 128 3641 1671 128 226 128 9240 128 128 204 128 3607 3339 0 128 128 3607 3607 51 130 128 3643 158 3607 3339 144 3607 3235 2723 3339 3647 3607 3621 128 27 325 27 134 184 128 3607 1554 128 128 2033 128 2063 128
8056 9240 5206 2338 7096 7662 0 8152 9240 7250 0 9240 0 0 8666 8057 9240 128 9240 9240 7270 9240 0 0 0 9125 8958 0 0 1202 7611 9240 0 8832 0 0 8186 0 0 925 0 0 0 0 9240 21 7243 0 6057 8647 9240 0 4759 9240 9240 3107 9240 1572 9240
8056 9240 5206 2338 7096 7662 0 8152 9240 7250 0 9240 0 0 8666 8057 9240 128 9240 9240 7270 9240 0 0 0 9125 8958 0 0 1202 7611 9240 0 8832 0 0 8186 0 0 925 0 0 0 0 9240 21 7243 0 6057 8647 9240 0 4759 9240 9240 3107 9240 1572 9240
6817 7270 3236 2384 5126 7634 461 7390 7270 5280 894 7270 766 72 6696 6087 7270 204 7270 7270 9240 7270 894 76 894 7155 6988 894 894 1248 5870 7270 1099 7314 894 76 6216 894 894 791 76 866 894 563 7270 164 5273 72 4087 6677 7270 894 2789 7270 7270 2642 7270 2602 7270
8056 9240 5206 2338 7096 7662 0 8152 9240 7250 0 9240 0 0 8666 8057 9240 128 9240 9240 7270 9240 0 0 0 9125 8958 0 0 1202 7611 9240 0 8832 0 0 8186 0 0 925 0 0 0 0 9240 21 7243 0 6057 8647 9240 0 4759 9240 9240 3107 9240 1572 9240
288 0 2854 0 0 1578 8441 53 0 850 9014 0 8327 593 0 98 0 3607 0 0 894 0 9240 0 2982 0 0 9240 9240 0 72 0 8704 0 9240 0 16 9240 8868 5298 0 8911 9240 8909 0 0 197 0 6 56 0 9240 1345 0 0 2805 0 7191 0
331 0 63 82 2030 0 204 24 0 0 0 0 34 0 7 29 0 3339 0 0 76 0 0 9240 0 0 0 0 0 0 45 0 36 30 0 9240 7 0 0 69 9240 40 0 14 0 0 229 0 359 0 0 0 44 0 0 204 0 28 0
288 0 50 14 0 1578 2183 53 0 0 2982 0 2069 593 0 0 0 0 0 0 894 0 2982 0 9240 6 0 2982 2982 7 40 0 2446 0 2982 0 85 2982 3354 4230 0 2653 2982 2651 0 21 40 7 6 47 0 2982 207 0 0 204 0 2505 0
7941 9125 5206 2317 7096 7547 0 8037 9125 7250 2 9125 0 8 8674 8057 9125 128 9125 9125 7155 9125 0 0 6 9240 8843 0 0 1087 7496 9125 0 8717 0 0 8071 0 6 925 0 0 0 0 9125 28 7253 2 5972 8656 9125 0 4759 9125 9125 3107 9125 1457 9125
7774 8958 5206 2056 7096 7380 0 7870 8958 7267 0 8958 0 0 8384 7775 8958 128 8958 8958 6988 8958 0 0 0 8843 9240 0 0 1261 7329 8958 0 8550 0 0 8008 0 0 925 0 0 0 0 8958 38 7261 23 6057 8365 8958 0 4776 8958 8958 3107 8958 1290 8958
288 0 2854 0 0 1578 8441 53 0 850 9014 0 8327 593 0 98 0 3607 0 0 894 0 9240 0 2982 0 0 9240 9240 0 72 0 8704 0 9240 0 16 9240 8868 5298 0 8911 9240 8909 0 0 197 0 6 56 0 9240 1345 0 0 2805 0 7191 0
288 0 2854 0 0 1578 8441 53 0 850 9014 0 8327 593 0 98 0 3607 0 0 894 0 9240 0 2982 0 0 9240 9240 0 72 0 8704 0 9240 0 16 9240 8868 5298 0 8911 9240 8909 0 0 197 0 6 56 0 9240 1345 0 0 2805 0 7191 0
1211 1202 548 5630 14 1202 7 1210 1202 0 0 1202 6 0 628 19 1202 51 1202 1202 1248 1202 0 0 7 1087 1261 0 0 9240 1234 1202 26 1208 0 0 1210 0 0 0 0 17 0 6 1202 130 0 4780 85 609 1202 0 1 1202 1202 114 1202 1145 1202
6427 7611 3577 2370 5467 6033 137 6523 7611 5621 72 7611 72 2 7037 6428 7611 130 7611 7611 5870 7611 72 45 40 7496 7329 72 72 1234 9240 7611 72 7203 72 45 6557 72 72 925 45 72 72 85 7611 645 5614 32 4428 7018 7611 72 3130 7611 7611 3108 7611 1644 7611
8056 9240 5206 2338 7096 7662 0 8152 9240 7250 0 9240 0 0 8666 8057 9240 128 9240 9240 7270 9240 0 0 0 9125 8958 0 0 1202 7611 9240 0 8832 0 0 8186 0 0 925 0 0 0 0 9240 21 7243 0 6057 8647 9240 0 4759 9240 9240 3107 9240 1572 9240
233 0 2854 26 0 1042 7905 53 0 850 8478 0 8327 57 0 98 0 3643 0 0 1099 0 8704 36 2446 0 0 8704 8704 26 72 0 9240 56 8704 36 16 8704 8332 4840 36 8763 8704 8373 0 23 197 1 6 56 0 8704 1345 0 0 2805 0 7439 0
7915 8832 4798 2344 6688 7662 0 8186 8832 6842 0 8832 0 0 8258 7649 8832 158 8832 8832 7314 8832 0 30 0 8717 8550 0 0 1208 7203 8832 56 9240 0 30 7778 0 0 850 30 12 0 0 8832 37 6835 44 5649 8239 8832 0 4351 8832 8832 2699 8832 1618 8832
288 0 2854 0 0 1578 8441 53 0 850 9014 0 8327 593 0 98 0 3607 0 0 894 0 9240 0 2982 0 0 9240 9240 0 72 0 8704 0 9240 0 16 9240 8868 5298 0 8911 9240 8909 0 0 197 0 6 56 0 9240 1345 0 0 2805 0 7191 0
331 0 63 82 2030 0 204 24 0 0 0 0 34 0 7 29 0 3339 0 0 76 0 0 9240 0 0 0 0 0 0 45 0 36 30 0 9240 7 0 0 69 9240 40 0 14 0 0 229 0 359 0 0 0 44 0 0 204 0 28 0
7002 8186 5222 1483 6771 6608 16 7098 8186 6975 16 8186 16 14 7612 7003 8186 144 8186 8186 6216 8186 16 7 85 8071 8008 16 16 1210 6557 8186 16 7778 16 7 9240 16 16 1033 7 16 16 16 8186 795 6745 1 6059 7593 8186 16 5533 8186 8186 2334 8186 1384 8186
288 0 2854 0 0 1578 8441 53 0 850 9014 0 8327 593 0 98 0 3607 0 0 894 0 9240 0 2982 0 0 9240 9240 0 72 0 8704 0 9240 0 16 9240 8868 5298 0 8911 9240 8909 0 0 197 0 6 56 0 9240 1345 0 0 2805 0 7191 0
288 0 2482 0 0 1578 8069 53 0 478 8868 0 7955 593 0 0 0 3235 0 0 894 0 8868 0 3354 6 0 8868 8868 0 72 0 8332 0 8868 0 16 8868 9240 4926 0 8539 8868 8537 0 0 197 0 0 56 0 8868 973 0 0 2433 0 7191 0
1144 925 3068 7 994 653 4499 295 925 1915 5072 925 4840 568 925 1026 925 2723 925 925 791 925 5298 69 4230 925 925 5298 5298 0 925 925 4840 850 5298 69 1033 5298 4926 9240 69 4969 5298 4967 925 165 1012 33 931 925 925 5298 1861 925 925 1620 925 3726 925
331 0 63 82 2030 0 204 24 0 0 0 0 34 0 7 29 0 3339 0 0 76 0 0 9240 0 0 0 0 0 0 45 0 36 30 0 9240 7 0 0 69 9240 40 0 14 0 0 229 0 359 0 0 0 44 0 0 204 0 28 0
273 0 2854 17 0 1249 8112 90 0 850 8685 0 8327 264 0 98 0 3647 0 0 866 0 8911 40 2653 0 0 8911 8911 17 72 0 8763 12 8911 40 16 8911 8539 4969 40 9240 8911 8580 0 6 197 2 6 56 0 8911 1345 0 0 2805 0 7250 0
288 0 2854 0 0 1578 8441 53 0 850 9014 0 8327 593 0 98 0 3607 0 0 894 0 9240 0 2982 0 0 9240 9240 0 72 0 8704 0 9240 0 16 9240 8868 5298 0 8911 9240 8909 0 0 197 0 6 56 0 9240 1345 0 0 2805 0 7191 0
288 0 2854 6 0 1578 8452 53 0 850 8683 0 7996 607 0 98 0 3621 0 0 563 0 8909 14 2651 0 0 8909 8909 6 85 0 8373 0 8909 14 16 8909 8537 4967 14 8580 8909 9240 0 24 197 6 6 56 0 8909 1345 0 0 2727 0 6860 0
8056 9240 5206 2338 7096 7662 0 8152 9240 7250 0 9240 0 0 8666 8057 9240 128 9240 9240 7270 9240 0 0 0 9125 8958 0 0 1202 7611 9240 0 8832 0 0 8186 0 0 925 0 0 0 0 9240 21 7243 0 6057 8647 9240 0 4759 9240 9240 3107 9240 1572 9240
448 21 21 1319 47 0 80 36 21 937 0 21 53 0 21 21 21 27 21 21 164 21 0 0 21 28 38 0 0 130 645 21 23 37 0 0 795 0 0 165 0 6 0 24 21 9240 60 89 70 61 21 0 1187 21 21 570 21 23 21
6059 7243 5403 435 7325 5665 197 6155 7243 7282 206 7243 197 31 7243 7243 7243 325 7243 7243 5273 7243 197 229 40 7253 7261 197 197 0 5614 7243 197 6835 197 229 6745 197 197 1012 229 197 197 197 7243 60 9240 106 6088 7243 7243 197 4769 7243 7243 2870 7243 197 7243
9 0 430 3481 6 0 7 21 0 0 143 0 0 7 1 27 0 27 0 0 72 0 0 0 7 2 23 0 0 4780 32 0 1 44 0 0 1 0 0 33 0 2 0 6 0 89 106 9240 7 2 0 0 98 0 0 249 0 115 0
4873 6057 5039 119 6331 4479 6 4969 6057 5978 0 6057 6 2 5974 5998 6057 134 6057 6057 4087 6057 6 359 6 5972 6057 6 6 85 4428 6057 6 5649 6 359 6059 6 0 931 359 6 6 6 6057 70 6088 7 9240 5974 6057 6 4845 6057 6057 1551 6057 85 6057
7463 8647 5262 1839 7096 7069 56 7559 8647 7250 56 8647 56 395 9005 8404 8647 184 8647 8647 6677 8647 56 0 47 8656 8365 56 56 609 7018 8647 56 8239 56 0 7593 56 56 925 0 56 56 56 8647 61 7243 2 5974 9240 8647 56 4815 8647 8647 3163 8647 1023 8647
8056 9240 5206 2338 7096 7662 0 8152 9240 7250 0 9240 0 0 8666 8057 9240 128 9240 9240 7270 9240 0 0 0 9125 8958 0 0 1202 7611 9240 0 8832 0 0 8186 0 0 925 0 0 0 0 9240 21 7243 0 6057 8647 9240 0 4759 9240 9240 3107 9240 1572 9240
288 0 2854 0 0 1578 8441 53 0 850 9014 0 8327 593 0 98 0 3607 0 0 894 0 9240 0 2982 0 0 9240 9240 0 72 0 8704 0 9240 0 16 9240 8868 5298 0 8911 9240 8909 0 0 197 0 6 56 0 9240 1345 0 0 2805 0 7191 0
4330 4759 5504 314 4785 3181 1345 3671 4759 5993 1119 4759 1345 1538 4759 4857 4759 1554 4759 4759 2789 4759 1345 44 207 4759 4776 1345 1345 1 3130 4759 1345 4351 1345 44 5533 1345 973 1861 44 1345 1345 1345 4759 1187 4769 98 4845 4815 4759 1345 9240 4759 4759 2071 4759 57 4759
8056 9240 5206 2338 7096 7662 0 8152 9240 7250 0 9240 0 0 8666 8057 9240 128 9240 9240 7270 9240 0 0 0 9125 8958 0 0 1202 7611 9240 0 8832 0 0 8186 0 0 925 0 0 0 0 9240 21 7243 0 6057 8647 9240 0 4759 9240 9240 3107 9240 1572 9240
8056 9240 5206 2338 7096 7662 0 8152 9240 7250 0 9240 0 0 8666 8057 9240 128 9240 9240 7270 9240 0 0 0 9125 8958 0 0 1202 7611 9240 0 8832 0 0 8186 0 0 925 0 0 0 0 9240 21 7243 0 6057 8647 9240 0 4759 9240 9240 3107 9240 1572 9240
2610 3107 3116 724 2669 2450 2698 2401 3107 3673 2579 3107 2805 42 3107 3205 3107 2033 3107 3107 2642 3107 2805 204 204 3107 3107 2805 2805 114 3108 3107 2805 2699 2805 204 2334 2805 2433 1620 204 2805 2805 2727 3107 570 2870 249 1551 3163 3107 2805 2071 3107 3107 9240 3107 1233 3107
8056 9240 5206 2338 7096 7662 0 8152 9240 7250 0 9240 0 0 8666 8057 9240 128 9240 9240 7270 9240 0 0 0 9125 8958 0 0 1202 7611 9240 0 8832 0 0 8186 0 0 925 0 0 0 0 9240 21 7243 0 6057 8647 9240 0 4759 9240 9240 3107 9240 1572 9240
1833 1572 1282 1478 0 2673 6392 1625 1572 0 7191 1572 6758 116 998 446 1572 2063 1572 1572 2602 1572 7191 28 2505 1457 1290 7191 7191 1145 1644 1572 7439 1618 7191 28 1384 7191 7191 3726 28 7250 7191 6860 1572 23 197 115 85 1023 1572 7191 57 1572 1572 1233 1572 9240 1572
8056 9240 5206 2338 7096 7662 0 8152 9240 7250 0 9240 0 0 8666 8057 9240 128 9240 9240 7270 9240 0 0 0 9125 8958 0 0 1202 7611 9240 0 8832 0 0 8186 0 0 925 0 0 0 0 9240 21 7243 0 6057 8647 9240 0 4759 9240 9240 3107 9240 1572 9240
