8862 1418 800 1236 2994 2497 1359 1416 1375 541 1831 844 2395 1974 1804 2613 1009 836 1896 637 1060 2821 629 2512 1271 2678 560 631 3126 955 3988 1367 2705 433 1199 1076 1760 1641 2893 697 260 2929 2579 993 598 1726 868 723 3874 3881 1630 3895 3424 986 1145 688 2061 3017 2165
1418 8862 619 840 718 811 1519 1210 1349 1372 698 3294 1189 230 2167 717 668 988 1266 1657 520 1236 2554 1589 1392 991 2873 1117 1566 2833 2080 1723 2245 3771 1376 4169 3527 2100 428 1193 2726 940 998 2685 958 1519 558 3939 2201 2042 1976 2208 2225 1713 1767 3287 2906 679 780
800 619 8862 1681 711 1149 991 273 957 606 811 780 1055 868 1352 573 1821 982 1374 1116 1618 1370 1596 820 1508 1077 480 1559 1508 1299 805 1653 1412 613 1556 733 502 1683 522 1840 561 660 739 662 1674 345 1164 274 386 370 2138 370 370 1154 1811 679 1645 696 249
1236 840 1681 8862 299 507 1338 251 2194 610 1118 636 1332 1141 655 303 815 265 510 484 2921 2523 204 629 385 857 562 678 1862 1995 1354 3738 3114 291 3309 1417 1107 3297 496 3079 176 204 492 287 3047 1004 570 850 1040 1314 3748 1275 1217 652 3994 797 3588 719 488
2994 718 711 299 8862 3413 738 1879 1550 981 897 1283 2198 2015 2270 2769 990 300 2327 1044 1459 1858 1204 3086 2004 3326 194 840 2211 1510 3887 356 2319 657 1454 509 1487 943 3292 830 126 4201 3835 1002 703 1536 902 915 3718 4021 694 3855 3999 468 579 37 698 3450 2892
2497 811 1149 507 3413 8862 725 1106 929 614 949 763 2324 2032 2614 3127 670 824 1375 1198 777 1769 813 2392 2301 3419 282 880 1903 1241 3491 433 1779 956 715 637 984 253 3657 384 478 3596 3623 493 260 2076 1270 892 3231 3675 862 3735 3766 334 1191 926 507 3439 3031
1359 1519 991 1338 738 725 8862 1167 1042 1053 1092 1418 880 514 1236 771 1185 1427 1100 963 1249 1028 2077 1073 1139 897 1077 1253 1045 614 1831 805 1435 1574 1051 1767 1673 1371 657 704 1109 936 962 1184 1044 805 845 1410 1066 1120 1084 1112 1412 557 1271 1329 1192 815 632
1416 1210 273 251 1879 1106 1167 8862 2894 669 694 1580 1256 1102 1459 819 1262 480 1601 777 1331 1232 937 1123 1311 1356 1079 1119 759 340 1767 461 1417 1729 830 1152 1165 1414 1488 1100 656 1478 2751 1035 643 1844 700 1549 1977 1783 829 1785 1999 1180 352 1518 1290 1203 1161
1375 1349 957 2194 1550 929 1042 2894 8862 925 628 2288 1451 623 790 264 2674 592 2788 1142 3332 2198 1253 969 474 1780 735 1118 917 1584 1866 1317 4282 2452 3280 747 1798 2172 740 1770 340 939 1770 1276 2205 1131 979 3023 1200 2839 3302 2845 2477 1539 2081 264 3550 61 301
541 1372 606 610 981 614 1053 669 925 8862 82 1258 333 1015 1097 246 694 703 1948 1042 1494 864 2342 457 1212 817 1563 1222 318 2044 483 961 832 2141 742 1808 1694 471 562 956 1383 385 693 1801 747 1117 1031 1588 596 611 791 611 533 1254 767 1416 718 262 350
1831 698 811 1118 897 949 1092 694 628 82 8862 701 764 346 832 992 739 710 773 799 721 1377 286 1002 519 687 46 505 2347 823 1527 1762 1974 290 1039 1540 2261 1205 1359 462 564 779 974 654 716 548 432 448 1777 1724 1122 1775 2404 1203 1795 1446 1100 1481 552
844 3294 780 636 1283 763 1418 1580 2288 1258 701 8862 688 351 2782 1096 1604 1001 1507 1305 1201 772 3211 864 996 1120 2605 1496 874 1566 1031 619 1327 3630 1105 2569 3422 803 467 788 2719 968 1276 3801 574 1279 661 3329 989 1122 1028 1331 1034 1223 422 2587 1081 825 518
2395 1189 1055 1332 2198 2324 880 1256 1451 333 764 688 8862 4228 1426 2292 1209 866 1041 607 1085 1580 165 1944 1706 2699 1343 330 1503 1472 2570 776 1733 974 840 545 993 786 2306 709 1490 2495 2296 264 787 1781 1103 2403 2257 3038 1154 2991 3344 296 1072 479 1326 2397 1902
1974 230 868 1141 2015 2032 514 1102 623 1015 346 351 4228 8862 1257 2152 755 955 851 588 606 1217 215 1532 1389 2734 2086 679 1207 892 2384 385 585 405 332 640 762 330 1991 257 1430 2009 2017 668 617 963 1210 1798 2132 2227 865 2195 2547 304 618 532 776 1995 1538
1804 2167 1352 655 2270 2614 1236 1459 790 1097 832 2782 1426 1257 8862 1705 771 388 2017 1495 1303 1895 2481 1938 3172 1921 1331 1996 1624 848 2213 253 1505 1631 572 1594 2010 724 1591 406 1481 2488 2053 1861 517 2250 707 1284 2439 1781 91 1569 1955 493 626 1725 422 1875 2350
2613 717 573 303 2769 3127 771 819 264 246 992 1096 2292 2152 1705 8862 1084 355 882 507 735 1939 681 2879 1467 2468 0 884 2043 575 3175 306 1144 546 567 279 977 787 4868 493 898 3434 2961 403 533 1920 1620 0 3227 3055 563 2843 2683 1536 1044 1195 513 3611 2778
1009 668 1821 815 990 670 1185 1262 2674 694 739 1604 1209 755 771 1084 8862 989 2212 842 1382 899 1694 575 1443 1328 516 1739 621 961 790 115 1775 1790 1079 281 1539 399 766 130 698 312 588 901 287 716 1729 1869 383 1737 1745 1934 1019 1528 770 833 1428 428 313
836 988 982 265 300 824 1427 480 592 703 710 1001 866 955 388 355 989 8862 1181 534 427 590 1510 320 570 879 1270 1150 532 792 416 1139 289 1045 311 766 910 128 819 313 798 235 402 1356 760 242 825 805 171 345 543 345 520 392 240 716 283 126 597
1896 1266 1374 510 2327 1375 1100 1601 2788 1948 773 1507 1041 851 2017 882 2212 1181 8862 1354 2171 1700 2112 1130 1312 1789 1081 1609 1145 1387 1884 78 2841 2215 1908 905 2194 867 1222 600 877 1838 955 1461 778 1079 1377 2608 1690 2722 1374 2583 2468 68 557 658 1902 995 550
637 1657 1116 484 1044 1198 963 777 1142 1042 799 1305 607 588 1495 507 842 534 1354 8862 1077 430 1679 920 1511 1568 907 1232 553 1860 1282 446 1325 1725 751 1570 1162 960 517 341 922 952 584 1280 712 589 491 1528 1130 767 1320 788 1404 594 783 1185 937 463 549
1060 520 1618 2921 1459 777 1249 1331 3332 1494 721 1201 1085 606 1303 735 1382 427 2171 1077 8862 2178 1313 948 1296 983 404 1167 1552 1766 1027 2727 3517 1713 3520 1207 864 2858 1110 2950 118 695 1367 632 2995 1680 1011 1063 824 1359 3345 1507 1199 823 2986 77 3670 401 687
2821 1236 1370 2523 1858 1769 1028 1232 2198 864 1377 772 1580 1217 1895 1939 899 590 1700 430 2178 8862 859 1755 1135 1478 518 809 2977 1647 2653 2744 4090 495 2718 1164 2236 3713 1573 2281 303 1753 1535 660 1974 2026 958 925 3127 2752 3122 2861 2183 1197 3298 1087 3868 1567 1195
629 2554 1596 204 1204 813 2077 937 1253 2342 286 3211 165 215 2481 681 1694 1510 2112 1679 1313 859 8862 776 1879 1073 2525 1393 481 1158 1173 553 1272 3224 1534 3076 2800 1013 697 847 2628 1125 815 3105 882 1486 1025 3278 733 1115 1190 1064 733 350 848 2576 1029 864 270
2512 1589 820 629 3086 2392 1073 1123 969 457 1002 864 1944 1532 1938 2879 575 320 1130 920 948 1755 776 8862 1650 1993 233 670 2542 1716 3634 581 2589 235 1492 1088 1083 872 3182 1296 584 3538 2846 680 800 1633 470 841 2728 3335 806 3093 3431 1296 1437 312 1320 3579 2514
1271 1392 1508 385 2004 2301 1139 1311 474 1212 519 996 1706 1389 3172 1467 1443 570 1312 1511 1296 1135 1879 1650 8862 2096 1152 1818 1253 626 1725 310 884 1573 544 1821 1097 317 1551 446 1888 1628 2177 1624 157 1776 607 1433 1450 1601 681 1736 1564 600 914 1247 580 1869 1989
2678 991 1077 857 3326 3419 897 1356 1780 817 687 1120 2699 2734 1921 2468 1328 879 1789 1568 983 1478 1073 1993 2096 8862 409 896 1700 1034 3905 389 2054 1580 921 496 502 777 2601 380 383 2661 2595 526 752 1199 1192 1754 3029 3692 1545 3803 4043 384 1007 360 1356 2702 2023
560 2873 480 562 194 282 1077 1079 735 1563 46 2605 1343 2086 1331 0 516 1270 1081 907 404 518 2525 233 1152 409 8862 1302 704 1211 205 360 471 3178 607 3615 2983 189 356 540 5166 181 249 3178 179 1981 1046 4872 202 471 608 471 390 369 135 2103 471 360 754
631 1117 1559 678 840 880 1253 1119 1118 1222 505 1496 330 679 1996 884 1739 1150 1609 1232 1167 809 1393 670 1818 896 1302 8862 413 625 872 597 1101 1683 930 1436 1381 310 1574 858 1499 635 599 1567 571 1254 1090 1764 459 1072 888 1072 952 439 742 886 761 511 957
3126 1566 1508 1862 2211 1903 1045 759 917 318 2347 874 1503 1207 1624 2043 621 532 1145 553 1552 2977 481 2542 1253 1700 704 413 8862 2239 4015 2991 3954 129 2656 2367 2035 2320 1927 2602 342 2250 2529 1089 1175 1240 962 1394 3368 3920 2710 3981 3381 1577 3303 1180 2939 3131 1996
955 2833 1299 1995 1510 1241 614 340 1584 2044 823 1566 1472 892 848 575 961 792 1387 1860 1766 1647 1158 1716 626 1034 1211 625 2239 8862 2793 2316 3931 1789 2626 2514 2029 2117 885 2434 773 996 1485 1236 1682 1028 180 2700 1334 2894 3370 2924 2574 1790 2704 1660 2845 1579 991
3988 2080 805 1354 3887 3491 1831 1767 1866 483 1527 1031 2570 2384 2213 3175 790 416 1884 1282 1027 2653 1173 3634 1725 3905 205 872 4015 2793 8862 1931 5027 1334 2845 2470 1604 2189 3742 2233 134 4084 4040 499 1780 1802 788 2383 5105 6656 3114 6104 5886 1307 2737 1010 3300 3683 3226
1367 1723 1653 3738 356 433 805 461 1317 961 1762 619 776 385 253 306 115 1139 78 446 2727 2744 553 581 310 389 360 597 2991 2316 1931 8862 3894 484 4015 2253 1380 4631 870 4101 153 457 740 15 3497 439 357 961 2024 1749 4773 2069 1396 1402 5066 869 5044 953 333
2705 2245 1412 3114 2319 1779 1435 1417 4282 832 1974 1327 1733 585 1505 1144 1775 289 2841 1325 3517 4090 1272 2589 884 2054 471 1101 3954 3931 5027 3894 8862 1732 5572 2635 2899 4206 1767 3945 154 2069 1824 588 3134 1726 692 3755 3534 5820 5741 5715 4667 1391 4855 825 6106 1844 1541
433 3771 613 291 657 956 1574 1729 2452 2141 290 3630 974 405 1631 546 1790 1045 2215 1725 1713 495 3224 235 1573 1580 3178 1683 129 1789 1334 484 1732 8862 840 3433 3187 774 748 559 3099 242 956 2978 753 1852 1380 4620 939 1526 1432 1957 1533 730 637 2374 1735 68 668
1199 1376 1556 3309 1454 715 1051 830 3280 742 1039 1105 840 332 572 567 1079 311 1908 751 3520 2718 1534 1492 544 921 607 930 2656 2626 2845 4015 5572 840 8862 1997 1829 4045 996 5063 110 1974 1158 749 4486 1453 630 2987 1284 4002 5764 3304 2442 974 4864 658 5266 902 1527
1076 4169 733 1417 509 637 1767 1152 747 1808 1540 2569 545 640 1594 279 281 766 905 1570 1207 1164 3076 1088 1821 496 3615 1436 2367 2514 2470 2253 2635 3433 1997 8862 3853 1364 348 1706 3070 272 866 2675 279 1383 489 4570 1647 2375 2483 2573 2062 1567 2802 3273 2494 1113 651
1760 3527 502 1107 1487 984 1673 1165 1798 1694 2261 3422 993 762 2010 977 1539 910 2194 1162 864 2236 2800 1083 1097 502 2983 1381 2035 2029 1604 1380 2899 3187 1829 3853 8862 1706 1095 714 2729 1150 759 3440 471 1645 928 3974 2272 2692 1531 2808 2017 873 1684 2856 2271 1246 990
1641 2100 1683 3297 943 253 1371 1414 2172 471 1205 803 786 330 724 787 399 128 867 960 2858 3713 1013 872 317 777 189 310 2320 2117 2189 4631 4206 774 4045 1364 1706 8862 246 3688 162 697 550 540 3490 695 260 1087 2705 1734 4720 1886 1686 1413 4674 931 5756 711 155
2893 428 522 496 3292 3657 657 1488 740 562 1359 467 2306 1991 1591 4868 766 819 1222 517 1110 1573 697 3182 1551 2601 356 1574 1927 885 3742 870 1767 748 996 348 1095 246 8862 1082 653 3685 3559 500 619 2032 979 415 3168 3864 320 3416 3262 366 638 581 647 3638 3254
697 1193 1840 3079 830 384 704 1100 1770 956 462 788 709 257 406 493 130 313 600 341 2950 2281 847 1296 446 380 540 858 2602 2434 2233 4101 3945 559 5063 1706 714 3688 1082 8862 489 758 1227 239 3347 701 105 1556 1079 2133 4561 1809 1713 1088 4537 1096 4408 1716 578
260 2726 561 176 126 478 1109 656 340 1383 564 2719 1490 1430 1481 898 698 798 877 922 118 303 2628 584 1888 383 5166 1499 342 773 134 153 154 3099 110 3070 2729 162 653 489 8862 483 498 3418 126 1495 495 4500 583 130 188 271 489 760 654 3273 132 731 727
2929 940 660 204 4201 3596 936 1478 939 385 779 968 2495 2009 2488 3434 312 235 1838 952 695 1753 1125 3538 1628 2661 181 635 2250 996 4084 457 2069 242 1974 272 1150 697 3685 758 483 8862 3781 947 2460 2296 692 388 3524 4007 93 3266 3708 213 368 603 320 3769 4601
2579 998 739 492 3835 3623 962 2751 1770 693 974 1276 2296 2017 2053 2961 588 402 955 584 1367 1535 815 2846 2177 2595 249 599 2529 1485 4040 740 1824 956 1158 866 759 550 3559 1227 498 3781 8862 652 574 1438 636 692 3412 3826 734 3977 3771 1353 728 331 691 3693 2800
993 2685 662 287 1002 493 1184 1035 1276 1801 654 3801 264 668 1861 403 901 1356 1461 1280 632 660 3105 680 1624 526 3178 1567 1089 1236 499 15 588 2978 749 2675 3440 540 500 239 3418 947 652 8862 204 1492 895 3290 841 739 453 778 368 673 316 3161 466 789 450
598 958 1674 3047 703 260 1044 643 2205 747 716 574 787 617 517 533 287 760 778 712 2995 1974 882 800 157 752 179 571 1175 1682 1780 3497 3134 753 4486 279 471 3490 619 3347 126 2460 574 204 8862 1091 68 425 783 1043 3350 378 1315 0 3418 0 3868 139 2835
1726 1519 345 1004 1536 2076 805 1844 1131 1117 548 1279 1781 963 2250 1920 716 242 1079 589 1680 2026 1486 1633 1776 1199 1981 1254 1240 1028 1802 439 1726 1852 1453 1383 1645 695 2032 701 1495 2296 1438 1492 1091 8862 830 2304 1721 2852 802 2346 1550 562 650 1231 1068 1604 2415
868 558 1164 570 902 1270 845 700 979 1031 432 661 1103 1210 707 1620 1729 825 1377 491 1011 958 1025 470 607 1192 1046 1090 962 180 788 357 692 1380 630 489 928 260 979 105 495 692 636 895 68 830 8862 930 587 1086 1146 1086 492 405 320 900 868 686 543
723 3939 274 850 915 892 1410 1549 3023 1588 448 3329 2403 1798 1284 0 1869 805 2608 1528 1063 925 3278 841 1433 1754 4872 1764 1394 2700 2383 961 3755 4620 2987 4570 3974 1087 415 1556 4500 388 692 3290 425 2304 930 8862 1086 4136 3242 4131 3333 730 1963 2517 3074 524 607
3874 2201 386 1040 3718 3231 1066 1977 1200 596 1777 989 2257 2132 2439 3227 383 171 1690 1130 824 3127 733 2728 1450 3029 202 459 3368 1334 5105 2024 3534 939 1284 1647 2272 2705 3168 1079 583 3524 3412 841 783 1721 587 1086 8862 4602 1808 5037 4678 1527 2260 1624 2749 3201 2562
3881 2042 370 1314 4021 3675 1120 1783 2839 611 1724 1122 3038 2227 1781 3055 1737 345 2722 767 1359 2752 1115 3335 1601 3692 471 1072 3920 2894 6656 1749 5820 1526 4002 2375 2692 1734 3864 2133 130 4007 3826 739 1043 2852 1086 4136 4602 8862 3827 7936 6148 1294 2751 825 3804 3623 3332
1630 1976 2138 3748 694 862 1084 829 3302 791 1122 1028 1154 865 91 563 1745 543 1374 1320 3345 3122 1190 806 681 1545 608 888 2710 3370 3114 4773 5741 1432 5764 2483 1531 4720 320 4561 188 93 734 453 3350 802 1146 3242 1808 3827 8862 3875 2770 1294 5565 1193 6472 607 105
3895 2208 370 1275 3855 3735 1112 1785 2845 611 1775 1331 2991 2195 1569 2843 1934 345 2583 788 1507 2861 1064 3093 1736 3803 471 1072 3981 2924 6104 2069 5715 1957 3304 2573 2808 1886 3416 1809 271 3266 3977 778 378 2346 1086 4131 5037 7936 3875 8862 6009 1681 3090 825 3973 3651 2706
3424 2225 370 1217 3999 3766 1412 1999 2477 533 2404 1034 3344 2547 1955 2683 1019 520 2468 1404 1199 2183 733 3431 1564 4043 390 952 3381 2574 5886 1396 4667 1533 2442 2062 2017 1686 3262 1713 489 3708 3771 368 1315 1550 492 3333 4678 6148 2770 6009 8862 1134 2433 1561 3010 3381 2508
986 1713 1154 652 468 334 557 1180 1539 1254 1203 1223 296 304 493 1536 1528 392 68 594 823 1197 350 1296 600 384 369 439 1577 1790 1307 1402 1391 730 974 1567 873 1413 366 1088 760 213 1353 673 0 562 405 730 1527 1294 1294 1681 1134 8862 1635 1963 1294 1079 113
1145 1767 1811 3994 579 1191 1271 352 2081 767 1795 422 1072 618 626 1044 770 240 557 783 2986 3298 848 1437 914 1007 135 742 3303 2704 2737 5066 4855 637 4864 2802 1684 4674 638 4537 654 368 728 316 3418 650 320 1963 2260 2751 5565 3090 2433 1635 8862 1717 5967 1208 556
688 3287 679 797 37 926 1329 1518 264 1416 1446 2587 479 532 1725 1195 833 716 658 1185 77 1087 2576 312 1247 360 2103 886 1180 1660 1010 869 825 2374 658 3273 2856 931 581 1096 3273 603 331 3161 0 1231 900 2517 1624 825 1193 825 1561 1963 1717 8862 825 1286 391
2061 2906 1645 3588 698 507 1192 1290 3550 718 1100 1081 1326 776 422 513 1428 283 1902 937 3670 3868 1029 1320 580 1356 471 761 2939 2845 3300 5044 6106 1735 5266 2494 2271 5756 647 4408 132 320 691 466 3868 1068 868 3074 2749 3804 6472 3973 3010 1294 5967 825 8862 524 394
3017 679 696 719 3450 3439 815 1203 61 262 1481 825 2397 1995 1875 3611 428 126 995 463 401 1567 864 3579 1869 2702 360 511 3131 1579 3683 953 1844 68 902 1113 1246 711 3638 1716 731 3769 3693 789 139 1604 686 524 3201 3623 607 3651 3381 1079 1208 1286 524 8862 2747
2165 780 249 488 2892 3031 632 1161 301 350 552 518 1902 1538 2350 2778 313 597 550 549 687 1195 270 2514 1989 2023 754 957 1996 991 3226 333 1541 668 1527 651 990 155 3254 578 727 4601 2800 450 2835 2415 543 607 2562 3332 105 2706 2508 113 556 391 394 2747 8862
