2407 2188 47 47 47 47 439 0 47 47 1072 47 85 945 47 1348 47 47 1625 173 688 47 327 47 496 1009 2192 47 1624 47 47 70 85 83 1731 91 1292 1669 27 15 2106 2196 1011 65 74 47 35 1626 47 0 2196 38 281 47 46 35 80 57 47
2188 2407 8 8 8 8 527 0 8 8 1176 8 46 1148 8 1316 8 8 1828 245 663 8 288 8 457 970 2403 8 1589 8 8 22 8 0 1823 0 1263 1721 0 46 2309 2399 957 0 0 8 0 1629 8 0 2399 20 305 8 0 0 0 0 8
47 8 2407 2407 2407 2407 1527 0 2407 2264 136 2407 1894 0 2292 362 2407 2407 49 2015 1285 2407 1995 2407 1320 1252 4 2407 66 789 2407 1695 1752 1737 592 1558 310 23 1593 327 26 0 72 1591 1941 2407 41 144 2407 1549 0 1209 706 2407 1546 1641 1734 1796 2407
47 8 2407 2407 2407 2407 1527 0 2407 2264 136 2407 1894 0 2292 362 2407 2407 49 2015 1285 2407 1995 2407 1320 1252 4 2407 66 789 2407 1695 1752 1737 592 1558 310 23 1593 327 26 0 72 1591 1941 2407 41 144 2407 1549 0 1209 706 2407 1546 1641 1734 1796 2407
47 8 2407 2407 2407 2407 1527 0 2407 2264 136 2407 1894 0 2292 362 2407 2407 49 2015 1285 2407 1995 2407 1320 1252 4 2407 66 789 2407 1695 1752 1737 592 1558 310 23 1593 327 26 0 72 1591 1941 2407 41 144 2407 1549 0 1209 706 2407 1546 1641 1734 1796 2407
47 8 2407 2407 2407 2407 1527 0 2407 2264 136 2407 1894 0 2292 362 2407 2407 49 2015 1285 2407 1995 2407 1320 1252 4 2407 66 789 2407 1695 1752 1737 592 1558 310 23 1593 327 26 0 72 1591 1941 2407 41 144 2407 1549 0 1209 706 2407 1546 1641 1734 1796 2407
439 527 1527 1527 1527 1527 2407 0 1527 1597 585 1527 1014 519 1527 182 1527 1527 568 1393 517 1527 1115 1527 440 372 523 1527 198 179 1527 1251 1378 1394 603 1374 82 356 1445 323 545 519 134 1415 1364 1527 51 356 1527 1390 519 439 526 1527 1348 1348 1374 1393 1527
0 0 0 0 0 0 0 2407 0 0 0 0 14 0 36 31 0 0 0 4 54 0 0 0 284 2 0 0 11 0 0 22 43 0 0 0 0 17 0 194 3 0 48 0 0 0 22 3 0 8 0 24 11 0 0 2 0 3 0
47 8 2407 2407 2407 2407 1527 0 2407 2264 136 2407 1894 0 2292 362 2407 2407 49 2015 1285 2407 1995 2407 1320 1252 4 2407 66 789 2407 1695 1752 1737 592 1558 310 23 1593 327 26 0 72 1591 1941 2407 41 144 2407 1549 0 1209 706 2407 1546 1641 1734 1796 2407
47 8 2264 2264 2264 2264 1597 0 2264 2407 136 2264 1751 0 2149 317 2264 2264 49 2006 1254 2264 1852 2264 1177 1109 4 2264 66 646 2264 1552 1790 1706 449 1596 272 61 1664 327 26 0 137 1629 1910 2264 17 182 2264 1596 0 1066 744 2264 1546 1641 1772 1799 2264
1072 1176 136 136 136 136 585 0 136 136 2407 136 177 682 136 742 136 136 831 196 428 136 156 136 162 460 1180 136 904 2 136 150 152 136 1124 136 578 1036 136 181 1211 1184 313 136 136 136 156 1013 136 136 1184 140 215 136 136 136 136 136 136
47 8 2407 2407 2407 2407 1527 0 2407 2264 136 2407 1894 0 2292 362 2407 2407 49 2015 1285 2407 1995 2407 1320 1252 4 2407 66 789 2407 1695 1752 1737 592 1558 310 23 1593 327 26 0 72 1591 1941 2407 41 144 2407 1549 0 1209 706 2407 1546 1641 1734 1796 2407
85 46 1894 1894 1894 1894 1014 14 1894 1751 177 1894 2407 258 1779 409 1894 1894 21 1502 1076 1894 1482 1894 1277 1193 42 1894 104 821 1894 1366 1239 1224 630 1045 348 61 1080 238 54 38 58 1078 1428 1894 89 182 1894 1036 38 1157 495 1894 1033 1128 1221 1283 1894
945 1148 0 0 0 0 519 0 0 0 682 0 258 2407 0 576 0 0 1227 253 72 0 0 0 14 4 1152 0 338 0 0 13 16 0 564 0 12 470 0 319 1157 1156 41 0 0 0 782 470 0 0 1156 634 291 0 0 0 0 0 0
47 8 2292 2292 2292 2292 1527 36 2292 2149 136 2292 1779 0 2407 247 2292 2292 49 1900 1170 2292 1880 2292 1205 1137 4 2292 66 789 2292 1580 1637 1622 592 1464 312 23 1478 327 26 0 72 1476 1826 2292 41 144 2292 1434 0 1094 591 2292 1431 1526 1619 1681 2292
1348 1316 362 362 362 362 182 31 362 317 742 362 409 576 247 2407 362 362 1051 330 1005 362 642 362 514 853 1316 362 1139 101 362 382 278 363 1021 329 932 946 274 44 1344 1316 773 289 303 362 531 855 362 379 1316 554 600 362 507 510 274 249 362
47 8 2407 2407 2407 2407 1527 0 2407 2264 136 2407 1894 0 2292 362 2407 2407 49 2015 1285 2407 1995 2407 1320 1252 4 2407 66 789 2407 1695 1752 1737 592 1558 310 23 1593 327 26 0 72 1591 1941 2407 41 144 2407 1549 0 1209 706 2407 1546 1641 1734 1796 2407
47 8 2407 2407 2407 2407 1527 0 2407 2264 136 2407 1894 0 2292 362 2407 2407 49 2015 1285 2407 1995 2407 1320 1252 4 2407 66 789 2407 1695 1752 1737 592 1558 310 23 1593 327 26 0 72 1591 1941 2407 41 144 2407 1549 0 1209 706 2407 1546 1641 1734 1796 2407
1625 1828 49 49 49 49 568 0 49 49 831 49 21 1227 49 1051 49 49 2407 302 472 49 297 49 245 414 1832 49 1018 153 49 54 65 49 1244 49 692 1150 49 50 1746 1836 624 49 49 49 106 1058 49 49 1836 114 312 49 49 49 49 49 49
173 245 2015 2015 2015 2015 1393 4 2015 2006 196 2015 1502 253 1900 330 2015 2015 302 2407 1010 2015 1603 2015 928 860 249 2015 66 397 2015 1371 1833 1724 200 1627 251 92 1593 270 279 253 78 1647 1952 2015 40 213 2015 1618 253 817 775 2015 1564 1641 1803 1684 2015
688 663 1285 1285 1285 1285 517 54 1285 1254 428 1285 1076 72 1170 1005 1285 1285 472 1010 2407 1285 1565 1285 1233 1562 659 1285 721 645 1285 636 842 681 1103 648 886 746 634 84 683 655 618 681 959 1285 171 775 1285 612 655 1060 906 1285 568 663 824 886 1285
47 8 2407 2407 2407 2407 1527 0 2407 2264 136 2407 1894 0 2292 362 2407 2407 49 2015 1285 2407 1995 2407 1320 1252 4 2407 66 789 2407 1695 1752 1737 592 1558 310 23 1593 327 26 0 72 1591 1941 2407 41 144 2407 1549 0 1209 706 2407 1546 1641 1734 1796 2407
327 288 1995 1995 1995 1995 1115 0 1995 1852 156 1995 1482 0 1880 642 1995 1995 297 1603 1565 1995 2407 1995 1325 1457 284 1995 346 789 1995 1283 1340 1325 872 1146 590 303 1181 327 306 280 352 1179 1529 1995 41 430 1995 1137 280 1209 694 1995 1134 1229 1322 1384 1995
47 8 2407 2407 2407 2407 1527 0 2407 2264 136 2407 1894 0 2292 362 2407 2407 49 2015 1285 2407 1995 2407 1320 1252 4 2407 66 789 2407 1695 1752 1737 592 1558 310 23 1593 327 26 0 72 1591 1941 2407 41 144 2407 1549 0 1209 706 2407 1546 1641 1734 1796 2407
496 457 1320 1320 1320 1320 440 284 1320 1177 162 1320 1277 14 1205 514 1320 1320 245 928 1233 1320 1325 1320 2407 1491 453 1320 515 813 1320 722 665 650 1041 471 759 472 506 167 452 449 294 504 854 1320 55 571 1320 462 449 1116 607 1320 459 554 647 709 1320
1009 970 1252 1252 1252 1252 372 2 1252 1109 460 1252 1193 4 1137 853 1252 1252 414 860 1562 1252 1457 1252 1491 2407 966 1252 1028 804 1252 631 597 582 1554 403 1272 985 438 79 872 962 773 436 786 1252 45 1097 1252 394 962 1131 514 1252 391 486 579 641 1252
2192 2403 4 4 4 4 523 0 4 4 1180 4 42 1152 4 1316 4 4 1832 249 659 4 284 4 453 966 2407 4 1589 4 4 18 12 0 1819 0 1263 1721 0 46 2313 2403 955 0 0 4 0 1629 4 0 2403 16 305 4 0 0 0 0 4
47 8 2407 2407 2407 2407 1527 0 2407 2264 136 2407 1894 0 2292 362 2407 2407 49 2015 1285 2407 1995 2407 1320 1252 4 2407 66 789 2407 1695 1752 1737 592 1558 310 23 1593 327 26 0 72 1591 1941 2407 41 144 2407 1549 0 1209 706 2407 1546 1641 1734 1796 2407
1624 1589 66 66 66 66 198 11 66 66 904 66 104 338 66 1139 66 66 1018 66 721 66 346 66 515 1028 1589 66 2407 37 66 196 66 153 1589 167 1313 1589 4 9 1499 1589 1046 68 66 66 284 1497 66 234 1589 31 222 66 413 775 66 3 66
47 8 789 789 789 789 179 0 789 646 2 789 821 0 789 101 789 789 153 397 645 789 789 789 813 804 4 789 37 2407 789 400 134 119 592 106 317 23 1 74 2 0 145 133 323 789 139 144 789 0 0 708 164 789 24 23 116 235 789
47 8 2407 2407 2407 2407 1527 0 2407 2264 136 2407 1894 0 2292 362 2407 2407 49 2015 1285 2407 1995 2407 1320 1252 4 2407 66 789 2407 1695 1752 1737 592 1558 310 23 1593 327 26 0 72 1591 1941 2407 41 144 2407 1549 0 1209 706 2407 1546 1641 1734 1796 2407
70 22 1695 1695 1695 1695 1251 22 1695 1552 150 1695 1366 13 1580 382 1695 1695 54 1371 636 1695 1283 1695 722 631 18 1695 196 400 1695 2407 1500 1674 372 1325 230 118 1273 345 40 14 307 1359 1435 1695 375 107 1695 1317 14 679 374 1695 1455 1447 1487 1306 1695
85 8 1752 1752 1752 1752 1378 43 1752 1790 152 1752 1239 16 1637 278 1752 1752 65 1833 842 1752 1340 1752 665 597 12 1752 66 134 1752 1500 2407 2101 4 1947 154 516 1593 253 42 16 77 1966 2069 1752 294 477 1752 1898 16 554 1086 1752 1813 1641 2309 1840 1752
83 0 1737 1737 1737 1737 1394 0 1737 1706 136 1737 1224 0 1622 363 1737 1737 49 1724 681 1737 1325 1737 650 582 0 1737 153 119 1737 1674 2101 2407 83 1893 214 424 1616 258 26 0 187 1928 1948 1737 380 383 1737 1815 0 591 989 1737 1845 1738 2124 1753 1737
1731 1823 592 592 592 592 603 0 592 449 1124 592 630 564 592 1021 592 592 1244 200 1103 592 872 592 1041 1554 1819 592 1589 592 592 372 4 83 2407 0 1487 1728 0 103 1725 1815 968 40 126 592 32 1704 592 0 1815 604 374 592 0 0 0 228 592
91 0 1558 1558 1558 1558 1374 0 1558 1596 136 1558 1045 0 1464 329 1558 1558 49 1627 648 1558 1146 1558 471 403 0 1558 167 106 1558 1325 1947 1893 0 2407 267 472 1519 258 26 0 262 1991 1908 1558 357 511 1558 1804 0 550 1190 1558 1801 1696 1979 1831 1558
1292 1263 310 310 310 310 82 0 310 272 578 310 348 12 312 932 310 310 692 251 886 310 590 310 759 1272 1263 310 1313 317 310 230 154 214 1487 267 2407 1453 89 7 1173 1263 1074 155 286 310 113 1451 310 100 1263 354 493 310 94 70 172 165 310
1669 1721 23 23 23 23 356 17 23 61 1036 23 61 470 23 946 23 23 1150 92 746 23 303 23 472 985 1721 23 1589 23 23 118 516 424 1728 472 1453 2407 0 34 1631 1721 966 383 376 23 230 2081 23 349 1721 35 841 23 203 0 548 307 23
27 0 1593 1593 1593 1593 1445 0 1593 1664 136 1593 1080 0 1478 274 1593 1593 49 1593 634 1593 1181 1593 506 438 0 1593 4 1 1593 1273 1593 1616 0 1519 89 0 2407 256 26 0 179 1608 1614 1593 21 0 1593 1549 0 505 611 1593 1593 1593 1643 1573 1593
15 46 327 327 327 327 323 194 327 327 181 327 238 319 327 44 327 327 50 270 84 327 327 327 167 79 46 327 9 74 327 345 253 258 103 258 7 34 256 2407 72 46 36 259 258 327 313 24 327 253 46 437 40 327 253 253 258 258 327
2106 2309 26 26 26 26 545 3 26 26 1211 26 54 1157 26 1344 26 26 1746 279 683 26 306 26 452 872 2313 26 1499 2 26 40 42 26 1725 26 1173 1631 26 72 2407 2317 869 26 26 26 28 1539 26 26 2317 37 333 26 26 26 26 26 26
2196 2399 0 0 0 0 519 0 0 0 1184 0 38 1156 0 1316 0 0 1836 253 655 0 280 0 449 962 2403 0 1589 0 0 14 16 0 1815 0 1263 1721 0 46 2317 2407 959 0 0 0 0 1629 0 0 2407 12 305 0 0 0 0 0 0
1011 957 72 72 72 72 134 48 72 137 313 72 58 41 72 773 72 72 624 78 618 72 352 72 294 773 955 72 1046 145 72 307 77 187 968 262 1074 966 179 36 869 959 2407 305 82 72 643 872 72 34 959 163 380 72 210 182 62 119 72
65 0 1591 1591 1591 1591 1415 0 1591 1629 136 1591 1078 0 1476 289 1591 1591 49 1647 681 1591 1179 1591 504 436 0 1591 68 133 1591 1359 1966 1928 40 1991 155 383 1608 259 26 0 305 2407 1770 1591 424 342 1591 1785 0 560 1080 1591 1810 1627 1980 1809 1591
74 0 1941 1941 1941 1941 1364 0 1941 1910 136 1941 1428 0 1826 303 1941 1941 49 1952 959 1941 1529 1941 854 786 0 1941 66 323 1941 1435 2069 1948 126 1908 286 376 1614 258 26 0 82 1770 2407 1941 197 497 1941 1749 0 743 1059 1941 1663 1641 2087 1824 1941
47 8 2407 2407 2407 2407 1527 0 2407 2264 136 2407 1894 0 2292 362 2407 2407 49 2015 1285 2407 1995 2407 1320 1252 4 2407 66 789 2407 1695 1752 1737 592 1558 310 23 1593 327 26 0 72 1591 1941 2407 41 144 2407 1549 0 1209 706 2407 1546 1641 1734 1796 2407
35 0 41 41 41 41 51 22 41 17 156 41 89 782 41 531 41 41 106 40 171 41 41 41 55 45 0 41 284 139 41 375 294 380 32 357 113 230 21 313 28 0 643 424 197 41 2407 189 41 383 0 993 591 41 601 325 285 41 41
1626 1629 144 144 144 144 356 3 144 182 1013 144 182 470 144 855 144 144 1058 213 775 144 430 144 571 1097 1629 144 1497 144 144 107 477 383 1704 511 1451 2081 0 24 1539 1629 872 342 497 144 189 2407 144 321 1629 156 760 144 162 0 507 314 144
47 8 2407 2407 2407 2407 1527 0 2407 2264 136 2407 1894 0 2292 362 2407 2407 49 2015 1285 2407 1995 2407 1320 1252 4 2407 66 789 2407 1695 1752 1737 592 1558 310 23 1593 327 26 0 72 1591 1941 2407 41 144 2407 1549 0 1209 706 2407 1546 1641 1734 1796 2407
0 0 1549 1549 1549 1549 1390 8 1549 1596 136 1549 1036 0 1434 379 1549 1549 49 1618 612 1549 1137 1549 462 394 0 1549 234 0 1549 1317 1898 1815 0 1804 100 349 1549 253 26 0 34 1785 1749 1549 383 321 1549 2407 0 461 927 1549 1889 1774 1898 1715 1549
2196 2399 0 0 0 0 519 0 0 0 1184 0 38 1156 0 1316 0 0 1836 253 655 0 280 0 449 962 2403 0 1589 0 0 14 16 0 1815 0 1263 1721 0 46 2317 2407 959 0 0 0 0 1629 0 0 2407 12 305 0 0 0 0 0 0
38 20 1209 1209 1209 1209 439 24 1209 1066 140 1209 1157 634 1094 554 1209 1209 114 817 1060 1209 1209 1209 1116 1131 16 1209 31 708 1209 679 554 591 604 550 354 35 505 437 37 12 163 560 743 1209 993 156 1209 461 12 2407 661 1209 538 543 536 713 1209
281 305 706 706 706 706 526 11 706 744 215 706 495 291 591 600 706 706 312 775 906 706 694 706 607 514 305 706 222 164 706 374 1086 989 374 1190 493 841 611 40 333 305 380 1080 1059 706 591 760 706 927 305 661 2407 706 867 625 1118 920 706
47 8 2407 2407 2407 2407 1527 0 2407 2264 136 2407 1894 0 2292 362 2407 2407 49 2015 1285 2407 1995 2407 1320 1252 4 2407 66 789 2407 1695 1752 1737 592 1558 310 23 1593 327 26 0 72 1591 1941 2407 41 144 2407 1549 0 1209 706 2407 1546 1641 1734 1796 2407
46 0 1546 1546 1546 1546 1348 0 1546 1546 136 1546 1033 0 1431 507 1546 1546 49 1564 568 1546 1134 1546 459 391 0 1546 413 24 1546 1455 1813 1845 0 1801 94 203 1593 253 26 0 210 1810 1663 1546 601 162 1546 1889 0 538 867 1546 2407 1982 1842 1566 1546
35 0 1641 1641 1641 1641 1348 2 1641 1641 136 1641 1128 0 1526 510 1641 1641 49 1641 663 1641 1229 1641 554 486 0 1641 775 23 1641 1447 1641 1738 0 1696 70 0 1593 253 26 0 182 1627 1641 1641 325 0 1641 1774 0 543 625 1641 1982 2407 1641 1575 1641
80 0 1734 1734 1734 1734 1374 0 1734 1772 136 1734 1221 0 1619 274 1734 1734 49 1803 824 1734 1322 1734 647 579 0 1734 66 116 1734 1487 2309 2124 0 1979 172 548 1643 258 26 0 62 1980 2087 1734 285 507 1734 1898 0 536 1118 1734 1842 1641 2407 1886 1734
57 0 1796 1796 1796 1796 1393 3 1796 1799 136 1796 1283 0 1681 249 1796 1796 49 1684 886 1796 1384 1796 709 641 0 1796 3 235 1796 1306 1840 1753 228 1831 165 307 1573 258 26 0 119 1809 1824 1796 41 314 1796 1715 0 713 920 1796 1566 1575 1886 2407 1796
47 8 2407 2407 2407 2407 1527 0 2407 2264 136 2407 1894 0 2292 362 2407 2407 49 2015 1285 2407 1995 2407 1320 1252 4 2407 66 789 2407 1695 1752 1737 592 1558 310 23 1593 327 26 0 72 1591 1941 2407 41 144 2407 1549 0 1209 706 2407 1546 1641 1734 1796 2407
