4009 892 72 1796 191 1768 546 1847 7 109 562 755 472 345 705 1298 248 159 778 686 1019 281 333 187 1576 1307 621 211 850 157 1328 266 203 1720 728 610 209 1847 1847 153 1297 1300 974 1215 1841 294 209 3 1847 610 1297 487 396 1686 1304 227 1847 1257 276
892 4009 202 1503 213 1451 869 1775 15 146 457 572 332 164 371 855 361 147 166 228 1038 248 751 260 1689 983 1034 455 696 116 1099 79 10 1648 260 625 80 1775 1775 168 1172 1144 1320 975 1608 46 80 7 1775 891 1229 194 116 1448 1004 185 1775 1078 57
72 202 4009 14 0 14 52 14 39 336 207 123 4 0 646 82 621 171 39 86 306 208 106 598 114 76 26 170 389 802 32 657 2 14 274 589 123 14 14 558 14 38 14 177 14 123 123 0 14 0 14 74 324 14 60 589 14 14 720
1796 1503 14 4009 0 3384 1144 3381 0 75 305 587 647 578 1638 2678 49 58 1167 1145 1058 188 518 382 2741 2777 1406 181 653 0 2748 0 6 3254 1240 370 0 3381 3381 145 2741 2939 2142 2756 3431 64 0 0 3381 640 2741 953 306 2783 3023 24 3381 2741 47
191 213 0 0 4009 0 189 0 0 256 738 781 879 0 101 0 5 580 50 123 582 292 417 422 19 651 375 52 0 0 633 44 1303 0 11 134 1368 0 0 0 698 608 664 0 0 657 1368 753 0 4 641 729 1157 1 501 628 0 817 0
1768 1451 14 3384 0 4009 1106 3418 0 75 305 587 587 629 1425 2654 17 234 1167 1145 870 189 688 120 2779 2792 1443 218 823 0 2792 0 6 3291 1240 356 0 3418 3418 40 2792 2875 2193 2793 3506 269 0 0 3418 626 2792 939 306 2775 2893 10 3418 2792 47
546 869 52 1144 189 1106 4009 1217 15 312 91 159 419 104 223 1151 331 79 573 520 335 418 270 577 1447 1229 598 220 161 6 1172 0 271 1217 609 132 159 1217 1217 821 1175 1229 1177 1331 1126 34 159 81 1217 51 1217 326 493 1161 1118 49 1217 1257 47
1847 1775 14 3381 0 3418 1217 4009 0 75 483 587 697 630 1573 2653 16 58 1167 1145 1090 572 671 70 3266 2953 2034 620 651 0 3230 52 6 3882 1240 634 0 4009 4009 0 3311 3102 2746 2897 3760 20 0 0 4009 850 3368 987 306 2888 2882 159 4009 3192 47
7 15 39 0 0 0 15 0 4009 315 16 0 207 0 8 0 15 3 1073 86 4 72 14 422 10 0 47 18 180 454 0 10 19 0 20 13 0 0 0 0 0 0 4 0 0 11 0 52 0 7 0 1 44 0 0 37 0 0 16
109 146 336 75 256 75 312 75 315 4009 2 173 95 159 0 75 3 497 417 320 69 209 30 547 203 75 75 110 49 282 75 565 445 75 339 568 173 75 75 76 75 75 75 75 75 87 173 28 75 16 75 401 575 75 75 556 75 75 623
562 457 207 305 738 305 91 483 16 2 4009 124 402 32 453 425 198 102 78 204 393 357 552 35 481 762 259 297 1072 212 756 310 597 483 96 170 389 483 483 68 764 634 789 479 473 409 389 359 483 78 802 416 557 284 503 464 483 764 291
755 572 123 587 781 587 159 587 0 173 124 4009 400 127 50 0 12 12 19 290 614 360 281 34 623 64 203 128 603 375 46 715 339 460 18 388 3422 587 587 0 111 21 134 0 587 2711 3422 501 587 591 54 44 205 587 61 976 587 230 571
472 332 4 647 879 587 419 697 207 95 402 400 4009 1906 472 544 3 33 711 195 180 159 341 30 705 1372 698 893 48 25 1330 25 1178 697 150 162 987 697 697 709 1395 1371 1477 585 624 749 987 753 697 12 1338 671 963 254 1177 660 697 1514 32
345 164 0 578 0 629 104 630 0 159 32 127 1906 4009 528 549 0 12 757 221 233 40 62 30 630 630 611 723 22 0 630 1 185 630 117 2 127 630 630 924 630 630 744 630 630 127 127 0 630 0 630 127 273 178 630 20 630 630 7
705 371 646 1638 101 1425 223 1573 8 0 453 50 472 528 4009 1670 864 97 673 748 400 675 321 325 934 1455 843 365 106 15 1573 421 43 1573 769 4 50 1573 1573 451 1573 1425 974 1526 1623 144 50 0 1573 0 1573 726 94 791 1674 50 1573 1573 97
1298 855 82 2678 0 2654 1151 2653 0 75 425 0 544 549 1670 4009 376 66 1167 1145 143 400 374 45 2028 2673 1126 212 25 0 2718 671 6 2653 1240 8 0 2653 2653 32 2653 2662 2054 2654 2673 3 0 0 2653 0 2653 914 306 2173 2714 0 2653 2653 47
248 361 621 49 5 17 331 16 15 3 198 12 3 0 864 376 4009 420 0 5 276 241 1353 512 37 7 69 71 467 0 7 1198 30 54 10 1397 3 16 16 408 7 31 99 252 16 3 3 0 16 100 7 15 19 18 100 553 16 7 3
159 147 171 58 580 234 79 58 3 497 102 12 33 12 97 66 420 4009 82 192 626 221 476 156 36 75 191 60 121 28 58 385 3 58 54 731 12 58 58 36 58 65 23 78 197 234 12 357 58 351 58 70 43 352 141 269 58 58 314
778 166 39 1167 50 1167 573 1167 1073 417 78 19 711 757 673 1167 0 82 4009 1155 127 208 51 54 588 1167 155 723 32 217 1167 10 61 1167 1215 13 19 1167 1167 620 1167 1167 624 1167 1167 30 19 0 1167 10 1167 1040 332 1167 1167 26 1167 1167 47
686 228 86 1145 123 1145 520 1145 86 320 204 290 195 221 748 1145 5 192 1155 4009 146 75 156 75 506 1145 66 65 60 308 1145 144 95 1145 1254 149 290 1145 1145 0 1145 1145 546 1145 1145 222 290 59 1145 59 1145 1332 473 1145 1145 136 1145 1145 333
1019 1038 306 1058 582 870 335 1090 4 69 393 614 180 233 400 143 276 626 127 146 4009 134 366 147 1022 291 605 312 920 204 311 15 244 963 133 591 27 1090 1090 114 392 605 426 244 906 47 27 0 1090 846 449 203 188 888 358 174 1090 273 267
281 248 208 188 292 189 418 572 72 209 357 360 159 40 675 400 241 221 208 75 134 4009 99 554 606 310 631 629 8 178 581 617 416 572 136 126 360 572 572 367 572 273 625 254 476 360 360 1 572 56 572 191 312 150 333 351 572 549 234
333 751 106 518 417 688 270 671 14 30 552 281 341 62 321 374 1353 476 51 156 366 99 4009 419 588 688 532 303 653 0 707 795 398 643 94 1529 482 671 671 131 761 828 805 447 590 529 482 292 671 269 818 381 312 456 700 905 671 694 0
187 260 598 382 422 120 577 70 422 547 35 34 30 30 325 45 512 156 54 75 147 554 419 4009 89 87 70 58 564 220 70 483 449 70 50 516 34 70 70 795 70 177 70 70 109 109 34 97 70 97 70 106 389 38 243 483 70 70 42
1576 1689 114 2741 19 2779 1447 3266 10 203 481 623 705 630 934 2028 37 36 588 506 1022 606 588 89 4009 2379 1968 572 667 17 2633 112 45 3139 601 551 36 3266 3266 10 2627 2359 2607 2258 3147 85 36 0 3266 746 2627 332 361 2145 2243 91 3266 2553 54
1307 983 76 2777 651 2792 1229 2953 0 75 762 64 1372 630 1455 2673 7 75 1167 1145 291 310 688 87 2379 4009 1424 166 176 0 3599 22 657 2953 1240 155 651 2953 2953 17 3604 3508 3005 2973 2909 625 651 651 2953 32 3594 1515 957 2177 3321 616 2953 3604 47
621 1034 26 1406 375 1443 598 2034 47 75 259 203 698 611 843 1126 69 191 155 66 605 631 532 70 1968 1424 4009 735 205 141 1701 168 6 2034 91 446 62 2034 2034 34 1782 1573 1843 1368 1785 82 62 2 2034 407 1839 94 22 913 1353 222 2034 1663 62
211 455 170 181 52 218 220 620 18 110 297 128 893 723 365 212 71 60 723 65 312 629 303 58 572 166 735 4009 162 100 404 407 203 677 241 363 14 620 620 1799 395 233 429 289 601 32 14 0 620 232 452 105 272 270 164 281 620 388 194
850 696 389 653 0 823 161 651 180 49 1072 603 48 22 106 25 467 121 32 60 920 8 653 564 667 176 205 162 4009 20 41 797 45 524 8 1153 16 651 651 282 23 43 23 159 672 172 16 0 651 628 23 79 5 743 84 807 651 23 442
157 116 802 0 0 0 6 0 454 282 212 375 25 0 15 0 0 28 217 308 204 178 0 220 17 0 141 100 20 4009 0 436 433 0 1200 476 375 0 0 0 0 0 0 0 0 547 375 218 0 25 0 345 1307 0 0 694 0 0 915
1328 1099 32 2748 633 2792 1172 3230 0 75 756 46 1330 630 1573 2718 7 58 1167 1145 311 581 707 70 2633 3599 1701 404 41 0 4009 158 639 3230 1240 194 633 3230 3230 0 3853 3539 3254 2897 3113 632 633 633 3230 71 3855 1525 939 2197 3322 626 3230 3825 47
266 79 657 0 44 0 0 52 10 565 310 715 25 1 421 671 1198 385 10 144 15 617 795 483 112 22 168 407 797 436 158 4009 295 52 469 2286 715 52 52 0 52 24 109 52 89 864 715 335 52 0 52 25 618 193 0 2621 52 52 1485
203 10 2 6 1303 6 271 6 19 445 597 339 1178 185 43 6 30 3 61 95 244 416 398 449 45 657 6 203 45 433 639 295 4009 6 478 404 926 6 6 245 704 614 670 6 6 827 926 844 6 4 647 835 1784 7 507 1061 6 823 433
1720 1648 14 3254 0 3291 1217 3882 0 75 483 460 697 630 1573 2653 54 58 1167 1145 963 572 643 70 3139 2953 2034 677 524 0 3230 52 6 4009 1240 576 0 3882 3882 0 3311 3102 2746 3024 3633 20 0 0 3882 723 3368 987 306 2761 2882 159 3882 3192 47
728 260 274 1240 11 1240 609 1240 20 339 96 18 150 117 769 1240 10 54 1215 1254 133 136 94 50 601 1240 91 241 8 1200 1240 469 478 1240 4009 509 18 1240 1240 15 1240 1240 641 1240 1240 161 18 218 1240 25 1240 1020 1404 1240 1240 727 1240 1240 888
610 625 589 370 134 356 132 634 13 568 170 388 162 2 4 8 1397 731 13 149 591 126 1529 516 551 155 446 363 1153 476 194 2286 404 576 509 4009 140 634 634 33 275 332 319 0 392 267 140 75 634 580 332 178 727 475 87 2224 634 156 1314
209 80 123 0 1368 0 159 0 0 173 389 3422 987 127 50 0 3 12 19 290 27 360 482 34 36 651 62 14 16 375 633 715 926 0 18 140 4009 0 0 0 698 608 721 0 0 3298 4009 1088 0 4 641 631 792 0 501 1563 0 817 571
1847 1775 14 3381 0 3418 1217 4009 0 75 483 587 697 630 1573 2653 16 58 1167 1145 1090 572 671 70 3266 2953 2034 620 651 0 3230 52 6 3882 1240 634 0 4009 4009 0 3311 3102 2746 2897 3760 20 0 0 4009 850 3368 987 306 2888 2882 159 4009 3192 47
1847 1775 14 3381 0 3418 1217 4009 0 75 483 587 697 630 1573 2653 16 58 1167 1145 1090 572 671 70 3266 2953 2034 620 651 0 3230 52 6 3882 1240 634 0 4009 4009 0 3311 3102 2746 2897 3760 20 0 0 4009 850 3368 987 306 2888 2882 159 4009 3192 47
153 168 558 145 0 40 821 0 0 76 68 0 709 924 451 32 408 36 620 0 114 367 131 795 10 17 34 1799 282 0 0 0 245 0 15 33 0 0 0 4009 0 24 0 0 21 0 0 0 0 0 0 9 256 0 154 0 0 0 2
1297 1172 14 2741 698 2792 1175 3311 0 75 764 111 1395 630 1573 2653 7 58 1167 1145 392 572 761 70 2627 3604 1782 395 23 0 3853 52 704 3311 1240 275 698 3311 3311 0 4009 3620 3376 2897 3098 611 698 698 3311 152 3952 1538 1004 2190 3322 693 3311 3890 47
1300 1144 38 2939 608 2875 1229 3102 0 75 634 21 1371 630 1425 2662 31 65 1167 1145 605 273 828 177 2359 3508 1573 233 43 0 3539 24 614 3102 1240 332 608 3102 3102 24 3620 4009 3055 2807 2896 654 608 608 3102 220 3677 1581 914 2304 3400 767 3102 3501 47
974 1320 14 2142 664 2193 1177 2746 4 75 789 134 1477 744 974 2054 99 23 624 546 426 625 805 70 2607 3005 1843 429 23 0 3254 109 670 2746 641 319 721 2746 2746 0 3376 3055 4009 2298 2499 668 721 846 2746 578 3387 938 970 1625 2723 784 2746 3257 62
1215 975 177 2756 0 2793 1331 2897 0 75 479 0 585 630 1526 2654 252 78 1167 1145 244 254 447 70 2258 2973 1368 289 159 0 2897 52 6 3024 1240 0 0 2897 2897 0 2897 2807 2298 4009 2897 0 0 0 2897 0 2897 914 306 2163 2887 0 2897 2897 47
1841 1608 14 3431 0 3506 1126 3760 0 75 473 587 624 630 1623 2673 16 197 1167 1145 906 476 590 109 3147 2909 1785 601 672 0 3113 89 6 3633 1240 392 0 3760 3760 21 3098 2896 2499 2897 4009 114 0 0 3760 662 3119 975 306 2865 2889 46 3760 3098 47
294 46 123 64 657 269 34 20 11 87 409 2711 749 127 144 3 3 234 30 222 47 360 529 109 85 625 82 32 172 547 632 864 827 20 161 267 3298 20 20 0 611 654 668 0 114 4009 3298 946 20 20 611 658 793 85 545 1733 20 611 743
209 80 123 0 1368 0 159 0 0 173 389 3422 987 127 50 0 3 12 19 290 27 360 482 34 36 651 62 14 16 375 633 715 926 0 18 140 4009 0 0 0 698 608 721 0 0 3298 4009 1088 0 4 641 631 792 0 501 1563 0 817 571
3 7 0 0 753 0 81 0 52 28 359 501 753 0 0 0 0 357 0 59 0 1 292 97 0 651 2 0 0 218 633 335 844 0 218 75 1088 0 0 0 698 608 846 0 0 946 1088 4009 0 2633 641 624 977 0 501 1188 0 753 218
1847 1775 14 3381 0 3418 1217 4009 0 75 483 587 697 630 1573 2653 16 58 1167 1145 1090 572 671 70 3266 2953 2034 620 651 0 3230 52 6 3882 1240 634 0 4009 4009 0 3311 3102 2746 2897 3760 20 0 0 4009 850 3368 987 306 2888 2882 159 4009 3192 47
610 891 0 640 4 626 51 850 7 16 78 591 12 0 0 0 100 351 10 59 846 56 269 97 746 32 407 232 628 25 71 0 4 723 25 580 4 850 850 0 152 220 578 0 662 20 4 2633 850 4009 209 83 25 745 61 184 850 33 25
1297 1229 14 2741 641 2792 1217 3368 0 75 802 54 1338 630 1573 2653 7 58 1167 1145 449 572 818 70 2627 3594 1839 452 23 0 3855 52 647 3368 1240 332 641 3368 3368 0 3952 3677 3387 2897 3119 611 641 641 3368 209 4009 1548 947 2247 3322 750 3368 3833 47
487 194 74 953 729 939 326 987 1 401 416 44 671 127 726 914 15 70 1040 1332 203 191 381 106 332 1515 94 105 79 345 1525 25 835 987 1020 178 631 987 987 9 1538 1581 938 914 975 658 631 624 987 83 1548 4009 1073 987 1415 696 987 1538 39
396 116 324 306 1157 306 493 306 44 575 557 205 963 273 94 306 19 43 332 473 188 312 312 389 361 957 22 272 5 1307 939 618 1784 306 1404 727 792 306 306 256 1004 914 970 306 306 793 792 977 306 25 947 1073 4009 293 807 1531 306 1088 925
1686 1448 14 2783 1 2775 1161 2888 0 75 284 587 254 178 791 2173 18 352 1167 1145 888 150 456 38 2145 2177 913 270 743 0 2197 193 7 2761 1240 475 0 2888 2888 0 2190 2304 1625 2163 2865 85 0 0 2888 745 2247 987 293 4009 2320 129 2888 2143 47
1304 1004 60 3023 501 2893 1118 2882 0 75 503 61 1177 630 1674 2714 100 141 1167 1145 358 333 700 243 2243 3321 1353 164 84 0 3322 0 507 2882 1240 87 501 2882 2882 154 3322 3400 2723 2887 2889 545 501 501 2882 61 3322 1415 807 2320 4009 501 2882 3322 47
227 185 589 24 628 10 49 159 37 556 464 976 660 20 50 0 553 269 26 136 174 351 905 483 91 616 222 281 807 694 626 2621 1061 159 727 2224 1563 159 159 0 693 767 784 0 46 1733 1563 1188 159 184 750 696 1531 129 501 4009 159 628 1998
1847 1775 14 3381 0 3418 1217 4009 0 75 483 587 697 630 1573 2653 16 58 1167 1145 1090 572 671 70 3266 2953 2034 620 651 0 3230 52 6 3882 1240 634 0 4009 4009 0 3311 3102 2746 2897 3760 20 0 0 4009 850 3368 987 306 2888 2882 159 4009 3192 47
1257 1078 14 2741 817 2792 1257 3192 0 75 764 230 1514 630 1573 2653 7 58 1167 1145 273 549 694 70 2553 3604 1663 388 23 0 3825 52 823 3192 1240 156 817 3192 3192 0 3890 3501 3257 2897 3098 611 817 753 3192 33 3833 1538 1088 2143 3322 628 3192 4009 47
276 57 720 47 0 47 47 47 16 623 291 571 32 7 97 47 3 314 47 333 267 234 0 42 54 47 62 194 442 915 47 1485 433 47 888 1314 571 47 47 2 47 47 62 47 47 743 571 218 47 25 47 39 925 47 47 1998 47 47 4009
