1826 0 248 0 64 1176 1540 18 0 1590 0 1604 84 91 1604 154 167 1604 1604 126 1111 1604 1591 880 1342 1074 0 1235 672 17 1604 1604 1604 0 163 0 0 0 0 255 0 1540 609 56 1604 0 0 0 1334 0 45 1604 1016 0 0 1175 1604 714 16
0 1826 0 0 0 428 0 0 0 14 1826 0 1006 1002 0 415 574 0 0 0 48 0 0 435 0 269 1826 0 1154 0 0 0 0 1826 0 1771 1826 1826 1826 0 1826 0 267 0 0 1826 1826 1826 0 1826 0 0 0 1826 1826 429 0 427 1790
248 0 1826 11 18 10 248 4 0 248 0 248 32 4 248 86 21 248 248 5 11 248 235 34 248 10 0 318 10 0 248 248 248 0 4 0 0 0 0 72 0 248 13 0 248 0 0 0 248 0 268 248 10 0 0 10 248 28 0
0 0 11 1826 0 0 1 0 0 0 0 0 0 0 0 38 13 0 0 0 0 0 0 2 0 0 0 0 0 0 0 0 0 0 0 0 0 0 0 0 0 0 4 0 0 0 0 0 0 0 168 0 37 0 0 0 0 0 0
64 0 18 0 1826 0 7 0 0 0 0 0 201 0 0 53 187 0 0 0 482 0 1 339 252 528 0 204 0 0 0 0 0 0 69 46 0 0 0 177 0 45 295 0 0 0 0 0 246 0 305 0 60 0 0 0 0 565 15
1176 428 10 0 0 1826 1334 0 0 1384 428 1398 512 519 1398 546 167 1398 1398 97 1293 1398 1398 1231 1136 1274 428 1029 1100 17 1398 1398 1398 428 79 428 428 428 428 165 428 1334 929 114 1398 428 428 428 1128 428 45 1398 1016 428 428 1825 1398 1135 444
1540 0 248 1 7 1334 1826 2 0 1748 0 1762 78 92 1762 144 167 1762 1762 91 1182 1762 1749 739 1500 946 0 1464 608 19 1762 1762 1762 0 145 0 0 0 0 343 0 1698 687 116 1762 0 0 0 1492 0 45 1762 952 0 0 1333 1762 645 16
18 0 4 0 0 0 2 1826 0 0 0 0 0 0 0 0 25 0 0 0 23 0 1 2 0 3 0 6 0 18 0 0 0 0 1337 1 0 0 0 14 0 7 4 496 0 0 0 0 16 0 18 0 3 0 0 0 0 2 1
0 0 0 0 0 0 0 0 1826 0 0 0 16 329 0 0 36 0 0 0 0 0 0 8 0 0 0 9 0 0 0 0 0 0 0 0 0 0 0 0 0 0 21 0 0 0 0 0 2 0 0 0 0 0 0 0 0 0 0
1590 14 248 0 0 1384 1748 0 0 1826 14 1812 84 91 1812 144 181 1812 1812 83 1232 1812 1799 789 1564 996 14 1443 658 17 1812 1812 1812 14 129 0 14 14 14 338 14 1748 680 114 1812 14 14 14 1556 14 45 1812 1002 14 14 1383 1812 695 16
0 1826 0 0 0 428 0 0 0 14 1826 0 1006 1002 0 415 574 0 0 0 48 0 0 435 0 269 1826 0 1154 0 0 0 0 1826 0 1771 1826 1826 1826 0 1826 0 267 0 0 1826 1826 1826 0 1826 0 0 0 1826 1826 429 0 427 1790
1604 0 248 0 0 1398 1762 0 0 1812 0 1826 84 91 1826 144 167 1826 1826 97 1246 1826 1813 803 1564 1010 0 1457 672 17 1826 1826 1826 0 143 0 0 0 0 338 0 1762 680 114 1826 0 0 0 1556 0 45 1826 1016 0 0 1397 1826 709 16
84 1006 32 0 201 512 78 0 16 84 1006 84 1826 1134 84 457 0 84 84 26 132 84 84 525 14 353 1006 91 1090 36 84 84 84 1006 44 1006 1006 1006 1006 155 1006 84 350 0 84 1006 1006 1006 14 1006 153 84 84 1006 1006 513 84 626 1016
91 1002 4 0 0 519 92 0 329 91 1002 91 1134 1826 91 426 4 91 91 17 139 91 91 519 24 360 1002 83 1086 19 91 91 91 1002 45 1002 1002 1002 1002 12 1002 91 281 0 91 1002 1002 1002 26 1002 15 91 91 1002 1002 520 91 517 1013
1604 0 248 0 0 1398 1762 0 0 1812 0 1826 84 91 1826 144 167 1826 1826 97 1246 1826 1813 803 1564 1010 0 1457 672 17 1826 1826 1826 0 143 0 0 0 0 338 0 1762 680 114 1826 0 0 0 1556 0 45 1826 1016 0 0 1397 1826 709 16
154 415 86 38 53 546 144 0 0 144 415 144 457 426 144 1826 99 144 144 139 159 144 144 565 171 351 415 144 415 47 144 144 144 415 0 415 415 415 415 73 415 144 381 10 144 415 415 415 171 415 213 144 159 415 415 545 144 482 415
167 574 21 13 187 167 167 25 36 181 574 167 0 4 167 99 1826 167 167 12 217 167 168 282 167 179 574 126 98 1 167 167 167 574 46 519 574 574 574 0 574 212 40 23 167 574 574 574 167 574 239 167 266 574 574 167 167 169 538
1604 0 248 0 0 1398 1762 0 0 1812 0 1826 84 91 1826 144 167 1826 1826 97 1246 1826 1813 803 1564 1010 0 1457 672 17 1826 1826 1826 0 143 0 0 0 0 338 0 1762 680 114 1826 0 0 0 1556 0 45 1826 1016 0 0 1397 1826 709 16
1604 0 248 0 0 1398 1762 0 0 1812 0 1826 84 91 1826 144 167 1826 1826 97 1246 1826 1813 803 1564 1010 0 1457 672 17 1826 1826 1826 0 143 0 0 0 0 338 0 1762 680 114 1826 0 0 0 1556 0 45 1826 1016 0 0 1397 1826 709 16
126 0 5 0 0 97 91 0 0 83 0 97 26 17 97 139 12 97 97 1826 99 97 98 279 82 103 0 21 97 38 97 97 97 0 53 1 0 0 0 528 0 102 45 0 97 0 0 0 85 0 84 97 100 0 0 97 97 112 1
1111 48 11 0 482 1293 1182 23 0 1232 48 1246 132 139 1246 159 217 1246 1246 99 1826 1246 1246 852 984 1305 48 877 720 18 1246 1246 1246 48 118 48 48 48 48 12 48 1182 662 5 1246 48 48 48 976 48 45 1246 1016 48 48 1293 1246 683 64
1604 0 248 0 0 1398 1762 0 0 1812 0 1826 84 91 1826 144 167 1826 1826 97 1246 1826 1813 803 1564 1010 0 1457 672 17 1826 1826 1826 0 143 0 0 0 0 338 0 1762 680 114 1826 0 0 0 1556 0 45 1826 1016 0 0 1397 1826 709 16
1591 0 235 0 1 1398 1749 1 0 1799 0 1813 84 91 1813 144 168 1813 1813 98 1246 1813 1826 803 1551 1010 0 1444 672 17 1813 1813 1813 0 144 0 0 0 0 340 0 1749 680 117 1813 0 0 0 1543 0 45 1813 1016 0 0 1397 1813 709 16
880 435 34 2 339 1231 739 2 8 789 435 803 525 519 803 565 282 803 803 279 852 803 803 1826 541 1232 435 434 1107 28 803 803 803 435 110 435 435 435 435 6 435 848 476 10 803 435 435 435 533 435 146 803 863 435 435 1232 803 1393 451
1342 0 248 0 252 1136 1500 0 0 1564 0 1564 14 24 1564 171 167 1564 1564 82 984 1564 1551 541 1826 748 0 1224 410 3 1564 1564 1564 0 73 46 0 0 0 339 0 1500 620 116 1564 0 0 0 1802 0 45 1564 754 0 0 1135 1564 447 15
1074 269 10 0 528 1274 946 3 0 996 269 1010 353 360 1010 351 179 1010 1010 103 1305 1010 1010 1232 748 1826 269 641 941 17 1010 1010 1010 269 76 269 269 269 269 9 269 946 675 2 1010 269 269 269 740 269 47 1010 1065 269 269 1274 1010 1115 285
0 1826 0 0 0 428 0 0 0 14 1826 0 1006 1002 0 415 574 0 0 0 48 0 0 435 0 269 1826 0 1154 0 0 0 0 1826 0 1771 1826 1826 1826 0 1826 0 267 0 0 1826 1826 1826 0 1826 0 0 0 1826 1826 429 0 427 1790
1235 0 318 0 204 1029 1464 6 9 1443 0 1457 91 83 1457 144 126 1457 1457 21 877 1457 1444 434 1224 641 0 1826 303 21 1457 1457 1457 0 149 0 0 0 0 347 0 1393 812 121 1457 0 0 0 1216 0 91 1457 647 0 0 1028 1457 340 16
672 1154 10 0 0 1100 608 0 0 658 1154 672 1090 1086 672 415 98 672 672 97 720 672 672 1107 410 941 1154 303 1826 16 672 672 672 1154 70 1154 1154 1154 1154 0 1154 672 366 0 672 1154 1154 1154 402 1154 45 672 672 1154 1154 1101 672 1050 1170
17 0 0 0 0 17 19 18 0 17 0 17 36 19 17 47 1 17 17 38 18 17 17 28 3 17 0 21 16 1826 17 17 17 0 17 1 0 0 0 0 0 17 58 389 17 0 0 0 1 0 5 17 17 0 0 17 17 27 6
1604 0 248 0 0 1398 1762 0 0 1812 0 1826 84 91 1826 144 167 1826 1826 97 1246 1826 1813 803 1564 1010 0 1457 672 17 1826 1826 1826 0 143 0 0 0 0 338 0 1762 680 114 1826 0 0 0 1556 0 45 1826 1016 0 0 1397 1826 709 16
1604 0 248 0 0 1398 1762 0 0 1812 0 1826 84 91 1826 144 167 1826 1826 97 1246 1826 1813 803 1564 1010 0 1457 672 17 1826 1826 1826 0 143 0 0 0 0 338 0 1762 680 114 1826 0 0 0 1556 0 45 1826 1016 0 0 1397 1826 709 16
1604 0 248 0 0 1398 1762 0 0 1812 0 1826 84 91 1826 144 167 1826 1826 97 1246 1826 1813 803 1564 1010 0 1457 672 17 1826 1826 1826 0 143 0 0 0 0 338 0 1762 680 114 1826 0 0 0 1556 0 45 1826 1016 0 0 1397 1826 709 16
0 1826 0 0 0 428 0 0 0 14 1826 0 1006 1002 0 415 574 0 0 0 48 0 0 435 0 269 1826 0 1154 0 0 0 0 1826 0 1771 1826 1826 1826 0 1826 0 267 0 0 1826 1826 1826 0 1826 0 0 0 1826 1826 429 0 427 1790
163 0 4 0 69 79 145 1337 0 129 0 143 44 45 143 0 46 143 143 53 118 143 144 110 73 76 0 149 70 17 143 143 143 0 1826 0 0 0 0 80 0 150 118 642 143 0 0 0 89 0 18 143 73 0 0 79 143 74 16
0 1771 0 0 46 428 0 1 0 0 1771 0 1006 1002 0 415 519 0 0 1 48 0 0 435 46 269 1771 0 1154 1 0 0 0 1771 0 1826 1771 1771 1771 1 1771 0 268 0 0 1771 1771 1771 46 1771 0 0 0 1771 1771 429 0 427 1786
0 1826 0 0 0 428 0 0 0 14 1826 0 1006 1002 0 415 574 0 0 0 48 0 0 435 0 269 1826 0 1154 0 0 0 0 1826 0 1771 1826 1826 1826 0 1826 0 267 0 0 1826 1826 1826 0 1826 0 0 0 1826 1826 429 0 427 1790
0 1826 0 0 0 428 0 0 0 14 1826 0 1006 1002 0 415 574 0 0 0 48 0 0 435 0 269 1826 0 1154 0 0 0 0 1826 0 1771 1826 1826 1826 0 1826 0 267 0 0 1826 1826 1826 0 1826 0 0 0 1826 1826 429 0 427 1790
0 1826 0 0 0 428 0 0 0 14 1826 0 1006 1002 0 415 574 0 0 0 48 0 0 435 0 269 1826 0 1154 0 0 0 0 1826 0 1771 1826 1826 1826 0 1826 0 267 0 0 1826 1826 1826 0 1826 0 0 0 1826 1826 429 0 427 1790
255 0 72 0 177 165 343 14 0 338 0 338 155 12 338 73 0 338 338 528 12 338 340 6 339 9 0 347 0 0 338 338 338 0 80 1 0 0 0 1826 0 338 149 138 338 0 0 0 342 0 193 338 0 0 0 164 338 233 1
0 1826 0 0 0 428 0 0 0 14 1826 0 1006 1002 0 415 574 0 0 0 48 0 0 435 0 269 1826 0 1154 0 0 0 0 1826 0 1771 1826 1826 1826 0 1826 0 267 0 0 1826 1826 1826 0 1826 0 0 0 1826 1826 429 0 427 1790
1540 0 248 0 45 1334 1698 7 0 1748 0 1762 84 91 1762 144 212 1762 1762 102 1182 1762 1749 848 1500 946 0 1393 672 17 1762 1762 1762 0 150 0 0 0 0 338 0 1826 616 115 1762 0 0 0 1492 0 90 1762 952 0 0 1333 1762 754 16
609 267 13 4 295 929 687 4 21 680 267 680 350 281 680 381 40 680 680 45 662 680 680 476 620 675 267 812 366 58 680 680 680 267 118 268 267 267 267 149 267 616 1826 166 680 267 267 267 612 267 54 680 414 267 267 929 680 384 268
56 0 0 0 0 114 116 496 0 114 0 114 0 0 114 10 23 114 114 0 5 114 117 10 116 2 0 121 0 389 114 114 114 0 642 0 0 0 0 138 0 115 166 1826 114 0 0 0 114 0 18 114 1 0 0 114 114 42 0
1604 0 248 0 0 1398 1762 0 0 1812 0 1826 84 91 1826 144 167 1826 1826 97 1246 1826 1813 803 1564 1010 0 1457 672 17 1826 1826 1826 0 143 0 0 0 0 338 0 1762 680 114 1826 0 0 0 1556 0 45 1826 1016 0 0 1397 1826 709 16
0 1826 0 0 0 428 0 0 0 14 1826 0 1006 1002 0 415 574 0 0 0 48 0 0 435 0 269 1826 0 1154 0 0 0 0 1826 0 1771 1826 1826 1826 0 1826 0 267 0 0 1826 1826 1826 0 1826 0 0 0 1826 1826 429 0 427 1790
0 1826 0 0 0 428 0 0 0 14 1826 0 1006 1002 0 415 574 0 0 0 48 0 0 435 0 269 1826 0 1154 0 0 0 0 1826 0 1771 1826 1826 1826 0 1826 0 267 0 0 1826 1826 1826 0 1826 0 0 0 1826 1826 429 0 427 1790
0 1826 0 0 0 428 0 0 0 14 1826 0 1006 1002 0 415 574 0 0 0 48 0 0 435 0 269 1826 0 1154 0 0 0 0 1826 0 1771 1826 1826 1826 0 1826 0 267 0 0 1826 1826 1826 0 1826 0 0 0 1826 1826 429 0 427 1790
1334 0 248 0 246 1128 1492 16 2 1556 0 1556 14 26 1556 171 167 1556 1556 85 976 1556 1543 533 1802 740 0 1216 402 1 1556 1556 1556 0 89 46 0 0 0 342 0 1492 612 114 1556 0 0 0 1826 0 45 1556 746 0 0 1127 1556 439 15
0 1826 0 0 0 428 0 0 0 14 1826 0 1006 1002 0 415 574 0 0 0 48 0 0 435 0 269 1826 0 1154 0 0 0 0 1826 0 1771 1826 1826 1826 0 1826 0 267 0 0 1826 1826 1826 0 1826 0 0 0 1826 1826 429 0 427 1790
45 0 268 168 305 45 45 18 0 45 0 45 153 15 45 213 239 45 45 84 45 45 45 146 45 47 0 91 45 5 45 45 45 0 18 0 0 0 0 193 0 90 54 18 45 0 0 0 45 0 1826 45 203 0 0 45 45 309 0
1604 0 248 0 0 1398 1762 0 0 1812 0 1826 84 91 1826 144 167 1826 1826 97 1246 1826 1813 803 1564 1010 0 1457 672 17 1826 1826 1826 0 143 0 0 0 0 338 0 1762 680 114 1826 0 0 0 1556 0 45 1826 1016 0 0 1397 1826 709 16
1016 0 10 37 60 1016 952 3 0 1002 0 1016 84 91 1016 159 266 1016 1016 100 1016 1016 1016 863 754 1065 0 647 672 17 1016 1016 1016 0 73 0 0 0 0 0 0 952 414 1 1016 0 0 0 746 0 203 1016 1826 0 0 1016 1016 683 16
0 1826 0 0 0 428 0 0 0 14 1826 0 1006 1002 0 415 574 0 0 0 48 0 0 435 0 269 1826 0 1154 0 0 0 0 1826 0 1771 1826 1826 1826 0 1826 0 267 0 0 1826 1826 1826 0 1826 0 0 0 1826 1826 429 0 427 1790
0 1826 0 0 0 428 0 0 0 14 1826 0 1006 1002 0 415 574 0 0 0 48 0 0 435 0 269 1826 0 1154 0 0 0 0 1826 0 1771 1826 1826 1826 0 1826 0 267 0 0 1826 1826 1826 0 1826 0 0 0 1826 1826 429 0 427 1790
1175 429 10 0 0 1825 1333 0 0 1383 429 1397 513 520 1397 545 167 1397 1397 97 1293 1397 1397 1232 1135 1274 429 1028 1101 17 1397 1397 1397 429 79 429 429 429 429 164 429 1333 929 114 1397 429 429 429 1127 429 45 1397 1016 429 429 1826 1397 1134 445
1604 0 248 0 0 1398 1762 0 0 1812 0 1826 84 91 1826 144 167 1826 1826 97 1246 1826 1813 803 1564 1010 0 1457 672 17 1826 1826 1826 0 143 0 0 0 0 338 0 1762 680 114 1826 0 0 0 1556 0 45 1826 1016 0 0 1397 1826 709 16
714 427 28 0 565 1135 645 2 0 695 427 709 626 517 709 482 169 709 709 112 683 709 709 1393 447 1115 427 340 1050 27 709 709 709 427 74 427 427 427 427 233 427 754 384 42 709 427 427 427 439 427 309 709 683 427 427 1134 709 1826 443
16 1790 0 0 15 444 16 1 0 16 1790 16 1016 1013 16 415 538 16 16 1 64 16 16 451 15 285 1790 16 1170 6 16 16 16 1790 16 1786 1790 1790 1790 1 1790 16 268 0 16 1790 1790 1790 15 1790 0 16 16 1790 1790 445 16 443 1826
