1651 509 0 786 1456 0 1320 0 0 1651 1651 315 0 0 487 1599 1651 187 1651 1651 1651 0 987 1651 1651 0 0 0 1474 0 381 0 0 22 260 0 83 0 364 0 117 0 303 3 0 14 8 61 0 1651 19 1651 1651 0 623 0 550 41 866
509 1651 1023 445 547 1023 799 1023 9 509 509 646 974 402 0 509 509 73 509 509 509 1023 558 509 509 971 1023 1023 524 1023 236 1023 1023 419 763 1023 91 1023 509 1025 202 1023 1326 1026 684 13 17 1084 1023 509 0 509 509 1023 214 1072 157 1077 90
0 1023 1651 0 38 1651 290 1651 0 0 0 1274 1602 387 0 0 0 73 0 0 0 1651 49 0 0 1599 1651 1651 15 1509 332 1651 1651 410 1391 1651 91 1229 293 1195 225 1516 1257 1295 1312 50 22 1190 1651 0 0 0 0 1651 18 1037 156 1055 6
786 445 0 1651 754 0 786 0 0 786 786 0 0 0 64 786 786 106 786 786 786 0 786 786 786 0 0 0 837 0 0 0 0 28 0 0 19 0 300 0 87 0 239 0 0 25 3 0 0 786 32 786 786 0 129 0 0 105 76
1456 547 38 754 1651 38 1125 38 0 1456 1456 353 38 59 487 1404 1456 243 1456 1456 1456 38 843 1456 1456 38 38 38 1279 38 418 38 38 14 298 38 83 38 423 38 72 38 341 41 38 14 15 99 38 1456 0 1456 1456 38 623 38 576 79 694
0 1023 1651 0 38 1651 290 1651 0 0 0 1274 1602 387 0 0 0 73 0 0 0 1651 49 0 0 1599 1651 1651 15 1509 332 1651 1651 410 1391 1651 91 1229 293 1195 225 1516 1257 1295 1312 50 22 1190 1651 0 0 0 0 1651 18 1037 156 1055 6
1320 799 290 786 1125 290 1651 290 0 1320 1320 46 290 290 199 1320 1320 135 1320 1320 1320 290 1009 1320 1320 238 290 290 1335 290 50 290 290 312 423 290 91 290 641 290 265 290 593 293 12 7 18 351 290 1320 19 1320 1320 290 292 290 219 331 535
0 1023 1651 0 38 1651 290 1651 0 0 0 1274 1602 387 0 0 0 73 0 0 0 1651 49 0 0 1599 1651 1651 15 1509 332 1651 1651 410 1391 1651 91 1229 293 1195 225 1516 1257 1295 1312 50 22 1190 1651 0 0 0 0 1651 18 1037 156 1055 6
0 9 0 0 0 0 0 0 1651 0 0 0 8 49 0 0 0 21 0 0 0 0 0 0 0 10 0 0 0 0 0 0 0 0 0 0 25 0 0 0 0 0 17 0 0 177 0 0 0 0 0 0 0 0 0 0 0 0 0
1651 509 0 786 1456 0 1320 0 0 1651 1651 315 0 0 487 1599 1651 187 1651 1651 1651 0 987 1651 1651 0 0 0 1474 0 381 0 0 22 260 0 83 0 364 0 117 0 303 3 0 14 8 61 0 1651 19 1651 1651 0 623 0 550 41 866
1651 509 0 786 1456 0 1320 0 0 1651 1651 315 0 0 487 1599 1651 187 1651 1651 1651 0 987 1651 1651 0 0 0 1474 0 381 0 0 22 260 0 83 0 364 0 117 0 303 3 0 14 8 61 0 1651 19 1651 1651 0 623 0 550 41 866
315 646 1274 0 353 1274 46 1274 0 315 315 1651 1225 10 269 263 315 72 315 315 315 1274 30 315 315 1276 1274 1274 200 1132 646 1274 1274 46 1274 1274 36 852 18 818 89 1139 880 918 1277 58 20 813 1274 315 0 315 315 1274 333 660 471 678 321
0 974 1602 0 38 1602 290 1602 8 0 0 1225 1651 394 0 0 0 73 0 0 0 1602 44 0 0 1550 1602 1602 15 1460 332 1602 1602 410 1391 1602 91 1180 293 1146 223 1467 1208 1246 1263 50 22 1141 1602 0 0 0 0 1602 18 988 156 1006 6
0 402 387 0 59 387 290 387 49 0 0 10 394 1651 0 0 0 113 0 0 0 387 78 0 0 335 387 387 15 529 321 387 387 426 247 387 91 389 696 765 206 518 387 493 48 21 340 766 387 0 0 0 0 387 35 945 167 648 25
487 0 0 64 487 0 199 0 0 487 487 269 0 0 1651 466 487 82 487 487 487 0 22 487 487 0 0 0 310 0 330 0 0 66 214 0 174 0 1 0 200 0 0 0 0 36 263 0 0 487 23 487 487 0 448 0 487 237 477
1599 509 0 786 1404 0 1320 0 0 1599 1599 263 0 0 466 1651 1599 187 1599 1599 1599 0 977 1599 1599 0 0 0 1422 0 329 0 0 22 208 0 83 0 364 0 117 0 303 3 0 5 8 61 0 1599 30 1599 1599 0 571 0 498 41 814
1651 509 0 786 1456 0 1320 0 0 1651 1651 315 0 0 487 1599 1651 187 1651 1651 1651 0 987 1651 1651 0 0 0 1474 0 381 0 0 22 260 0 83 0 364 0 117 0 303 3 0 14 8 61 0 1651 19 1651 1651 0 623 0 550 41 866
187 73 73 106 243 73 135 73 21 187 187 72 73 113 82 187 187 1651 187 187 187 73 234 187 187 73 73 73 138 74 113 73 73 40 73 73 320 80 302 74 35 74 73 73 77 7 305 90 73 187 51 187 187 73 83 74 87 73 85
1651 509 0 786 1456 0 1320 0 0 1651 1651 315 0 0 487 1599 1651 187 1651 1651 1651 0 987 1651 1651 0 0 0 1474 0 381 0 0 22 260 0 83 0 364 0 117 0 303 3 0 14 8 61 0 1651 19 1651 1651 0 623 0 550 41 866
1651 509 0 786 1456 0 1320 0 0 1651 1651 315 0 0 487 1599 1651 187 1651 1651 1651 0 987 1651 1651 0 0 0 1474 0 381 0 0 22 260 0 83 0 364 0 117 0 303 3 0 14 8 61 0 1651 19 1651 1651 0 623 0 550 41 866
1651 509 0 786 1456 0 1320 0 0 1651 1651 315 0 0 487 1599 1651 187 1651 1651 1651 0 987 1651 1651 0 0 0 1474 0 381 0 0 22 260 0 83 0 364 0 117 0 303 3 0 14 8 61 0 1651 19 1651 1651 0 623 0 550 41 866
0 1023 1651 0 38 1651 290 1651 0 0 0 1274 1602 387 0 0 0 73 0 0 0 1651 49 0 0 1599 1651 1651 15 1509 332 1651 1651 410 1391 1651 91 1229 293 1195 225 1516 1257 1295 1312 50 22 1190 1651 0 0 0 0 1651 18 1037 156 1055 6
987 558 49 786 843 49 1009 49 0 987 987 30 44 78 22 977 987 234 987 987 987 49 1651 987 987 52 49 49 1011 49 75 49 49 141 59 49 106 49 442 49 123 49 352 52 64 25 231 110 49 987 6 987 987 49 298 49 28 90 212
1651 509 0 786 1456 0 1320 0 0 1651 1651 315 0 0 487 1599 1651 187 1651 1651 1651 0 987 1651 1651 0 0 0 1474 0 381 0 0 22 260 0 83 0 364 0 117 0 303 3 0 14 8 61 0 1651 19 1651 1651 0 623 0 550 41 866
1651 509 0 786 1456 0 1320 0 0 1651 1651 315 0 0 487 1599 1651 187 1651 1651 1651 0 987 1651 1651 0 0 0 1474 0 381 0 0 22 260 0 83 0 364 0 117 0 303 3 0 14 8 61 0 1651 19 1651 1651 0 623 0 550 41 866
0 971 1599 0 38 1599 238 1599 10 0 0 1276 1550 335 0 0 0 73 0 0 0 1599 52 0 0 1651 1599 1599 15 1457 332 1599 1599 358 1339 1599 90 1177 241 1143 175 1464 1205 1243 1317 55 25 1138 1599 0 0 0 0 1599 18 985 156 1003 6
0 1023 1651 0 38 1651 290 1651 0 0 0 1274 1602 387 0 0 0 73 0 0 0 1651 49 0 0 1599 1651 1651 15 1509 332 1651 1651 410 1391 1651 91 1229 293 1195 225 1516 1257 1295 1312 50 22 1190 1651 0 0 0 0 1651 18 1037 156 1055 6
0 1023 1651 0 38 1651 290 1651 0 0 0 1274 1602 387 0 0 0 73 0 0 0 1651 49 0 0 1599 1651 1651 15 1509 332 1651 1651 410 1391 1651 91 1229 293 1195 225 1516 1257 1295 1312 50 22 1190 1651 0 0 0 0 1651 18 1037 156 1055 6
1474 524 15 837 1279 15 1335 15 0 1474 1474 200 15 15 310 1422 1474 138 1474 1474 1474 15 1011 1474 1474 15 15 15 1651 15 204 15 15 37 275 15 41 15 379 15 118 15 318 18 0 20 38 76 15 1474 59 1474 1474 15 446 15 373 56 689
0 1023 1509 0 38 1509 290 1509 0 0 0 1132 1460 529 0 0 0 74 0 0 0 1509 49 0 0 1457 1509 1509 15 1651 283 1509 1509 410 1249 1509 91 1229 293 1337 213 1640 1257 1232 1170 65 11 1253 1509 0 0 0 0 1509 18 1179 298 1055 6
381 236 332 0 418 332 50 332 0 381 381 646 332 321 330 329 381 113 381 381 381 332 75 381 381 332 332 332 204 283 1651 332 332 16 461 332 232 238 68 263 40 290 271 230 332 25 56 229 332 381 12 381 381 332 423 355 413 386 414
0 1023 1651 0 38 1651 290 1651 0 0 0 1274 1602 387 0 0 0 73 0 0 0 1651 49 0 0 1599 1651 1651 15 1509 332 1651 1651 410 1391 1651 91 1229 293 1195 225 1516 1257 1295 1312 50 22 1190 1651 0 0 0 0 1651 18 1037 156 1055 6
0 1023 1651 0 38 1651 290 1651 0 0 0 1274 1602 387 0 0 0 73 0 0 0 1651 49 0 0 1599 1651 1651 15 1509 332 1651 1651 410 1391 1651 91 1229 293 1195 225 1516 1257 1295 1312 50 22 1190 1651 0 0 0 0 1651 18 1037 156 1055 6
22 419 410 28 14 410 312 410 0 22 22 46 410 426 66 22 22 40 22 22 22 410 141 22 22 358 410 410 37 410 16 410 410 1651 293 410 220 410 389 410 267 410 419 410 71 20 75 410 410 22 4 22 22 410 59 410 42 410 13
260 763 1391 0 298 1391 423 1391 0 260 260 1274 1391 247 214 208 260 73 260 260 260 1391 59 260 260 1339 1391 1391 275 1249 461 1391 1391 293 1651 1391 91 969 265 935 199 1256 997 1035 1156 57 17 930 1391 260 0 260 260 1391 264 777 416 795 261
0 1023 1651 0 38 1651 290 1651 0 0 0 1274 1602 387 0 0 0 73 0 0 0 1651 49 0 0 1599 1651 1651 15 1509 332 1651 1651 410 1391 1651 91 1229 293 1195 225 1516 1257 1295 1312 50 22 1190 1651 0 0 0 0 1651 18 1037 156 1055 6
83 91 91 19 83 91 91 91 25 83 83 36 91 91 174 83 83 320 83 83 83 91 106 83 83 90 91 91 41 91 232 91 91 220 91 91 1651 91 95 91 177 91 91 91 12 64 79 91 91 83 290 83 83 91 83 91 83 91 84
0 1023 1229 0 38 1229 290 1229 0 0 0 852 1180 389 0 0 0 80 0 0 0 1229 49 0 0 1177 1229 1229 15 1229 238 1229 1229 410 969 1229 91 1651 293 1157 347 1229 1229 1405 890 158 18 1192 1229 0 0 0 0 1229 85 1039 160 1040 208
364 509 293 300 423 293 641 293 0 364 364 18 293 696 1 364 364 302 364 364 364 293 442 364 364 241 293 293 379 293 68 293 293 389 265 293 95 293 1651 293 163 293 509 296 80 4 463 354 293 364 6 364 364 293 75 293 0 294 35
0 1025 1195 0 38 1195 290 1195 0 0 0 818 1146 765 0 0 0 74 0 0 0 1195 49 0 0 1143 1195 1195 15 1337 263 1195 1195 410 935 1195 91 1157 293 1651 230 1326 1161 1184 856 41 11 1416 1195 0 0 0 0 1195 34 1415 326 1067 29
117 202 225 87 72 225 265 225 0 117 117 89 223 206 200 117 117 35 117 117 117 225 123 117 117 175 225 225 118 213 40 225 225 267 199 225 177 347 163 230 1651 215 179 229 107 47 64 185 225 117 2 117 117 225 112 210 83 159 196
0 1023 1516 0 38 1516 290 1516 0 0 0 1139 1467 518 0 0 0 74 0 0 0 1516 49 0 0 1464 1516 1516 15 1640 290 1516 1516 410 1256 1516 91 1229 293 1326 215 1651 1257 1232 1177 54 11 1242 1516 0 0 0 0 1516 18 1168 287 1055 6
303 1326 1257 239 341 1257 593 1257 17 303 303 880 1208 387 0 303 303 73 303 303 303 1257 352 303 303 1205 1257 1257 318 1257 271 1257 1257 419 997 1257 91 1229 509 1161 179 1257 1651 1227 918 79 17 1251 1257 303 0 303 303 1257 130 1037 156 1074 6
3 1026 1295 0 41 1295 293 1295 0 3 3 918 1246 493 0 3 3 73 3 3 3 1295 52 3 3 1243 1295 1295 18 1232 230 1295 1295 410 1035 1295 91 1405 296 1184 229 1232 1227 1651 956 170 22 1299 1295 3 0 3 3 1295 3 1143 167 1128 59
0 684 1312 0 38 1312 12 1312 0 0 0 1277 1263 48 0 0 0 77 0 0 0 1312 64 0 0 1317 1312 1312 0 1170 332 1312 1312 71 1156 1312 12 890 80 856 107 1177 918 956 1651 53 74 851 1312 0 0 0 0 1312 18 698 156 716 6
14 13 50 25 14 50 7 50 177 14 14 58 50 21 36 5 14 7 14 14 14 50 25 14 14 55 50 50 20 65 25 50 50 20 57 50 64 158 4 41 47 54 79 170 53 1651 7 67 50 14 0 14 14 50 17 21 28 9 55
8 17 22 3 15 22 18 22 0 8 8 20 22 340 263 8 8 305 8 8 8 22 231 8 8 25 22 22 38 11 56 22 22 75 17 22 79 18 463 11 64 11 17 22 74 7 1651 17 22 8 166 8 8 22 2 11 0 12 7
61 1084 1190 0 99 1190 351 1190 0 61 61 813 1141 766 0 61 61 90 61 61 61 1190 110 61 61 1138 1190 1190 76 1253 229 1190 1190 410 930 1190 91 1192 354 1416 185 1242 1251 1299 851 67 17 1651 1190 61 0 61 61 1190 34 1416 246 1147 29
0 1023 1651 0 38 1651 290 1651 0 0 0 1274 1602 387 0 0 0 73 0 0 0 1651 49 0 0 1599 1651 1651 15 1509 332 1651 1651 410 1391 1651 91 1229 293 1195 225 1516 1257 1295 1312 50 22 1190 1651 0 0 0 0 1651 18 1037 156 1055 6
1651 509 0 786 1456 0 1320 0 0 1651 1651 315 0 0 487 1599 1651 187 1651 1651 1651 0 987 1651 1651 0 0 0 1474 0 381 0 0 22 260 0 83 0 364 0 117 0 303 3 0 14 8 61 0 1651 19 1651 1651 0 623 0 550 41 866
19 0 0 32 0 0 19 0 0 19 19 0 0 0 23 30 19 51 19 19 19 0 6 19 19 0 0 0 59 0 12 0 0 4 0 0 290 0 6 0 2 0 0 0 0 0 166 0 0 19 1651 19 19 0 0 0 0 0 24
1651 509 0 786 1456 0 1320 0 0 1651 1651 315 0 0 487 1599 1651 187 1651 1651 1651 0 987 1651 1651 0 0 0 1474 0 381 0 0 22 260 0 83 0 364 0 117 0 303 3 0 14 8 61 0 1651 19 1651 1651 0 623 0 550 41 866
1651 509 0 786 1456 0 1320 0 0 1651 1651 315 0 0 487 1599 1651 187 1651 1651 1651 0 987 1651 1651 0 0 0 1474 0 381 0 0 22 260 0 83 0 364 0 117 0 303 3 0 14 8 61 0 1651 19 1651 1651 0 623 0 550 41 866
0 1023 1651 0 38 1651 290 1651 0 0 0 1274 1602 387 0 0 0 73 0 0 0 1651 49 0 0 1599 1651 1651 15 1509 332 1651 1651 410 1391 1651 91 1229 293 1195 225 1516 1257 1295 1312 50 22 1190 1651 0 0 0 0 1651 18 1037 156 1055 6
623 214 18 129 623 18 292 18 0 623 623 333 18 35 448 571 623 83 623 623 623 18 298 623 623 18 18 18 446 18 423 18 18 59 264 18 83 85 75 34 112 18 130 3 18 17 2 34 18 623 0 623 623 18 1651 70 495 1 888
0 1072 1037 0 38 1037 290 1037 0 0 0 660 988 945 0 0 0 74 0 0 0 1037 49 0 0 985 1037 1037 15 1179 355 1037 1037 410 777 1037 91 1039 293 1415 210 1168 1037 1143 698 21 11 1416 1037 0 0 0 0 1037 70 1651 338 1246 65
550 157 156 0 576 156 219 156 0 550 550 471 156 167 487 498 550 87 550 550 550 156 28 550 550 156 156 156 373 298 413 156 156 42 416 156 83 160 0 326 83 287 156 167 156 28 0 246 156 550 0 550 550 156 495 338 1651 159 558
41 1077 1055 105 79 1055 331 1055 0 41 41 678 1006 648 237 41 41 73 41 41 41 1055 90 41 41 1003 1055 1055 56 1055 386 1055 1055 410 795 1055 91 1040 294 1067 159 1055 1074 1128 716 9 12 1147 1055 41 0 41 41 1055 1 1246 159 1651 6
866 90 6 76 694 6 535 6 0 866 866 321 6 25 477 814 866 85 866 866 866 6 212 866 866 6 6 6 689 6 414 6 6 13 261 6 84 208 35 29 196 6 6 59 6 55 7 29 6 866 24 866 866 6 888 65 558 6 1651
