4117 335 1040 1166 233 900 24 355 74 0 1166 670 472 4 0 1149 770 31 93 1 343 12 40 1081 0 1216 407 234 927 129 1166 96 131 771 269 1166 0 130 63 846 668 322 884 710 109 0 74 1166 457 3 0 0 117 0 490 668 699 197 0
335 4117 163 2231 335 31 737 80 34 1497 2231 934 682 294 1497 333 2331 28 475 1482 27 28 1636 107 1497 940 130 257 81 1258 2231 33 1107 107 17 2231 1497 1599 15 430 92 1522 1814 2941 246 2141 72 915 22 962 1497 2519 206 1520 1217 606 107 847 1497
1040 163 4117 1655 221 478 0 191 0 0 1655 800 527 0 0 415 598 0 10 1 286 48 57 1450 0 2600 0 21 346 0 1655 59 131 980 0 1655 0 0 0 290 1221 0 818 945 483 0 0 3050 110 36 0 0 97 0 317 792 1429 190 0
1166 2231 1655 4117 442 63 993 31 0 0 4117 844 1229 0 0 405 3060 0 10 1 521 32 157 1450 0 2576 240 166 109 1253 4117 149 131 980 0 4117 0 102 0 1 1211 6 3021 3407 277 916 0 2529 101 259 0 1294 208 283 56 1452 1246 190 0
233 335 221 442 4117 2 3 1017 37 0 442 1110 242 275 0 81 404 447 0 4 422 351 275 2443 0 530 220 630 185 414 442 11 35 2441 268 442 0 0 504 15 1483 42 227 228 57 0 37 449 431 18 0 0 467 0 123 214 1311 10 0
900 31 478 63 2 4117 30 528 9 0 63 213 3 12 0 1865 69 102 25 0 124 14 10 63 0 513 7 142 249 124 63 47 0 149 110 63 0 0 41 677 65 146 63 0 144 0 9 463 475 247 0 0 103 0 1 63 105 34 0
24 737 0 993 3 30 4117 211 9 0 993 28 658 45 0 0 1006 866 204 0 876 1 247 12 0 26 213 117 16 1340 993 201 0 12 101 993 0 669 9 109 9 49 1209 993 2 868 9 13 295 223 0 993 237 283 24 464 590 64 0
355 80 191 31 1017 528 211 4117 691 0 31 9 29 128 0 135 340 164 28 4 8 104 464 1220 0 271 101 267 155 24 31 961 0 1663 414 31 0 27 10 329 257 369 246 31 85 0 691 198 112 36 0 0 328 0 142 403 128 110 0
74 34 0 0 37 9 9 691 4117 0 0 99 5 0 0 6 18 0 7 4 94 699 35 6 0 59 1271 27 98 0 0 1310 57 10 350 0 0 236 0 0 456 305 375 0 29 0 4079 7 569 6 0 0 8 0 294 775 168 5 0
0 1497 0 0 0 0 0 0 0 4117 0 804 2170 2210 4117 311 100 0 3095 4102 1436 0 1564 0 4117 142 694 0 12 0 0 0 3727 0 0 0 4117 2112 0 429 0 1960 0 710 245 3201 38 0 0 3359 4117 2823 1520 3822 1786 514 0 2419 4117
1166 2231 1655 4117 442 63 993 31 0 0 4117 844 1229 0 0 405 3060 0 10 1 521 32 157 1450 0 2576 240 166 109 1253 4117 149 131 980 0 4117 0 102 0 1 1211 6 3021 3407 277 916 0 2529 101 259 0 1294 208 283 56 1452 1246 190 0
670 934 800 844 1110 213 28 9 99 804 844 4117 60 52 804 618 373 462 62 789 52 517 889 1702 804 915 48 298 91 33 844 561 414 1232 0 844 804 780 473 642 1247 797 121 1554 339 804 137 828 0 269 804 804 255 804 905 76 1174 154 804
472 682 527 1229 242 3 658 29 5 2170 1229 60 4117 2434 2170 273 972 37 2291 2171 1500 21 374 527 2170 549 26 204 127 473 1229 445 2301 545 4 1229 2170 867 7 8 527 715 1223 710 38 2658 5 527 128 2413 2170 2280 858 2453 32 1064 527 2016 2170
4 294 0 0 275 12 45 128 0 2210 0 52 2434 4117 2210 315 98 524 2328 2214 974 353 361 0 2210 0 91 48 142 11 0 94 2238 0 5 0 2210 909 59 54 0 757 0 0 58 1998 0 0 157 2212 2210 1620 1076 2210 4 514 0 1871 2210
0 1497 0 0 0 0 0 0 0 4117 0 804 2170 2210 4117 311 100 0 3095 4102 1436 0 1564 0 4117 142 694 0 12 0 0 0 3727 0 0 0 4117 2112 0 429 0 1960 0 710 245 3201 38 0 0 3359 4117 2823 1520 3822 1786 514 0 2419 4117
1149 333 415 405 81 1865 0 135 6 311 405 618 273 315 311 4117 32 2 321 311 485 15 381 463 311 455 9 148 236 783 405 116 311 247 464 405 311 311 35 1196 397 879 28 405 223 311 6 405 1064 337 311 311 44 311 15 70 437 337 311
770 2331 598 3060 404 69 1006 340 18 100 3060 373 972 98 100 32 4117 141 15 100 346 62 257 393 100 1519 315 166 37 1280 3060 242 2 354 8 3060 100 202 31 126 274 106 2477 2894 130 1016 18 1472 195 236 100 1394 322 383 136 945 274 12 100
31 28 0 0 447 102 866 164 0 0 0 462 37 524 0 2 141 4117 5 4 51 485 50 28 0 19 113 59 107 10 0 80 28 29 21 0 0 1624 0 51 28 214 53 0 705 0 0 13 197 2 0 0 1483 0 55 1164 25 1089 0
93 475 10 10 0 25 204 28 7 3095 10 62 2291 2328 3095 321 15 5 4117 3095 1459 5 542 10 3095 152 759 307 23 23 10 105 3095 1 96 10 3095 1090 5 5 10 938 7 10 5 2179 7 10 7 2872 3095 1801 1717 2800 764 521 10 2047 3095
1 1482 1 1 4 0 0 4 4 4102 1 789 2171 2214 4102 311 100 4 3095 4117 1437 4 1549 1 4102 143 698 0 13 0 1 0 3728 1 0 1 4102 2097 6 414 1 1945 1 695 251 3186 23 1 4 3359 4102 2808 1520 3807 1771 515 1 2420 4102
343 27 286 521 422 124 876 8 94 1436 521 52 1500 974 1436 485 346 51 1459 1437 4117 39 226 298 1436 319 1049 0 611 2005 521 233 1565 304 689 521 1436 91 10 11 293 49 553 235 131 968 94 297 768 1685 1436 590 1314 1577 373 297 1079 826 1436
12 28 48 32 351 14 1 104 699 0 32 517 21 353 0 15 62 485 5 4 39 4117 205 82 0 98 53 94 110 136 32 540 13 85 290 32 0 0 955 134 472 38 57 15 199 0 699 52 299 1 0 0 357 0 173 88 181 6 0
40 1636 57 157 275 10 247 464 35 1564 157 889 374 361 1564 381 257 50 542 1549 226 205 4117 268 1564 76 211 153 110 493 157 19 1174 268 78 157 1564 1584 255 584 269 1650 154 867 562 1619 73 53 267 1029 1564 1619 66 1619 1460 152 467 924 1564
1081 107 1450 1450 2443 63 12 1220 6 0 1450 1702 527 0 0 463 393 28 10 1 298 82 268 4117 0 1538 12 630 292 12 1450 102 131 3619 336 1450 0 0 474 1 2466 42 1085 740 297 0 6 1457 113 36 0 0 288 0 158 792 2322 190 0
0 1497 0 0 0 0 0 0 0 4117 0 804 2170 2210 4117 311 100 0 3095 4102 1436 0 1564 0 4117 142 694 0 12 0 0 0 3727 0 0 0 4117 2112 0 429 0 1960 0 710 245 3201 38 0 0 3359 4117 2823 1520 3822 1786 514 0 2419 4117
1216 940 2600 2576 530 513 26 271 59 142 2576 915 549 0 142 455 1519 19 152 143 319 98 76 1538 142 4117 401 119 253 57 2576 75 273 1068 0 2576 142 121 21 51 1309 21 1480 1866 277 22 59 3474 101 58 142 22 336 22 177 1410 1272 205 142
407 130 0 240 220 7 213 101 1271 694 240 48 26 91 694 9 315 113 759 698 1049 53 211 12 694 401 4117 10 180 512 240 600 694 0 350 240 694 236 0 11 166 6 212 240 87 24 1271 223 544 471 694 24 719 399 597 143 378 7 694
234 257 21 166 630 142 117 267 27 0 166 298 204 48 0 148 166 59 307 0 0 94 153 630 0 119 10 4117 379 160 166 112 0 703 0 166 0 39 12 22 646 8 167 166 8 157 27 23 152 0 0 157 4 0 246 27 446 178 0
927 81 346 109 185 249 16 155 98 12 109 91 127 142 12 236 37 107 23 13 611 110 110 292 12 253 180 379 4117 512 109 40 122 307 305 109 12 12 193 461 110 193 262 12 249 12 98 210 357 0 12 12 108 12 397 112 164 116 12
129 1258 0 1253 414 124 1340 24 0 0 1253 33 473 11 0 783 1280 10 23 0 2005 136 493 12 0 57 512 160 512 4117 1253 121 0 18 859 1253 0 0 0 23 232 49 1285 1253 151 655 0 39 884 26 0 1033 90 34 26 9 793 26 0
1166 2231 1655 4117 442 63 993 31 0 0 4117 844 1229 0 0 405 3060 0 10 1 521 32 157 1450 0 2576 240 166 109 1253 4117 149 131 980 0 4117 0 102 0 1 1211 6 3021 3407 277 916 0 2529 101 259 0 1294 208 283 56 1452 1246 190 0
96 33 59 149 11 47 201 961 1310 0 149 561 445 94 0 116 242 80 105 0 233 540 19 102 0 75 600 112 40 121 149 4117 57 461 135 149 0 60 0 39 59 313 157 90 32 90 1310 67 13 93 0 90 15 78 12 465 66 87 0
131 1107 131 131 35 0 0 0 57 3727 131 414 2301 2238 3727 311 2 28 3095 3728 1565 13 1174 131 3727 273 694 0 122 0 131 57 4117 131 0 131 3727 1722 0 151 131 1570 131 320 106 2811 57 131 2 3359 3727 2433 1520 3432 1396 645 131 2552 3727
771 107 980 980 2441 149 12 1663 10 0 980 1232 545 0 0 247 354 29 1 1 304 85 268 3619 0 1068 0 703 307 18 980 461 131 4117 330 980 0 0 490 21 2233 42 1103 270 298 0 10 987 111 36 0 0 289 0 124 798 2044 190 0
269 17 0 0 268 110 101 414 350 0 0 0 4 5 0 464 8 21 96 0 689 290 78 336 0 0 350 0 305 859 0 135 0 330 4117 0 0 0 257 506 180 825 370 0 1425 0 350 115 690 29 0 0 142 0 174 125 231 3 0
1166 2231 1655 4117 442 63 993 31 0 0 4117 844 1229 0 0 405 3060 0 10 1 521 32 157 1450 0 2576 240 166 109 1253 4117 149 131 980 0 4117 0 102 0 1 1211 6 3021 3407 277 916 0 2529 101 259 0 1294 208 283 56 1452 1246 190 0
0 1497 0 0 0 0 0 0 0 4117 0 804 2170 2210 4117 311 100 0 3095 4102 1436 0 1564 0 4117 142 694 0 12 0 0 0 3727 0 0 0 4117 2112 0 429 0 1960 0 710 245 3201 38 0 0 3359 4117 2823 1520 3822 1786 514 0 2419 4117
130 1599 0 102 0 0 669 27 236 2112 102 780 867 909 2112 311 202 1624 1090 2097 91 0 1584 0 2112 121 236 39 12 0 102 60 1722 0 0 102 2112 4117 0 429 68 2167 102 812 245 2112 274 115 0 1577 2112 2112 21 2124 1233 1573 0 2510 2112
63 15 0 0 504 41 9 10 0 0 0 473 7 59 0 35 31 0 5 6 10 955 255 474 0 21 0 12 193 0 0 0 0 490 257 0 0 0 4117 712 873 5 13 0 153 0 0 4 599 0 0 0 198 0 121 5 364 3 0
846 430 290 1 15 677 109 329 0 429 1 642 8 54 429 1196 126 51 5 414 11 134 584 1 429 51 11 22 461 23 1 39 151 21 506 1 429 429 712 4117 1 1276 15 427 673 429 38 73 476 187 429 429 57 429 924 6 184 136 429
668 92 1221 1211 1483 65 9 257 456 0 1211 1247 527 0 0 397 274 28 10 1 293 472 269 2466 0 1309 166 646 110 232 1211 59 131 2233 180 1211 0 68 873 1 4117 36 820 501 435 0 456 1228 101 36 0 0 52 0 310 796 2031 190 0
322 1522 0 6 42 146 49 369 305 1960 6 797 715 757 1960 879 106 214 938 1945 49 38 1650 42 1960 21 6 8 193 49 6 313 1570 42 825 6 1960 2167 5 1276 36 4117 6 716 276 1960 343 6 407 1425 1960 1960 0 1960 1194 753 87 1517 1960
884 1814 818 3021 227 63 1209 246 375 0 3021 121 1223 0 0 28 2477 53 7 1 553 57 154 1085 0 1480 212 167 262 1285 3021 157 131 1103 370 3021 0 102 13 15 820 6 4117 2311 260 916 375 1433 411 259 0 1294 72 283 25 1777 838 190 0
710 2941 945 3407 228 0 993 31 0 710 3407 1554 710 0 710 405 2894 0 10 695 235 15 867 740 710 1866 240 166 12 1253 3407 90 320 270 0 3407 710 812 0 427 501 716 2311 4117 381 1626 38 1819 0 398 710 2004 205 993 766 742 536 60 710
109 246 483 277 57 144 2 85 29 245 277 339 38 58 245 223 130 705 5 251 131 199 562 297 245 277 87 8 249 151 277 32 106 298 1425 277 245 245 153 673 435 276 260 381 4117 245 29 392 261 41 245 245 722 245 1192 452 806 0 245
0 2141 0 916 0 0 868 0 0 3201 916 804 2658 1998 3201 311 1016 0 2179 3186 968 0 1619 0 3201 22 24 157 12 655 916 90 2811 0 0 916 3201 2112 0 429 0 1960 916 1626 245 4117 38 0 0 2889 3201 3739 604 3484 1215 514 0 2419 3201
74 72 0 0 37 9 9 691 4079 38 0 137 5 0 38 6 18 0 7 23 94 699 73 6 38 59 1271 27 98 0 0 1310 57 10 350 0 38 274 0 38 456 343 375 38 29 38 4117 7 568 6 38 38 8 38 332 775 168 5 38
1166 915 3050 2529 449 463 13 198 7 0 2529 828 527 0 0 405 1472 13 10 1 297 52 53 1457 0 3474 223 23 210 39 2529 67 131 987 115 2529 0 115 4 73 1228 6 1433 1819 392 0 7 4117 101 36 0 0 196 0 91 1369 1248 190 0
457 22 110 101 431 475 295 112 569 0 101 0 128 157 0 1064 195 197 7 4 768 299 267 113 0 101 544 152 357 884 101 13 2 111 690 101 0 0 599 476 101 407 411 0 261 0 568 101 4117 2 0 0 244 0 7 417 990 3 0
3 962 36 259 18 247 223 36 6 3359 259 269 2413 2212 3359 337 236 2 2872 3359 1685 1 1029 36 3359 58 471 0 0 26 259 93 3359 36 29 259 3359 1577 0 187 36 1425 259 398 41 2889 6 36 2 4117 3359 2511 1299 3498 1028 550 36 2419 3359
0 1497 0 0 0 0 0 0 0 4117 0 804 2170 2210 4117 311 100 0 3095 4102 1436 0 1564 0 4117 142 694 0 12 0 0 0 3727 0 0 0 4117 2112 0 429 0 1960 0 710 245 3201 38 0 0 3359 4117 2823 1520 3822 1786 514 0 2419 4117
0 2519 0 1294 0 0 993 0 0 2823 1294 804 2280 1620 2823 311 1394 0 1801 2808 590 0 1619 0 2823 22 24 157 12 1033 1294 90 2433 0 0 1294 2823 2112 0 429 0 1960 1294 2004 245 3739 38 0 0 2511 2823 4117 226 3106 1215 514 0 2173 2823
117 206 97 208 467 103 237 328 8 1520 208 255 858 1076 1520 44 322 1483 1717 1520 1314 357 66 288 1520 336 719 4 108 90 208 15 1520 289 142 208 1520 21 198 57 52 0 72 205 722 604 8 196 244 1299 1520 226 4117 1225 677 269 92 552 1520
0 1520 0 283 0 0 283 0 0 3822 283 804 2453 2210 3822 311 383 0 2800 3807 1577 0 1619 0 3822 22 399 0 12 34 283 78 3432 0 0 283 3822 2124 0 429 0 1960 283 993 245 3484 38 0 0 3498 3822 3106 1225 4117 1491 526 0 2431 3822
490 1217 317 56 123 1 24 142 294 1786 56 905 32 4 1786 15 136 55 764 1771 373 173 1460 158 1786 177 597 246 397 26 56 12 1396 124 174 56 1786 1233 121 924 310 1194 25 766 1192 1215 332 91 7 1028 1786 1215 677 1491 4117 21 585 583 1786
668 606 792 1452 214 63 464 403 775 514 1452 76 1064 514 514 70 945 1164 521 515 297 88 152 792 514 1410 143 27 112 9 1452 465 645 798 125 1452 514 1573 5 6 796 753 1777 742 452 514 775 1369 417 550 514 514 269 526 21 4117 793 1204 514
699 107 1429 1246 1311 105 590 128 168 0 1246 1174 527 0 0 437 274 25 10 1 1079 181 467 2322 0 1272 378 446 164 793 1246 66 131 2044 231 1246 0 0 364 184 2031 87 838 536 806 0 168 1248 990 36 0 0 92 0 585 793 4117 190 0
197 847 190 190 10 34 64 110 5 2419 190 154 2016 1871 2419 337 12 1089 2047 2420 826 6 924 190 2419 205 7 178 116 26 190 87 2552 190 3 190 2419 2510 3 136 190 1517 190 60 0 2419 5 190 3 2419 2419 2173 552 2431 583 1204 190 4117 2419
0 1497 0 0 0 0 0 0 0 4117 0 804 2170 2210 4117 311 100 0 3095 4102 1436 0 1564 0 4117 142 694 0 12 0 0 0 3727 0 0 0 4117 2112 0 429 0 1960 0 710 245 3201 38 0 0 3359 4117 2823 1520 3822 1786 514 0 2419 4117
