1489 398 10 398 62 175 242 334 18 201 664 185 39 51 12 300 10 10 398 185 327 398 398 357 36 398 10 10 104 10 167 10 10 398 398 10 108 398 9 3 209 10 148 398 4 540 48 10 398 10 398 10 257 10 274 10 398 398 322
398 1489 0 1489 140 65 991 23 0 696 8 435 55 64 3 1193 0 0 1489 851 1294 1489 1489 1361 54 1489 0 0 17 0 346 0 0 1489 1489 0 277 1489 0 0 971 0 169 1489 0 3 78 0 1489 0 1489 0 872 0 516 0 1489 1489 733
10 0 1489 0 1262 21 7 15 0 617 10 100 513 3 788 0 1489 767 0 9 73 0 0 73 9 0 1489 1489 5 1489 0 1489 1489 0 0 699 971 0 1086 252 78 1489 0 0 0 13 33 1489 0 1489 0 1489 0 1489 10 1489 0 0 0
398 1489 0 1489 140 65 991 23 0 696 8 435 55 64 3 1193 0 0 1489 851 1294 1489 1489 1361 54 1489 0 0 17 0 346 0 0 1489 1489 0 277 1489 0 0 971 0 169 1489 0 3 78 0 1489 0 1489 0 872 0 516 0 1489 1489 733
62 140 1262 140 1489 33 123 7 0 390 10 9 513 3 561 140 1262 775 140 29 213 140 140 52 9 140 1262 1262 5 1262 140 1262 1262 140 140 719 1111 140 859 25 78 1262 0 140 8 13 31 1262 140 1262 140 1262 0 1262 150 1262 140 140 140
175 65 21 65 33 1489 58 59 39 48 116 338 25 21 28 53 21 7 65 359 99 65 65 65 43 65 21 21 87 21 83 21 21 65 65 428 23 65 18 11 53 21 76 65 6 161 239 21 65 21 65 21 154 21 12 21 65 65 51
242 991 7 991 123 58 1489 76 84 222 41 22 68 67 94 1017 7 7 991 377 796 991 991 863 101 991 7 7 34 7 349 7 7 991 991 7 260 991 2 11 500 7 34 991 1 17 104 7 991 7 991 7 401 7 149 7 991 991 373
334 23 15 23 7 59 76 1489 117 34 355 5 0 0 22 153 15 0 23 0 24 23 23 26 14 23 15 15 79 15 25 15 15 23 23 0 24 23 15 15 12 15 80 23 0 356 76 15 23 15 23 15 10 15 0 15 23 23 24
18 0 0 0 0 39 84 117 1489 126 1 0 4 0 575 80 0 0 0 0 1 0 0 0 86 0 0 0 1 0 169 0 0 0 0 0 41 0 0 0 2 0 471 0 0 1 307 0 0 0 0 0 1 0 0 0 0 0 1
201 696 617 696 390 48 222 34 126 1489 24 539 17 15 620 400 617 3 696 699 740 696 696 769 51 696 617 617 14 617 0 617 617 696 696 4 99 696 617 252 774 617 295 696 3 19 127 617 696 617 696 617 694 617 352 617 696 696 342
664 8 10 8 10 116 41 355 1 24 1489 8 125 127 1 44 10 10 8 8 8 8 8 9 14 8 10 10 83 10 74 10 10 8 8 0 10 8 0 0 65 10 74 8 0 956 14 10 8 10 8 10 18 10 18 10 8 8 63
185 435 100 435 9 338 22 5 0 539 8 1489 4 0 100 145 100 0 435 905 441 435 435 483 89 435 100 100 76 100 0 100 100 435 435 584 16 435 100 117 464 100 153 435 0 3 162 100 435 100 435 100 435 100 554 100 435 435 342
39 55 513 55 513 25 68 0 4 17 125 4 1489 408 11 55 513 513 55 26 69 55 55 56 89 55 513 513 31 513 1 513 513 55 55 472 551 55 110 3 62 513 26 55 8 115 52 513 55 513 55 513 57 513 153 513 55 55 85
51 64 3 64 3 21 67 0 0 15 127 0 408 1489 3 64 3 3 64 25 69 64 64 65 235 64 3 3 26 3 0 3 3 64 64 3 3 64 393 0 64 3 0 64 0 127 45 3 64 3 64 3 30 3 59 3 64 64 143
12 3 788 3 561 28 94 22 575 620 1 100 11 3 1489 83 788 106 3 12 77 3 3 76 92 3 788 788 18 788 0 788 788 3 3 76 270 3 788 252 81 788 170 3 3 0 2 788 3 788 3 788 3 788 6 788 3 3 0
300 1193 0 1193 140 53 1017 153 80 400 44 145 55 64 83 1489 0 0 1193 555 998 1193 1193 1065 31 1193 0 0 17 0 384 0 0 1193 1193 0 277 1193 0 0 675 0 65 1193 0 3 78 0 1193 0 1193 0 576 0 283 0 1193 1193 500
10 0 1489 0 1262 21 7 15 0 617 10 100 513 3 788 0 1489 767 0 9 73 0 0 73 9 0 1489 1489 5 1489 0 1489 1489 0 0 699 971 0 1086 252 78 1489 0 0 0 13 33 1489 0 1489 0 1489 0 1489 10 1489 0 0 0
10 0 767 0 775 7 7 0 0 3 10 0 513 3 106 0 767 1489 0 0 2 0 0 0 9 0 767 767 90 767 0 767 767 0 0 699 782 0 364 3 0 767 0 0 689 13 71 767 0 767 0 767 0 767 10 767 0 0 0
398 1489 0 1489 140 65 991 23 0 696 8 435 55 64 3 1193 0 0 1489 851 1294 1489 1489 1361 54 1489 0 0 17 0 346 0 0 1489 1489 0 277 1489 0 0 971 0 169 1489 0 3 78 0 1489 0 1489 0 872 0 516 0 1489 1489 733
185 851 9 851 29 359 377 0 0 699 8 905 26 25 12 555 9 0 851 1489 828 851 851 851 54 851 9 9 103 9 0 9 9 851 851 619 25 851 9 14 880 9 169 851 0 3 15 9 851 9 851 9 844 9 355 9 851 851 342
327 1294 73 1294 213 99 796 24 1 740 8 441 69 69 77 998 73 2 1294 828 1489 1294 1294 1166 59 1294 73 73 17 73 352 73 73 1294 1294 6 300 1294 73 8 951 73 195 1294 2 3 59 73 1294 73 1294 73 839 73 530 73 1294 1294 716
398 1489 0 1489 140 65 991 23 0 696 8 435 55 64 3 1193 0 0 1489 851 1294 1489 1489 1361 54 1489 0 0 17 0 346 0 0 1489 1489 0 277 1489 0 0 971 0 169 1489 0 3 78 0 1489 0 1489 0 872 0 516 0 1489 1489 733
398 1489 0 1489 140 65 991 23 0 696 8 435 55 64 3 1193 0 0 1489 851 1294 1489 1489 1361 54 1489 0 0 17 0 346 0 0 1489 1489 0 277 1489 0 0 971 0 169 1489 0 3 78 0 1489 0 1489 0 872 0 516 0 1489 1489 733
357 1361 73 1361 52 65 863 26 0 769 9 483 56 65 76 1065 73 0 1361 851 1166 1361 1361 1489 54 1361 73 73 17 73 218 73 73 1361 1361 0 149 1361 73 73 974 73 170 1361 0 4 78 73 1361 73 1361 73 873 73 405 73 1361 1361 605
36 54 9 54 9 43 101 14 86 51 14 89 89 235 92 31 9 9 54 54 59 54 54 54 1489 54 9 9 155 9 218 9 9 54 54 9 9 54 9 26 160 9 94 54 0 14 2 9 54 9 54 9 67 9 289 9 54 54 277
398 1489 0 1489 140 65 991 23 0 696 8 435 55 64 3 1193 0 0 1489 851 1294 1489 1489 1361 54 1489 0 0 17 0 346 0 0 1489 1489 0 277 1489 0 0 971 0 169 1489 0 3 78 0 1489 0 1489 0 872 0 516 0 1489 1489 733
10 0 1489 0 1262 21 7 15 0 617 10 100 513 3 788 0 1489 767 0 9 73 0 0 73 9 0 1489 1489 5 1489 0 1489 1489 0 0 699 971 0 1086 252 78 1489 0 0 0 13 33 1489 0 1489 0 1489 0 1489 10 1489 0 0 0
10 0 1489 0 1262 21 7 15 0 617 10 100 513 3 788 0 1489 767 0 9 73 0 0 73 9 0 1489 1489 5 1489 0 1489 1489 0 0 699 971 0 1086 252 78 1489 0 0 0 13 33 1489 0 1489 0 1489 0 1489 10 1489 0 0 0
104 17 5 17 5 87 34 79 1 14 83 76 31 26 18 17 5 90 17 103 17 17 17 17 155 17 5 5 1489 5 286 5 5 17 17 94 2 17 5 14 12 5 37 17 90 73 129 5 17 5 17 5 24 5 22 5 17 17 178
10 0 1489 0 1262 21 7 15 0 617 10 100 513 3 788 0 1489 767 0 9 73 0 0 73 9 0 1489 1489 5 1489 0 1489 1489 0 0 699 971 0 1086 252 78 1489 0 0 0 13 33 1489 0 1489 0 1489 0 1489 10 1489 0 0 0
167 346 0 346 140 83 349 25 169 0 74 0 1 0 0 384 0 0 346 0 352 346 346 218 218 346 0 0 286 0 1489 0 0 346 346 0 314 346 0 0 16 0 86 346 0 0 12 0 346 0 346 0 43 0 203 0 346 346 395
10 0 1489 0 1262 21 7 15 0 617 10 100 513 3 788 0 1489 767 0 9 73 0 0 73 9 0 1489 1489 5 1489 0 1489 1489 0 0 699 971 0 1086 252 78 1489 0 0 0 13 33 1489 0 1489 0 1489 0 1489 10 1489 0 0 0
10 0 1489 0 1262 21 7 15 0 617 10 100 513 3 788 0 1489 767 0 9 73 0 0 73 9 0 1489 1489 5 1489 0 1489 1489 0 0 699 971 0 1086 252 78 1489 0 0 0 13 33 1489 0 1489 0 1489 0 1489 10 1489 0 0 0
398 1489 0 1489 140 65 991 23 0 696 8 435 55 64 3 1193 0 0 1489 851 1294 1489 1489 1361 54 1489 0 0 17 0 346 0 0 1489 1489 0 277 1489 0 0 971 0 169 1489 0 3 78 0 1489 0 1489 0 872 0 516 0 1489 1489 733
398 1489 0 1489 140 65 991 23 0 696 8 435 55 64 3 1193 0 0 1489 851 1294 1489 1489 1361 54 1489 0 0 17 0 346 0 0 1489 1489 0 277 1489 0 0 971 0 169 1489 0 3 78 0 1489 0 1489 0 872 0 516 0 1489 1489 733
10 0 699 0 719 428 7 0 0 4 0 584 472 3 76 0 699 699 0 619 6 0 0 0 9 0 699 699 94 699 0 699 699 0 0 1489 715 0 337 59 29 699 0 0 51 13 31 699 0 699 0 699 0 699 10 699 0 0 0
108 277 971 277 1111 23 260 24 41 99 10 16 551 3 270 277 971 782 277 25 300 277 277 149 9 277 971 971 2 971 314 971 971 277 277 715 1489 277 568 0 23 971 96 277 15 13 58 971 277 971 277 971 1 971 188 971 277 277 278
398 1489 0 1489 140 65 991 23 0 696 8 435 55 64 3 1193 0 0 1489 851 1294 1489 1489 1361 54 1489 0 0 17 0 346 0 0 1489 1489 0 277 1489 0 0 971 0 169 1489 0 3 78 0 1489 0 1489 0 872 0 516 0 1489 1489 733
9 0 1086 0 859 18 2 15 0 617 0 100 110 393 788 0 1086 364 0 9 73 0 0 73 9 0 1086 1086 5 1086 0 1086 1086 0 0 337 568 0 1489 260 78 1086 0 0 1 21 37 1086 0 1086 0 1086 0 1086 12 1086 0 0 0
3 0 252 0 25 11 11 15 0 252 0 117 3 0 252 0 252 3 0 14 8 0 0 73 26 0 252 252 14 252 0 252 252 0 0 59 0 0 260 1489 0 252 0 0 135 371 3 252 0 252 0 252 0 252 7 252 0 0 0
209 971 78 971 78 53 500 12 2 774 65 464 62 64 81 675 78 0 971 880 951 971 971 974 160 971 78 78 12 78 16 78 78 971 971 29 23 971 78 0 1489 78 183 971 0 60 67 78 971 78 971 78 961 78 355 78 971 971 358
10 0 1489 0 1262 21 7 15 0 617 10 100 513 3 788 0 1489 767 0 9 73 0 0 73 9 0 1489 1489 5 1489 0 1489 1489 0 0 699 971 0 1086 252 78 1489 0 0 0 13 33 1489 0 1489 0 1489 0 1489 10 1489 0 0 0
148 169 0 169 0 76 34 80 471 295 74 153 26 0 170 65 0 0 169 169 195 169 169 170 94 169 0 0 37 0 86 0 0 169 169 0 96 169 0 0 183 0 1489 169 0 52 116 0 169 0 169 0 174 0 144 0 169 169 165
398 1489 0 1489 140 65 991 23 0 696 8 435 55 64 3 1193 0 0 1489 851 1294 1489 1489 1361 54 1489 0 0 17 0 346 0 0 1489 1489 0 277 1489 0 0 971 0 169 1489 0 3 78 0 1489 0 1489 0 872 0 516 0 1489 1489 733
4 0 0 0 8 6 1 0 0 3 0 0 8 0 3 0 0 689 0 0 2 0 0 0 0 0 0 0 90 0 0 0 0 0 0 51 15 0 1 135 0 0 0 0 1489 7 42 0 0 0 0 0 0 0 4 0 0 0 0
540 3 13 3 13 161 17 356 1 19 956 3 115 127 0 3 13 13 3 3 3 3 3 4 14 3 13 13 73 13 0 13 13 3 3 13 13 3 21 371 60 13 52 3 7 1489 78 13 3 13 3 13 13 13 16 13 3 3 0
48 78 33 78 31 239 104 76 307 127 14 162 52 45 2 78 33 71 78 15 59 78 78 78 2 78 33 33 129 33 12 33 33 78 78 31 58 78 37 3 67 33 116 78 42 78 1489 33 78 33 78 33 96 33 146 33 78 78 12
10 0 1489 0 1262 21 7 15 0 617 10 100 513 3 788 0 1489 767 0 9 73 0 0 73 9 0 1489 1489 5 1489 0 1489 1489 0 0 699 971 0 1086 252 78 1489 0 0 0 13 33 1489 0 1489 0 1489 0 1489 10 1489 0 0 0
398 1489 0 1489 140 65 991 23 0 696 8 435 55 64 3 1193 0 0 1489 851 1294 1489 1489 1361 54 1489 0 0 17 0 346 0 0 1489 1489 0 277 1489 0 0 971 0 169 1489 0 3 78 0 1489 0 1489 0 872 0 516 0 1489 1489 733
10 0 1489 0 1262 21 7 15 0 617 10 100 513 3 788 0 1489 767 0 9 73 0 0 73 9 0 1489 1489 5 1489 0 1489 1489 0 0 699 971 0 1086 252 78 1489 0 0 0 13 33 1489 0 1489 0 1489 0 1489 10 1489 0 0 0
398 1489 0 1489 140 65 991 23 0 696 8 435 55 64 3 1193 0 0 1489 851 1294 1489 1489 1361 54 1489 0 0 17 0 346 0 0 1489 1489 0 277 1489 0 0 971 0 169 1489 0 3 78 0 1489 0 1489 0 872 0 516 0 1489 1489 733
10 0 1489 0 1262 21 7 15 0 617 10 100 513 3 788 0 1489 767 0 9 73 0 0 73 9 0 1489 1489 5 1489 0 1489 1489 0 0 699 971 0 1086 252 78 1489 0 0 0 13 33 1489 0 1489 0 1489 0 1489 10 1489 0 0 0
257 872 0 872 0 154 401 10 1 694 18 435 57 30 3 576 0 0 872 844 839 872 872 873 67 872 0 0 24 0 43 0 0 872 872 0 1 872 0 0 961 0 174 872 0 13 96 0 872 0 872 0 1489 0 443 0 872 872 342
10 0 1489 0 1262 21 7 15 0 617 10 100 513 3 788 0 1489 767 0 9 73 0 0 73 9 0 1489 1489 5 1489 0 1489 1489 0 0 699 971 0 1086 252 78 1489 0 0 0 13 33 1489 0 1489 0 1489 0 1489 10 1489 0 0 0
274 516 10 516 150 12 149 0 0 352 18 554 153 59 6 283 10 10 516 355 530 516 516 405 289 516 10 10 22 10 203 10 10 516 516 10 188 516 12 7 355 10 144 516 4 16 146 10 516 10 516 10 443 10 1489 10 516 516 506
10 0 1489 0 1262 21 7 15 0 617 10 100 513 3 788 0 1489 767 0 9 73 0 0 73 9 0 1489 1489 5 1489 0 1489 1489 0 0 699 971 0 1086 252 78 1489 0 0 0 13 33 1489 0 1489 0 1489 0 1489 10 1489 0 0 0
398 1489 0 1489 140 65 991 23 0 696 8 435 55 64 3 1193 0 0 1489 851 1294 1489 1489 1361 54 1489 0 0 17 0 346 0 0 1489 1489 0 277 1489 0 0 971 0 169 1489 0 3 78 0 1489 0 1489 0 872 0 516 0 1489 1489 733
398 1489 0 1489 140 65 991 23 0 696 8 435 55 64 3 1193 0 0 1489 851 1294 1489 1489 1361 54 1489 0 0 17 0 346 0 0 1489 1489 0 277 1489 0 0 971 0 169 1489 0 3 78 0 1489 0 1489 0 872 0 516 0 1489 1489 733
322 733 0 733 140 51 373 24 1 342 63 342 85 143 0 500 0 0 733 342 716 733 733 605 277 733 0 0 178 0 395 0 0 733 733 0 278 733 0 0 358 0 165 733 0 0 12 0 733 0 733 0 342 0 506 0 733 733 1489
