4138 1143 971 1125 561 927 993 804 0 911 924 906 763 722 924 768 272 393 804 738 636 1115 760 1179 804 296 924 161 561 630 804 924 261 804 924 924 443 924 804 329 804 551 677 804 924 104 630 924 5 804 804 804 804 630 922 395 804 782 804
1143 4138 199 333 139 108 2337 0 0 3345 3354 2555 0 181 3354 2289 251 381 0 197 61 3163 2149 3388 0 226 3354 393 139 4 0 3354 944 0 3354 3354 573 3354 0 81 0 327 2022 0 3354 467 164 3354 29 0 0 0 0 164 3483 1255 0 1534 0
971 199 4138 527 0 417 171 141 0 61 0 139 217 1549 0 177 391 33 141 270 336 0 515 57 141 1687 0 164 65 2173 141 0 506 589 0 0 873 0 141 218 141 23 375 141 0 547 2187 0 15 141 141 141 141 2187 38 1148 141 802 141
1125 333 527 4138 67 3434 861 3433 0 185 185 386 3286 390 185 576 265 70 3433 2287 2446 376 113 259 3433 51 185 299 67 0 3433 185 370 3307 185 185 1 185 3433 24 3433 2416 650 3433 185 345 0 185 72 3433 3433 3433 3433 0 189 269 3433 136 3397
561 139 0 67 4138 0 0 0 0 0 0 0 100 0 0 0 142 6 0 448 61 0 0 727 0 330 0 20 3511 0 0 0 158 0 0 0 2 0 0 633 0 176 138 0 0 134 0 0 689 0 0 0 0 0 0 0 0 43 0
927 108 417 3434 0 4138 946 3572 0 10 10 657 3240 367 10 485 265 70 3572 2624 2792 201 128 154 3572 210 10 154 0 0 3572 10 195 3078 10 10 11 10 3572 0 3572 2216 345 3572 10 383 159 10 5 3572 3572 3572 3572 159 10 177 3572 308 3451
993 2337 171 861 0 946 4138 1273 142 2337 2337 2826 991 173 2337 2604 171 92 1273 586 595 2528 1433 2407 1273 62 2337 109 0 75 1273 2337 246 1192 2337 2337 570 2337 1273 0 1273 748 1818 1273 2337 270 75 2337 5 1273 1273 1273 1273 75 2341 658 1273 1063 1257
804 0 141 3433 0 3572 1273 4138 0 0 0 647 3806 0 0 857 265 70 4138 2632 2700 191 113 13 4138 51 0 154 0 0 4138 0 185 3644 0 0 1 0 4138 0 4138 2782 806 4138 0 383 0 0 5 4138 4138 4138 4138 0 4 84 4138 278 4017
0 0 0 0 0 0 142 0 4138 0 0 0 0 0 0 0 0 0 0 0 180 0 0 0 0 0 0 0 0 0 0 0 89 0 0 0 0 0 0 0 0 0 141 0 0 336 0 0 0 0 0 0 0 0 91 0 0 0 0
911 3345 61 185 0 10 2337 0 0 4138 4061 3336 0 0 4061 2305 171 271 0 70 33 3806 2078 3249 0 139 4061 475 0 47 0 4061 1128 0 4061 4061 1280 4061 0 0 0 327 2022 0 4061 357 77 4061 19 0 0 0 0 77 3828 1149 0 1537 0
924 3354 0 185 0 10 2337 0 0 4061 4138 3259 0 0 4138 2305 171 271 0 70 33 3880 2001 3249 0 62 4138 475 0 0 0 4138 1051 0 4138 4138 1357 4138 0 0 0 327 2022 0 4138 357 0 4138 19 0 0 0 0 0 3812 1163 0 1460 0
906 2555 139 386 0 657 2826 647 0 3336 3259 4138 315 0 3259 2013 171 240 647 717 680 3392 1639 2475 647 167 3259 163 0 196 647 3259 606 383 3259 3259 1379 3259 647 0 647 15 1248 647 3259 165 232 3259 5 647 647 647 647 232 3038 714 647 1348 526
763 0 217 3286 100 3240 991 3806 0 0 0 315 4138 201 0 857 265 70 3806 2300 2368 191 113 13 3806 83 0 99 61 0 3806 0 185 3591 0 0 1 0 3806 143 3806 2779 806 3806 0 347 0 0 5 3806 3806 3806 3806 0 4 84 3806 278 3742
722 181 1549 390 0 367 173 0 0 0 0 0 201 4138 0 0 9 44 0 61 113 0 94 141 0 49 0 82 467 0 0 0 268 448 0 0 0 0 0 43 0 30 209 0 0 39 0 0 0 0 0 0 0 0 28 0 0 55 0
924 3354 0 185 0 10 2337 0 0 4061 4138 3259 0 0 4138 2305 171 271 0 70 33 3880 2001 3249 0 62 4138 475 0 0 0 4138 1051 0 4138 4138 1357 4138 0 0 0 327 2022 0 4138 357 0 4138 19 0 0 0 0 0 3812 1163 0 1460 0
768 2289 177 576 0 485 2604 857 0 2305 2305 2013 857 0 2305 4138 313 236 857 196 229 2168 1862 2289 857 179 2305 228 0 177 857 2305 556 828 2305 2305 469 2305 857 0 857 1102 2179 857 2305 431 177 2305 19 857 857 857 857 177 2313 968 857 1462 857
272 251 391 265 142 265 171 265 0 171 171 171 265 9 171 313 4138 1083 265 268 428 171 165 252 265 722 171 86 150 441 265 171 127 265 171 171 149 171 265 39 265 444 118 265 171 353 365 171 204 265 265 265 265 365 171 350 265 316 265
393 381 33 70 6 70 92 70 0 271 271 240 70 44 271 236 1083 4138 70 57 157 136 414 271 70 177 271 155 3 635 70 271 230 37 271 271 349 271 70 211 70 359 190 70 271 1019 634 271 634 70 70 70 70 634 271 384 70 707 70
804 0 141 3433 0 3572 1273 4138 0 0 0 647 3806 0 0 857 265 70 4138 2632 2700 191 113 13 4138 51 0 154 0 0 4138 0 185 3644 0 0 1 0 4138 0 4138 2782 806 4138 0 383 0 0 5 4138 4138 4138 4138 0 4 84 4138 278 4017
738 197 270 2287 448 2624 586 2632 0 70 70 717 2300 61 70 196 268 57 2632 4138 2667 317 81 437 2632 104 70 95 433 101 2632 70 232 2138 70 70 71 70 2632 314 2632 1276 51 2632 70 393 101 70 71 2632 2632 2632 2632 101 90 10 2632 241 2511
636 61 336 2446 61 2792 595 2700 180 33 33 680 2368 113 33 229 428 157 2700 2667 4138 224 123 124 2700 117 33 66 60 104 2700 33 193 2206 33 33 94 33 2700 33 2700 1344 83 2700 33 504 103 33 50 2700 2700 2700 2700 103 33 42 2700 252 2579
1115 3163 0 376 0 201 2528 191 0 3806 3880 3392 191 0 3880 2168 171 136 191 317 224 4138 1810 3058 191 62 3880 405 0 0 191 3880 860 191 3880 3880 1290 3880 191 0 191 136 1831 191 3880 166 0 3880 5 191 191 191 191 0 3621 957 191 1269 191
760 2149 515 113 0 128 1433 113 0 2078 2001 1639 113 94 2001 1862 165 414 113 81 123 1810 4138 1962 113 984 2001 280 0 796 113 2001 1028 113 2001 2001 979 2001 113 58 113 374 1496 113 2001 545 1437 2001 19 113 113 113 113 1437 2138 1495 113 2019 113
1179 3388 57 259 727 154 2407 13 0 3249 3249 2475 13 141 3249 2289 252 271 13 437 124 3058 1962 4138 13 62 3249 393 727 0 13 3249 780 13 3249 3249 468 3249 13 394 13 340 2024 13 3249 357 0 3249 174 13 13 13 13 0 3249 1137 13 1358 13
804 0 141 3433 0 3572 1273 4138 0 0 0 647 3806 0 0 857 265 70 4138 2632 2700 191 113 13 4138 51 0 154 0 0 4138 0 185 3644 0 0 1 0 4138 0 4138 2782 806 4138 0 383 0 0 5 4138 4138 4138 4138 0 4 84 4138 278 4017
296 226 1687 51 330 210 62 51 0 139 62 167 83 49 62 179 722 177 51 104 117 62 984 62 51 4138 62 276 317 1518 51 62 970 51 62 62 781 62 51 264 51 169 67 51 62 67 2328 62 105 51 51 51 51 2328 215 1617 51 866 51
924 3354 0 185 0 10 2337 0 0 4061 4138 3259 0 0 4138 2305 171 271 0 70 33 3880 2001 3249 0 62 4138 475 0 0 0 4138 1051 0 4138 4138 1357 4138 0 0 0 327 2022 0 4138 357 0 4138 19 0 0 0 0 0 3812 1163 0 1460 0
161 393 164 299 20 154 109 154 0 475 475 163 99 82 475 228 86 155 154 95 66 405 280 393 154 276 475 4138 20 174 154 475 484 122 475 475 121 475 154 2059 154 314 603 154 475 296 255 475 63 154 154 154 154 255 475 591 154 302 169
561 139 65 67 3511 0 0 0 0 0 0 0 61 467 0 0 150 3 0 433 60 0 0 727 0 317 0 20 4138 0 0 0 158 0 0 0 2 0 0 471 0 225 132 0 0 124 0 0 722 0 0 0 0 0 0 0 0 43 0
630 4 2173 0 0 0 75 0 0 47 0 196 0 0 0 177 441 635 0 101 104 0 796 0 0 1518 0 174 0 4138 0 0 559 0 0 0 1565 0 0 0 0 0 373 0 0 598 3328 0 180 0 0 0 0 3328 0 1622 0 1318 0
804 0 141 3433 0 3572 1273 4138 0 0 0 647 3806 0 0 857 265 70 4138 2632 2700 191 113 13 4138 51 0 154 0 0 4138 0 185 3644 0 0 1 0 4138 0 4138 2782 806 4138 0 383 0 0 5 4138 4138 4138 4138 0 4 84 4138 278 4017
924 3354 0 185 0 10 2337 0 0 4061 4138 3259 0 0 4138 2305 171 271 0 70 33 3880 2001 3249 0 62 4138 475 0 0 0 4138 1051 0 4138 4138 1357 4138 0 0 0 327 2022 0 4138 357 0 4138 19 0 0 0 0 0 3812 1163 0 1460 0
261 944 506 370 158 195 246 185 89 1128 1051 606 185 268 1051 556 127 230 185 232 193 860 1028 780 185 970 1051 484 158 559 185 1051 4138 185 1051 1051 558 1051 185 0 185 512 751 185 1051 329 1098 1051 89 185 185 185 185 1098 1072 1560 185 1097 185
804 0 589 3307 0 3078 1192 3644 0 0 0 383 3591 448 0 828 265 37 3644 2138 2206 191 113 13 3644 51 0 122 0 0 3644 0 185 4138 0 0 1 0 3644 66 3644 2782 806 3644 0 200 0 0 5 3644 3644 3644 3644 0 4 84 3644 278 3644
924 3354 0 185 0 10 2337 0 0 4061 4138 3259 0 0 4138 2305 171 271 0 70 33 3880 2001 3249 0 62 4138 475 0 0 0 4138 1051 0 4138 4138 1357 4138 0 0 0 327 2022 0 4138 357 0 4138 19 0 0 0 0 0 3812 1163 0 1460 0
924 3354 0 185 0 10 2337 0 0 4061 4138 3259 0 0 4138 2305 171 271 0 70 33 3880 2001 3249 0 62 4138 475 0 0 0 4138 1051 0 4138 4138 1357 4138 0 0 0 327 2022 0 4138 357 0 4138 19 0 0 0 0 0 3812 1163 0 1460 0
443 573 873 1 2 11 570 1 0 1280 1357 1379 1 0 1357 469 149 349 1 71 94 1290 979 468 1 781 1357 121 2 1565 1 1357 558 1 1357 1357 4138 1357 1 60 1 1 23 1 1357 209 1565 1357 15 1 1 1 1 1565 1031 1132 1 461 1
924 3354 0 185 0 10 2337 0 0 4061 4138 3259 0 0 4138 2305 171 271 0 70 33 3880 2001 3249 0 62 4138 475 0 0 0 4138 1051 0 4138 4138 1357 4138 0 0 0 327 2022 0 4138 357 0 4138 19 0 0 0 0 0 3812 1163 0 1460 0
804 0 141 3433 0 3572 1273 4138 0 0 0 647 3806 0 0 857 265 70 4138 2632 2700 191 113 13 4138 51 0 154 0 0 4138 0 185 3644 0 0 1 0 4138 0 4138 2782 806 4138 0 383 0 0 5 4138 4138 4138 4138 0 4 84 4138 278 4017
329 81 218 24 633 0 0 0 0 0 0 0 143 43 0 0 39 211 0 314 33 0 58 394 0 264 0 2059 471 0 0 0 0 66 0 0 60 0 0 4138 0 37 67 0 0 21 0 0 17 0 0 0 0 0 0 0 0 1 121
804 0 141 3433 0 3572 1273 4138 0 0 0 647 3806 0 0 857 265 70 4138 2632 2700 191 113 13 4138 51 0 154 0 0 4138 0 185 3644 0 0 1 0 4138 0 4138 2782 806 4138 0 383 0 0 5 4138 4138 4138 4138 0 4 84 4138 278 4017
551 327 23 2416 176 2216 748 2782 0 327 327 15 2779 30 327 1102 444 359 2782 1276 1344 136 374 340 2782 169 327 314 225 0 2782 327 512 2782 327 327 1 327 2782 37 2782 4138 1133 2782 327 240 0 327 186 2782 2782 2782 2782 0 331 411 2782 548 2782
677 2022 375 650 138 345 1818 806 141 2022 2022 1248 806 209 2022 2179 118 190 806 51 83 1831 1496 2024 806 67 2022 603 132 373 806 2022 751 806 2022 2022 23 2022 806 67 806 1133 4138 806 2022 674 373 2022 26 806 806 806 806 373 2026 1347 806 1784 806
804 0 141 3433 0 3572 1273 4138 0 0 0 647 3806 0 0 857 265 70 4138 2632 2700 191 113 13 4138 51 0 154 0 0 4138 0 185 3644 0 0 1 0 4138 0 4138 2782 806 4138 0 383 0 0 5 4138 4138 4138 4138 0 4 84 4138 278 4017
924 3354 0 185 0 10 2337 0 0 4061 4138 3259 0 0 4138 2305 171 271 0 70 33 3880 2001 3249 0 62 4138 475 0 0 0 4138 1051 0 4138 4138 1357 4138 0 0 0 327 2022 0 4138 357 0 4138 19 0 0 0 0 0 3812 1163 0 1460 0
104 467 547 345 134 383 270 383 336 357 357 165 347 39 357 431 353 1019 383 393 504 166 545 357 383 67 357 296 124 598 383 357 329 200 357 357 209 357 383 21 383 240 674 383 357 4138 598 357 615 383 383 383 383 598 357 698 383 843 383
630 164 2187 0 0 159 75 0 0 77 0 232 0 0 0 177 365 634 0 101 103 0 1437 0 0 2328 0 255 0 3328 0 0 1098 0 0 0 1565 0 0 0 0 0 373 0 0 598 4138 0 8 0 0 0 0 4138 153 2390 0 1884 0
924 3354 0 185 0 10 2337 0 0 4061 4138 3259 0 0 4138 2305 171 271 0 70 33 3880 2001 3249 0 62 4138 475 0 0 0 4138 1051 0 4138 4138 1357 4138 0 0 0 327 2022 0 4138 357 0 4138 19 0 0 0 0 0 3812 1163 0 1460 0
5 29 15 72 689 5 5 5 0 19 19 5 5 0 19 19 204 634 5 71 50 5 19 174 5 105 19 63 722 180 5 19 89 5 19 19 15 19 5 17 5 186 26 5 19 615 8 19 4138 5 5 5 5 8 19 19 5 127 5
804 0 141 3433 0 3572 1273 4138 0 0 0 647 3806 0 0 857 265 70 4138 2632 2700 191 113 13 4138 51 0 154 0 0 4138 0 185 3644 0 0 1 0 4138 0 4138 2782 806 4138 0 383 0 0 5 4138 4138 4138 4138 0 4 84 4138 278 4017
804 0 141 3433 0 3572 1273 4138 0 0 0 647 3806 0 0 857 265 70 4138 2632 2700 191 113 13 4138 51 0 154 0 0 4138 0 185 3644 0 0 1 0 4138 0 4138 2782 806 4138 0 383 0 0 5 4138 4138 4138 4138 0 4 84 4138 278 4017
804 0 141 3433 0 3572 1273 4138 0 0 0 647 3806 0 0 857 265 70 4138 2632 2700 191 113 13 4138 51 0 154 0 0 4138 0 185 3644 0 0 1 0 4138 0 4138 2782 806 4138 0 383 0 0 5 4138 4138 4138 4138 0 4 84 4138 278 4017
804 0 141 3433 0 3572 1273 4138 0 0 0 647 3806 0 0 857 265 70 4138 2632 2700 191 113 13 4138 51 0 154 0 0 4138 0 185 3644 0 0 1 0 4138 0 4138 2782 806 4138 0 383 0 0 5 4138 4138 4138 4138 0 4 84 4138 278 4017
630 164 2187 0 0 159 75 0 0 77 0 232 0 0 0 177 365 634 0 101 103 0 1437 0 0 2328 0 255 0 3328 0 0 1098 0 0 0 1565 0 0 0 0 0 373 0 0 598 4138 0 8 0 0 0 0 4138 153 2390 0 1884 0
922 3483 38 189 0 10 2341 4 91 3828 3812 3038 4 28 3812 2313 171 271 4 90 33 3621 2138 3249 4 215 3812 475 0 0 4 3812 1072 4 3812 3812 1031 3812 4 0 4 331 2026 4 3812 357 153 3812 19 4 4 4 4 153 4138 1252 4 1613 4
395 1255 1148 269 0 177 658 84 0 1149 1163 714 84 0 1163 968 350 384 84 10 42 957 1495 1137 84 1617 1163 591 0 1622 84 1163 1560 84 1163 1163 1132 1163 84 0 84 411 1347 84 1163 698 2390 1163 19 84 84 84 84 2390 1252 4138 84 1910 84
804 0 141 3433 0 3572 1273 4138 0 0 0 647 3806 0 0 857 265 70 4138 2632 2700 191 113 13 4138 51 0 154 0 0 4138 0 185 3644 0 0 1 0 4138 0 4138 2782 806 4138 0 383 0 0 5 4138 4138 4138 4138 0 4 84 4138 278 4017
782 1534 802 136 43 308 1063 278 0 1537 1460 1348 278 55 1460 1462 316 707 278 241 252 1269 2019 1358 278 866 1460 302 43 1318 278 1460 1097 278 1460 1460 461 1460 278 1 278 548 1784 278 1460 843 1884 1460 127 278 278 278 278 1884 1613 1910 278 4138 278
804 0 141 3397 0 3451 1257 4017 0 0 0 526 3742 0 0 857 265 70 4017 2511 2579 191 113 13 4017 51 0 169 0 0 4017 0 185 3644 0 0 1 0 4017 121 4017 2782 806 4017 0 383 0 0 5 4017 4017 4017 4017 0 4 84 4017 278 4138
