2460 988 108 189 136 988 994 720 988 195 891 669 1002 76 169 1092 359 109 75 169 27 907 990 990 65 988 240 1036 990 988 990 252 165 432 918 165 910 988 988 727 988 988 165 113 988 988 165 988 165 165 211 988 988 988 988 728 988 988 988
988 2460 67 484 156 2164 2064 4 2164 60 1833 953 2164 14 138 1874 464 78 143 340 5 1383 2006 2184 10 2164 0 2119 2114 2164 1713 1048 0 1035 1878 395 2048 2164 2164 10 2164 2164 0 50 2164 2164 0 2167 256 0 96 2164 2164 2164 2164 1264 2164 2172 2164
108 67 2460 395 162 67 67 4 67 107 67 342 67 1 0 76 312 202 0 80 8 67 67 67 108 67 0 72 67 67 75 146 0 80 67 0 67 67 67 4 67 67 0 108 67 67 0 67 0 0 359 67 67 67 67 0 67 67 67
189 484 395 2460 161 331 266 55 331 187 331 663 331 24 27 345 384 145 158 168 53 153 260 331 36 331 18 286 281 331 345 354 0 87 331 178 331 331 331 55 331 331 0 30 331 331 0 331 142 0 451 331 331 331 331 256 331 331 331
136 156 162 161 2460 113 116 1 113 618 113 245 113 1 113 149 224 247 27 191 571 24 69 153 1 113 12 117 117 113 235 746 0 165 113 113 113 113 113 1 113 113 0 1 113 113 0 113 113 0 320 113 113 113 113 113 113 113 113
988 2164 67 331 113 2460 2149 0 2249 12 1918 953 2249 8 214 1874 449 116 35 340 50 1466 2091 2263 9 2249 140 2244 2199 2249 1696 906 36 1068 1963 399 2131 2249 2249 8 2249 2249 140 50 2319 2249 140 2249 368 140 95 2249 2249 2249 2249 1404 2249 2270 2249
994 2064 67 266 116 2149 2460 164 2254 15 2029 853 2179 6 197 1774 435 128 8 297 11 1565 2147 2192 3 2360 6 2135 2214 2360 1596 806 234 1073 1938 345 2058 2360 2360 6 2360 2360 59 44 2258 2177 59 2314 238 92 95 2360 2360 2360 2360 1164 2360 2274 2279
720 4 4 55 1 0 164 2460 56 11 308 83 14 0 8 174 404 263 324 559 19 9 109 6 4 158 0 15 34 158 33 1 158 156 115 5 10 158 158 2298 158 158 0 35 56 0 0 119 0 29 212 158 158 158 158 0 158 76 81
988 2164 67 331 113 2249 2254 56 2460 21 2023 953 2279 0 138 1874 449 76 5 439 5 1506 2251 2292 0 2354 0 2190 2280 2354 1802 906 69 1068 2144 445 2158 2354 2354 0 2354 2354 0 42 2319 2277 0 2397 295 0 95 2354 2354 2354 2354 1264 2354 2374 2435
195 60 107 187 618 12 15 11 21 2460 21 129 12 1 0 14 291 48 978 478 24 22 22 18 1660 12 0 14 15 12 101 123 0 71 48 0 26 12 12 11 12 12 0 727 12 12 0 18 0 0 88 12 12 12 12 0 12 12 21
891 1833 67 331 113 1918 2029 308 2023 21 2460 910 1948 33 138 1847 269 69 18 345 5 1492 1916 1961 9 2129 139 1859 1949 2129 1532 575 175 1095 2111 445 1892 2129 2129 150 2129 2129 0 180 2027 1946 0 2083 253 33 95 2129 2129 2129 2129 933 2129 2043 2048
669 953 342 663 245 953 853 83 953 129 910 2460 958 0 280 903 558 295 160 350 20 659 795 953 30 953 117 908 903 953 898 613 142 58 914 437 827 953 953 83 953 953 142 121 953 953 142 953 395 142 400 953 953 953 953 915 953 953 953
1002 2164 67 331 113 2249 2179 14 2279 12 1948 958 2460 0 141 1881 449 69 5 381 5 1500 2121 2303 41 2279 0 2190 2229 2279 1713 906 0 1109 1993 421 2171 2279 2279 14 2279 2279 0 82 2279 2277 0 2279 253 0 95 2279 2279 2279 2279 1264 2279 2279 2279
76 14 1 24 1 8 6 0 0 1 33 0 0 2460 69 0 41 13 109 0 79 163 1 0 0 0 0 92 1 0 83 65 0 567 170 0 188 0 0 140 0 0 0 10 0 0 0 0 47 0 17 0 0 0 0 0 0 47 0
169 138 0 27 113 214 197 8 138 0 138 280 141 69 2460 138 60 1069 8 220 91 430 26 153 23 138 958 165 138 138 169 180 2147 23 155 1996 207 138 138 99 138 138 2152 23 138 138 2152 138 2231 2152 0 138 138 138 138 1164 138 182 138
1092 1874 76 345 149 1874 1774 174 1874 14 1847 903 1881 0 138 2460 312 90 8 343 87 1335 1716 1880 2 1874 47 1842 1824 1874 1613 652 0 1019 1831 395 1748 1874 1874 174 1874 1874 0 107 1874 1874 0 1874 253 0 102 1874 1874 1874 1874 988 1874 1874 1874
359 464 312 384 224 449 435 404 449 291 269 558 449 41 60 312 2460 388 166 343 32 220 442 484 131 449 83 454 451 449 364 414 49 254 297 106 323 449 449 404 449 449 49 66 449 449 49 449 60 49 290 449 449 449 449 373 449 449 449
109 78 202 145 247 116 128 263 76 48 69 295 69 13 1069 90 388 2460 214 172 122 568 76 99 24 69 0 132 69 69 66 333 1187 99 76 792 69 69 69 263 69 69 1187 35 69 69 1187 73 944 1187 72 69 69 69 69 45 69 74 76
75 143 0 158 27 35 8 324 5 978 18 160 5 109 8 8 166 214 2460 495 646 10 7 26 968 5 62 44 8 5 85 202 0 46 32 5 19 5 5 320 5 5 0 423 5 5 0 8 5 0 58 5 5 5 5 5 5 5 5
169 340 80 168 191 340 297 559 439 478 345 350 381 0 220 343 343 172 495 2460 30 156 237 355 1195 340 39 309 290 340 586 429 62 171 462 267 304 340 340 559 340 340 62 887 340 340 62 383 350 62 41 340 340 340 340 340 340 360 421
27 5 8 53 571 50 11 19 5 24 5 20 5 79 91 87 32 122 646 30 2460 101 12 9 15 5 314 50 7 5 96 86 0 10 5 5 82 5 5 96 5 5 0 16 5 5 0 5 49 0 274 5 5 5 5 5 5 39 5
907 1383 67 153 24 1466 1565 9 1506 22 1492 659 1500 163 430 1335 220 568 10 156 101 2460 1506 1503 22 1506 25 1487 1506 1506 1192 115 511 918 1514 148 1574 1506 1506 149 1506 1506 499 78 1506 1486 499 1506 293 499 41 1506 1506 1506 1506 473 1506 1553 1506
990 2006 67 260 69 2091 2147 109 2251 22 1916 795 2121 1 26 1716 442 76 7 237 12 1506 2460 2134 1 2247 7 2032 2122 2247 1593 748 120 1146 1935 287 2000 2247 2247 2 2247 2247 0 43 2161 2119 0 2290 95 0 93 2247 2247 2247 2247 1106 2247 2216 2276
990 2184 67 331 153 2263 2192 6 2292 18 1961 953 2303 0 153 1880 484 99 26 355 9 1503 2134 2460 15 2292 0 2258 2242 2292 1699 921 7 1083 2006 434 2162 2292 2292 15 2292 2292 0 56 2292 2277 0 2292 253 0 95 2292 2292 2292 2292 1264 2292 2292 2292
65 10 108 36 1 9 3 4 0 1660 9 30 41 0 23 2 131 24 968 1195 15 22 1 15 2460 0 0 16 3 0 183 0 0 274 27 0 41 0 0 0 0 0 0 1452 0 0 0 3 0 0 31 0 0 0 0 0 0 7 0
988 2164 67 331 113 2249 2360 158 2354 12 2129 953 2279 0 138 1874 449 69 5 340 5 1506 2247 2292 0 2460 0 2190 2280 2460 1696 906 175 1068 2038 445 2158 2460 2460 0 2460 2460 0 41 2358 2277 0 2414 253 33 95 2460 2460 2460 2460 1264 2460 2374 2379
240 0 0 18 12 140 6 0 0 0 139 117 0 0 958 47 83 0 62 39 314 25 7 0 0 0 2460 2 2 0 39 12 953 10 0 921 0 0 0 0 0 0 1128 924 102 0 1128 0 1007 1095 4 0 0 0 0 1128 0 0 0
1036 2119 72 286 117 2244 2135 15 2190 14 1859 908 2190 92 165 1842 454 132 44 309 50 1487 2032 2258 16 2190 2 2460 2170 2190 1665 861 0 1049 1904 350 2105 2190 2190 47 2190 2190 0 57 2190 2190 0 2190 238 0 100 2190 2190 2190 2190 1219 2190 2202 2190
990 2114 67 281 117 2199 2214 34 2280 15 1949 903 2229 1 138 1824 451 69 8 290 7 1506 2122 2242 3 2280 2 2170 2460 2280 1646 856 45 1072 1988 499 2108 2280 2280 2 2280 2280 0 44 2269 2234 0 2280 203 0 95 2280 2280 2280 2280 1214 2280 2280 2280
988 2164 67 331 113 2249 2360 158 2354 12 2129 953 2279 0 138 1874 449 69 5 340 5 1506 2247 2292 0 2460 0 2190 2280 2460 1696 906 175 1068 2038 445 2158 2460 2460 0 2460 2460 0 41 2358 2277 0 2414 253 33 95 2460 2460 2460 2460 1264 2460 2374 2379
990 1713 75 345 235 1696 1596 33 1802 101 1532 898 1713 83 169 1613 364 66 85 586 96 1192 1593 1699 183 1696 39 1665 1646 1696 2460 607 0 779 1710 363 1596 1696 1696 43 1696 1696 0 162 1696 1696 0 1739 310 0 78 1696 1696 1696 1696 965 1696 1716 1777
252 1048 146 354 746 906 806 1 906 123 575 613 906 65 180 652 414 333 202 429 86 115 748 921 0 906 12 861 856 906 607 2460 42 191 620 437 780 906 906 1 906 906 42 12 906 906 42 906 295 42 117 906 906 906 906 906 906 906 906
165 0 0 0 0 36 234 158 69 0 175 142 0 0 2147 0 49 1187 0 62 0 511 120 7 0 175 953 0 45 175 0 42 2460 0 39 1876 0 175 175 0 175 175 2285 0 73 0 2285 129 2032 2318 0 175 175 175 175 1021 175 89 94
432 1035 80 87 165 1068 1073 156 1068 71 1095 58 1109 567 23 1019 254 99 46 171 10 918 1146 1083 274 1068 10 1049 1072 1068 779 191 0 2460 1238 75 1134 1068 1068 152 1068 1068 0 283 1068 1068 0 1071 0 0 93 1068 1068 1068 1068 189 1068 1075 1068
918 1878 67 331 113 1963 1938 115 2144 48 2111 914 1993 170 155 1831 297 76 32 462 5 1514 1935 2006 27 2038 0 1904 1988 2038 1710 620 39 1238 2460 445 1914 2038 2038 89 2038 2038 0 42 2033 1991 0 2081 310 0 95 2038 2038 2038 2038 978 2038 2058 2119
165 395 0 178 113 399 345 5 445 0 445 437 421 0 1996 395 106 792 5 267 5 148 287 434 0 445 921 350 499 445 363 437 1876 75 445 2460 426 445 445 0 445 445 1858 0 445 438 1858 445 2111 1858 28 445 445 445 445 1384 445 445 445
910 2048 67 331 113 2131 2058 10 2158 26 1892 827 2171 188 207 1748 323 69 19 304 82 1574 2000 2162 41 2158 0 2105 2108 2158 1596 780 0 1134 1914 426 2460 2158 2158 150 2158 2158 0 68 2158 2151 0 2158 300 0 95 2158 2158 2158 2158 1138 2158 2205 2158
988 2164 67 331 113 2249 2360 158 2354 12 2129 953 2279 0 138 1874 449 69 5 340 5 1506 2247 2292 0 2460 0 2190 2280 2460 1696 906 175 1068 2038 445 2158 2460 2460 0 2460 2460 0 41 2358 2277 0 2414 253 33 95 2460 2460 2460 2460 1264 2460 2374 2379
988 2164 67 331 113 2249 2360 158 2354 12 2129 953 2279 0 138 1874 449 69 5 340 5 1506 2247 2292 0 2460 0 2190 2280 2460 1696 906 175 1068 2038 445 2158 2460 2460 0 2460 2460 0 41 2358 2277 0 2414 253 33 95 2460 2460 2460 2460 1264 2460 2374 2379
727 10 4 55 1 8 6 2298 0 11 150 83 14 140 99 174 404 263 320 559 96 149 2 15 0 0 0 47 2 0 43 1 0 152 89 0 150 0 0 2460 0 0 0 32 0 0 0 0 47 0 212 0 0 0 0 0 0 47 0
988 2164 67 331 113 2249 2360 158 2354 12 2129 953 2279 0 138 1874 449 69 5 340 5 1506 2247 2292 0 2460 0 2190 2280 2460 1696 906 175 1068 2038 445 2158 2460 2460 0 2460 2460 0 41 2358 2277 0 2414 253 33 95 2460 2460 2460 2460 1264 2460 2374 2379
988 2164 67 331 113 2249 2360 158 2354 12 2129 953 2279 0 138 1874 449 69 5 340 5 1506 2247 2292 0 2460 0 2190 2280 2460 1696 906 175 1068 2038 445 2158 2460 2460 0 2460 2460 0 41 2358 2277 0 2414 253 33 95 2460 2460 2460 2460 1264 2460 2374 2379
165 0 0 0 0 140 59 0 0 0 0 142 0 0 2152 0 49 1187 0 62 0 499 0 0 0 0 1128 0 0 0 0 42 2285 0 0 1858 0 0 0 0 0 0 2460 0 102 0 2460 0 2086 2427 0 0 0 0 0 1196 0 0 0
113 50 108 30 1 50 44 35 42 727 180 121 82 10 23 107 66 35 423 887 16 78 43 56 1452 41 924 57 44 41 162 12 0 283 42 0 68 41 41 32 41 41 0 2460 41 41 0 43 0 0 41 41 41 41 41 0 41 48 42
988 2164 67 331 113 2319 2258 56 2319 12 2027 953 2279 0 138 1874 449 69 5 340 5 1506 2161 2292 0 2358 102 2190 2269 2358 1696 906 73 1068 2033 445 2158 2358 2358 0 2358 2358 102 41 2460 2277 102 2319 273 135 95 2358 2358 2358 2358 1366 2358 2319 2319
988 2164 67 331 113 2249 2177 0 2277 12 1946 953 2277 0 138 1874 449 69 5 340 5 1486 2119 2277 0 2277 0 2190 2234 2277 1696 906 0 1068 1991 438 2151 2277 2277 0 2277 2277 0 41 2277 2460 0 2277 253 0 95 2277 2277 2277 2277 1264 2277 2277 2277
165 0 0 0 0 140 59 0 0 0 0 142 0 0 2152 0 49 1187 0 62 0 499 0 0 0 0 1128 0 0 0 0 42 2285 0 0 1858 0 0 0 0 0 0 2460 0 102 0 2460 0 2086 2427 0 0 0 0 0 1196 0 0 0
988 2167 67 331 113 2249 2314 119 2397 18 2083 953 2279 0 138 1874 449 73 8 383 5 1506 2290 2292 3 2414 0 2190 2280 2414 1739 906 129 1071 2081 445 2158 2414 2414 0 2414 2414 0 43 2319 2277 0 2460 253 0 95 2414 2414 2414 2414 1264 2414 2374 2422
165 256 0 142 113 368 238 0 295 0 253 395 253 47 2231 253 60 944 5 350 49 293 95 253 0 253 1007 238 203 253 310 295 2032 0 310 2111 300 253 253 47 253 253 2086 0 273 253 2086 253 2460 2086 4 253 253 253 253 1328 253 327 270
165 0 0 0 0 140 92 29 0 0 33 142 0 0 2152 0 49 1187 0 62 0 499 0 0 0 33 1095 0 0 33 0 42 2318 0 0 1858 0 33 33 0 33 33 2427 0 135 0 2427 0 2086 2460 0 33 33 33 33 1163 33 0 0
211 96 359 451 320 95 95 212 95 88 95 400 95 17 0 102 290 72 58 41 274 41 93 95 31 95 4 100 95 95 78 117 0 93 95 28 95 95 95 212 95 95 0 41 95 95 0 95 4 0 2460 95 95 95 95 54 95 95 95
988 2164 67 331 113 2249 2360 158 2354 12 2129 953 2279 0 138 1874 449 69 5 340 5 1506 2247 2292 0 2460 0 2190 2280 2460 1696 906 175 1068 2038 445 2158 2460 2460 0 2460 2460 0 41 2358 2277 0 2414 253 33 95 2460 2460 2460 2460 1264 2460 2374 2379
988 2164 67 331 113 2249 2360 158 2354 12 2129 953 2279 0 138 1874 449 69 5 340 5 1506 2247 2292 0 2460 0 2190 2280 2460 1696 906 175 1068 2038 445 2158 2460 2460 0 2460 2460 0 41 2358 2277 0 2414 253 33 95 2460 2460 2460 2460 1264 2460 2374 2379
988 2164 67 331 113 2249 2360 158 2354 12 2129 953 2279 0 138 1874 449 69 5 340 5 1506 2247 2292 0 2460 0 2190 2280 2460 1696 906 175 1068 2038 445 2158 2460 2460 0 2460 2460 0 41 2358 2277 0 2414 253 33 95 2460 2460 2460 2460 1264 2460 2374 2379
988 2164 67 331 113 2249 2360 158 2354 12 2129 953 2279 0 138 1874 449 69 5 340 5 1506 2247 2292 0 2460 0 2190 2280 2460 1696 906 175 1068 2038 445 2158 2460 2460 0 2460 2460 0 41 2358 2277 0 2414 253 33 95 2460 2460 2460 2460 1264 2460 2374 2379
728 1264 0 256 113 1404 1164 0 1264 0 933 915 1264 0 1164 988 373 45 5 340 5 473 1106 1264 0 1264 1128 1219 1214 1264 965 906 1021 189 978 1384 1138 1264 1264 0 1264 1264 1196 0 1366 1264 1196 1264 1328 1163 54 1264 1264 1264 1264 2460 1264 1264 1264
988 2164 67 331 113 2249 2360 158 2354 12 2129 953 2279 0 138 1874 449 69 5 340 5 1506 2247 2292 0 2460 0 2190 2280 2460 1696 906 175 1068 2038 445 2158 2460 2460 0 2460 2460 0 41 2358 2277 0 2414 253 33 95 2460 2460 2460 2460 1264 2460 2374 2379
988 2172 67 331 113 2270 2274 76 2374 12 2043 953 2279 47 182 1874 449 74 5 360 39 1553 2216 2292 7 2374 0 2202 2280 2374 1716 906 89 1075 2058 445 2205 2374 2374 47 2374 2374 0 48 2319 2277 0 2374 327 0 95 2374 2374 2374 2374 1264 2374 2460 2389
988 2164 67 331 113 2249 2279 81 2435 21 2048 953 2279 0 138 1874 449 76 5 421 5 1506 2276 2292 0 2379 0 2190 2280 2379 1777 906 94 1068 2119 445 2158 2379 2379 0 2379 2379 0 42 2319 2277 0 2422 270 0 95 2379 2379 2379 2379 1264 2379 2389 2460
