975 811 0 501 42 390 801 637 0 811 792 811 811 811 811 455 0 811 0 5 0 0 97 551 0 83 0 0 0 0 0 63 811 11 0 0 0 811 482 0 475 13 811 0 616 811 63 583 811 0 0 811 0 468 811 64 0 138 59
811 975 0 507 42 554 965 801 0 975 956 975 975 975 975 605 0 975 0 8 0 0 0 603 0 83 0 0 0 0 0 63 975 11 0 0 0 975 646 0 639 13 975 0 780 975 63 747 975 0 0 975 0 632 975 58 0 139 51
0 0 975 461 915 0 10 7 30 0 2 0 0 0 0 4 975 0 975 637 975 975 0 367 0 852 975 902 121 975 918 806 0 964 975 975 975 0 0 975 292 1 0 935 0 0 912 211 0 975 975 0 975 343 0 192 0 633 710
501 507 461 975 503 86 497 333 2 507 509 507 507 507 507 166 461 507 461 173 461 461 0 874 0 544 461 461 121 461 404 524 507 472 461 461 461 507 178 461 171 13 507 461 312 507 398 279 507 461 461 507 461 164 507 9 2 119 196
42 42 915 503 975 0 32 49 30 42 44 42 42 42 42 4 915 42 915 577 915 915 0 409 0 894 915 901 121 915 858 848 42 926 915 915 915 42 0 915 334 13 42 875 0 42 852 151 42 915 915 42 915 283 42 132 0 573 650
390 554 0 86 0 975 554 539 273 554 535 554 554 554 554 501 0 554 0 8 0 0 393 182 0 0 0 0 0 0 0 0 554 0 0 0 0 554 554 0 536 0 554 0 554 554 63 556 554 0 0 554 0 554 554 49 0 139 51
801 965 10 497 32 554 975 791 0 965 946 965 965 965 965 605 10 965 10 18 10 10 0 593 0 73 10 1 0 10 10 53 965 1 10 10 10 965 646 10 629 3 965 10 780 965 73 757 965 10 10 965 10 642 965 68 0 149 61
637 801 7 333 49 539 791 975 99 801 782 801 801 801 801 536 7 801 7 15 7 7 0 429 0 90 7 7 0 7 7 70 801 18 7 7 7 801 542 7 604 13 801 7 606 801 70 587 801 7 7 801 7 546 801 60 29 146 58
0 0 30 2 30 273 0 99 975 0 4 0 0 0 0 58 30 0 30 33 30 30 251 0 0 30 30 30 1 30 40 30 0 30 30 30 30 0 0 30 30 0 0 30 0 0 30 0 0 30 30 0 30 25 0 0 603 30 68
811 975 0 507 42 554 965 801 0 975 956 975 975 975 975 605 0 975 0 8 0 0 0 603 0 83 0 0 0 0 0 63 975 11 0 0 0 975 646 0 639 13 975 0 780 975 63 747 975 0 0 975 0 632 975 58 0 139 51
792 956 2 509 44 535 946 782 4 956 975 956 956 956 956 586 2 956 2 10 2 2 1 605 0 85 2 2 2 2 2 65 956 13 2 2 2 956 627 2 620 13 956 2 761 956 57 728 956 2 2 956 2 613 956 53 4 120 44
811 975 0 507 42 554 965 801 0 975 956 975 975 975 975 605 0 975 0 8 0 0 0 603 0 83 0 0 0 0 0 63 975 11 0 0 0 975 646 0 639 13 975 0 780 975 63 747 975 0 0 975 0 632 975 58 0 139 51
811 975 0 507 42 554 965 801 0 975 956 975 975 975 975 605 0 975 0 8 0 0 0 603 0 83 0 0 0 0 0 63 975 11 0 0 0 975 646 0 639 13 975 0 780 975 63 747 975 0 0 975 0 632 975 58 0 139 51
811 975 0 507 42 554 965 801 0 975 956 975 975 975 975 605 0 975 0 8 0 0 0 603 0 83 0 0 0 0 0 63 975 11 0 0 0 975 646 0 639 13 975 0 780 975 63 747 975 0 0 975 0 632 975 58 0 139 51
811 975 0 507 42 554 965 801 0 975 956 975 975 975 975 605 0 975 0 8 0 0 0 603 0 83 0 0 0 0 0 63 975 11 0 0 0 975 646 0 639 13 975 0 780 975 63 747 975 0 0 975 0 632 975 58 0 139 51
455 605 4 166 4 501 605 536 58 605 586 605 605 605 605 975 4 605 4 13 4 4 68 233 0 22 4 4 4 4 4 4 605 4 4 4 4 605 520 4 453 8 605 4 531 605 67 527 605 4 4 605 4 479 605 71 0 143 55
0 0 975 461 915 0 10 7 30 0 2 0 0 0 0 4 975 0 975 637 975 975 0 367 0 852 975 902 121 975 918 806 0 964 975 975 975 0 0 975 292 1 0 935 0 0 912 211 0 975 975 0 975 343 0 192 0 633 710
811 975 0 507 42 554 965 801 0 975 956 975 975 975 975 605 0 975 0 8 0 0 0 603 0 83 0 0 0 0 0 63 975 11 0 0 0 975 646 0 639 13 975 0 780 975 63 747 975 0 0 975 0 632 975 58 0 139 51
0 0 975 461 915 0 10 7 30 0 2 0 0 0 0 4 975 0 975 637 975 975 0 367 0 852 975 902 121 975 918 806 0 964 975 975 975 0 0 975 292 1 0 935 0 0 912 211 0 975 975 0 975 343 0 192 0 633 710
5 8 637 173 577 8 18 15 33 8 10 8 8 8 8 13 637 8 637 975 637 637 0 178 11 514 637 564 192 637 638 468 8 626 637 637 637 8 8 637 300 19 8 597 8 8 574 219 8 637 637 8 637 351 8 192 3 467 474
0 0 975 461 915 0 10 7 30 0 2 0 0 0 0 4 975 0 975 637 975 975 0 367 0 852 975 902 121 975 918 806 0 964 975 975 975 0 0 975 292 1 0 935 0 0 912 211 0 975 975 0 975 343 0 192 0 633 710
0 0 975 461 915 0 10 7 30 0 2 0 0 0 0 4 975 0 975 637 975 975 0 367 0 852 975 902 121 975 918 806 0 964 975 975 975 0 0 975 292 1 0 935 0 0 912 211 0 975 975 0 975 343 0 192 0 633 710
97 0 0 0 0 393 0 0 251 0 1 0 0 0 0 68 0 0 0 0 0 0 975 0 0 0 0 0 0 0 0 0 0 0 0 0 0 0 0 0 0 0 0 0 0 0 0 0 0 0 0 0 0 0 0 34 0 4 9
551 603 367 874 409 182 593 429 0 603 605 603 603 603 603 233 367 603 367 178 367 367 0 975 0 450 367 367 121 367 310 430 603 378 367 367 367 603 274 367 267 13 603 367 408 603 304 375 603 367 367 603 367 260 603 9 0 25 102
0 0 0 0 0 0 0 0 0 0 0 0 0 0 0 0 0 0 0 11 0 0 0 0 975 0 0 0 0 0 0 0 0 0 0 0 0 0 0 0 0 0 0 0 0 0 0 0 0 0 0 0 0 0 0 0 0 0 0
83 83 852 544 894 0 73 90 30 83 85 83 83 83 83 22 852 83 852 514 852 852 0 450 0 975 852 852 127 852 795 866 83 863 852 852 852 83 0 852 313 19 83 812 0 83 789 88 83 852 852 83 852 220 83 69 0 510 587
0 0 975 461 915 0 10 7 30 0 2 0 0 0 0 4 975 0 975 637 975 975 0 367 0 852 975 902 121 975 918 806 0 964 975 975 975 0 0 975 292 1 0 935 0 0 912 211 0 975 975 0 975 343 0 192 0 633 710
0 0 902 461 901 0 1 7 30 0 2 0 0 0 0 4 902 0 902 564 902 902 0 367 0 852 902 975 124 902 845 803 0 901 902 902 902 0 0 902 282 0 0 862 0 0 839 138 0 902 902 0 902 270 0 119 1 560 637
0 0 121 121 121 0 0 0 1 0 2 0 0 0 0 4 121 0 121 192 121 121 0 121 0 127 121 124 975 121 140 124 0 121 121 121 121 0 0 121 0 478 0 121 0 0 58 0 0 121 121 0 121 0 0 16 1 0 7
0 0 975 461 915 0 10 7 30 0 2 0 0 0 0 4 975 0 975 637 975 975 0 367 0 852 975 902 121 975 918 806 0 964 975 975 975 0 0 975 292 1 0 935 0 0 912 211 0 975 975 0 975 343 0 192 0 633 710
0 0 918 404 858 0 10 7 40 0 2 0 0 0 0 4 918 0 918 638 918 918 0 310 0 795 918 845 140 918 975 749 0 907 918 918 918 0 0 918 292 2 0 878 0 0 855 211 0 918 918 0 918 343 0 192 10 623 664
63 63 806 524 848 0 53 70 30 63 65 63 63 63 63 4 806 63 806 468 806 806 0 430 0 866 806 803 124 806 749 975 63 817 806 806 806 63 0 806 301 16 63 807 0 63 743 42 63 806 806 63 806 174 63 23 0 464 541
811 975 0 507 42 554 965 801 0 975 956 975 975 975 975 605 0 975 0 8 0 0 0 603 0 83 0 0 0 0 0 63 975 11 0 0 0 975 646 0 639 13 975 0 780 975 63 747 975 0 0 975 0 632 975 58 0 139 51
11 11 964 472 926 0 1 18 30 11 13 11 11 11 11 4 964 11 964 626 964 964 0 378 0 863 964 901 121 964 907 817 11 975 964 964 964 11 0 964 303 12 11 924 0 11 901 200 11 964 964 11 964 332 11 181 0 622 699
0 0 975 461 915 0 10 7 30 0 2 0 0 0 0 4 975 0 975 637 975 975 0 367 0 852 975 902 121 975 918 806 0 964 975 975 975 0 0 975 292 1 0 935 0 0 912 211 0 975 975 0 975 343 0 192 0 633 710
0 0 975 461 915 0 10 7 30 0 2 0 0 0 0 4 975 0 975 637 975 975 0 367 0 852 975 902 121 975 918 806 0 964 975 975 975 0 0 975 292 1 0 935 0 0 912 211 0 975 975 0 975 343 0 192 0 633 710
0 0 975 461 915 0 10 7 30 0 2 0 0 0 0 4 975 0 975 637 975 975 0 367 0 852 975 902 121 975 918 806 0 964 975 975 975 0 0 975 292 1 0 935 0 0 912 211 0 975 975 0 975 343 0 192 0 633 710
811 975 0 507 42 554 965 801 0 975 956 975 975 975 975 605 0 975 0 8 0 0 0 603 0 83 0 0 0 0 0 63 975 11 0 0 0 975 646 0 639 13 975 0 780 975 63 747 975 0 0 975 0 632 975 58 0 139 51
482 646 0 178 0 554 646 542 0 646 627 646 646 646 646 520 0 646 0 8 0 0 0 274 0 0 0 0 0 0 0 0 646 0 0 0 0 646 975 0 575 0 646 0 673 646 63 629 646 0 0 646 0 632 646 49 0 139 51
0 0 975 461 915 0 10 7 30 0 2 0 0 0 0 4 975 0 975 637 975 975 0 367 0 852 975 902 121 975 918 806 0 964 975 975 975 0 0 975 292 1 0 935 0 0 912 211 0 975 975 0 975 343 0 192 0 633 710
475 639 292 171 334 536 629 604 30 639 620 639 639 639 639 453 292 639 292 300 292 292 0 267 0 313 292 282 0 292 292 301 639 303 292 292 292 639 575 292 975 13 639 252 575 639 355 679 639 292 292 639 292 828 639 151 0 431 343
13 13 1 13 13 0 3 13 0 13 13 13 13 13 13 8 1 13 1 19 1 1 0 13 0 19 1 0 478 1 2 16 13 12 1 1 1 13 0 1 13 975 13 1 0 13 1 1 13 1 1 13 1 1 13 17 26 1 4
811 975 0 507 42 554 965 801 0 975 956 975 975 975 975 605 0 975 0 8 0 0 0 603 0 83 0 0 0 0 0 63 975 11 0 0 0 975 646 0 639 13 975 0 780 975 63 747 975 0 0 975 0 632 975 58 0 139 51
0 0 935 461 875 0 10 7 30 0 2 0 0 0 0 4 935 0 935 597 935 935 0 367 0 812 935 862 121 935 878 807 0 924 935 935 935 0 0 935 252 1 0 975 0 0 872 171 0 935 935 0 935 303 0 152 0 593 670
616 780 0 312 0 554 780 606 0 780 761 780 780 780 780 531 0 780 0 8 0 0 0 408 0 0 0 0 0 0 0 0 780 0 0 0 0 780 673 0 575 0 780 0 975 780 63 747 780 0 0 780 0 632 780 58 0 139 51
811 975 0 507 42 554 965 801 0 975 956 975 975 975 975 605 0 975 0 8 0 0 0 603 0 83 0 0 0 0 0 63 975 11 0 0 0 975 646 0 639 13 975 0 780 975 63 747 975 0 0 975 0 632 975 58 0 139 51
63 63 912 398 852 63 73 70 30 63 57 63 63 63 63 67 912 63 912 574 912 912 0 304 0 789 912 839 58 912 855 743 63 901 912 912 912 63 63 912 355 1 63 872 63 63 975 274 63 912 912 63 912 406 63 203 0 696 725
583 747 211 279 151 556 757 587 0 747 728 747 747 747 747 527 211 747 211 219 211 211 0 375 0 88 211 138 0 211 211 42 747 200 211 211 211 747 629 211 679 1 747 171 747 747 274 975 747 211 211 747 211 826 747 248 0 350 262
811 975 0 507 42 554 965 801 0 975 956 975 975 975 975 605 0 975 0 8 0 0 0 603 0 83 0 0 0 0 0 63 975 11 0 0 0 975 646 0 639 13 975 0 780 975 63 747 975 0 0 975 0 632 975 58 0 139 51
0 0 975 461 915 0 10 7 30 0 2 0 0 0 0 4 975 0 975 637 975 975 0 367 0 852 975 902 121 975 918 806 0 964 975 975 975 0 0 975 292 1 0 935 0 0 912 211 0 975 975 0 975 343 0 192 0 633 710
0 0 975 461 915 0 10 7 30 0 2 0 0 0 0 4 975 0 975 637 975 975 0 367 0 852 975 902 121 975 918 806 0 964 975 975 975 0 0 975 292 1 0 935 0 0 912 211 0 975 975 0 975 343 0 192 0 633 710
811 975 0 507 42 554 965 801 0 975 956 975 975 975 975 605 0 975 0 8 0 0 0 603 0 83 0 0 0 0 0 63 975 11 0 0 0 975 646 0 639 13 975 0 780 975 63 747 975 0 0 975 0 632 975 58 0 139 51
0 0 975 461 915 0 10 7 30 0 2 0 0 0 0 4 975 0 975 637 975 975 0 367 0 852 975 902 121 975 918 806 0 964 975 975 975 0 0 975 292 1 0 935 0 0 912 211 0 975 975 0 975 343 0 192 0 633 710
468 632 343 164 283 554 642 546 25 632 613 632 632 632 632 479 343 632 343 351 343 343 0 260 0 220 343 270 0 343 343 174 632 332 343 343 343 632 632 343 828 1 632 303 632 632 406 826 632 343 343 632 343 975 632 241 0 482 394
811 975 0 507 42 554 965 801 0 975 956 975 975 975 975 605 0 975 0 8 0 0 0 603 0 83 0 0 0 0 0 63 975 11 0 0 0 975 646 0 639 13 975 0 780 975 63 747 975 0 0 975 0 632 975 58 0 139 51
64 58 192 9 132 49 68 60 0 58 53 58 58 58 58 71 192 58 192 192 192 192 34 9 0 69 192 119 16 192 192 23 58 181 192 192 192 58 49 192 151 17 58 152 58 58 203 248 58 192 192 58 192 241 58 975 0 422 208
0 0 0 2 0 0 0 29 603 0 4 0 0 0 0 0 0 0 0 3 0 0 0 0 0 0 0 1 1 0 10 0 0 0 0 0 0 0 0 0 0 26 0 0 0 0 0 0 0 0 0 0 0 0 0 0 975 0 38
138 139 633 119 573 139 149 146 30 139 120 139 139 139 139 143 633 139 633 467 633 633 4 25 0 510 633 560 0 633 623 464 139 622 633 633 633 139 139 633 431 1 139 593 139 139 696 350 139 633 633 139 633 482 139 422 0 975 674
59 51 710 196 650 51 61 58 68 51 44 51 51 51 51 55 710 51 710 474 710 710 9 102 0 587 710 637 7 710 664 541 51 699 710 710 710 51 51 710 343 4 51 670 51 51 725 262 51 710 710 51 710 394 51 208 38 674 975
