1693 0 470 579 816 197 628 360 276 243 816 816 0 0 838 298 816 11 816 817 715 816 816 816 816 655 237 816 816 737 816 855 0 2 400 0 816 169 0 816 0 816 816 0 816 816 816 816 0 0 816 180 680 19 103 0 816 0 0
0 1693 361 0 0 764 268 0 0 0 0 0 1693 1693 0 0 0 0 0 0 75 0 0 0 0 0 460 0 26 408 0 0 1693 0 12 1693 0 542 1693 0 1693 0 0 1693 80 0 0 0 1693 1693 0 0 0 1371 0 1693 0 1693 1693
470 361 1693 918 1126 617 1198 43 443 58 1126 1126 361 361 1029 151 1126 19 1126 1053 1201 1126 1126 1126 1126 965 32 1126 1100 718 1126 878 361 76 493 361 1126 296 361 1126 361 1126 1126 361 1046 1126 1126 1126 361 361 1126 0 1126 683 101 361 1126 361 361
579 0 918 1693 1093 596 869 22 513 35 1093 1093 0 0 859 86 1093 3 1093 1020 1093 1093 1093 1093 1093 932 517 1093 1067 685 1093 845 0 9 512 0 1093 479 0 1093 0 1093 1093 0 1013 1093 1093 1093 0 0 1093 6 1093 322 137 0 1093 0 0
816 0 1126 1093 1693 886 1148 36 826 56 1693 1693 0 0 1435 153 1693 0 1693 1620 1592 1693 1693 1693 1693 1532 0 1693 1667 1285 1693 1445 0 8 1029 0 1693 147 0 1693 0 1693 1693 0 1613 1693 1693 1693 0 0 1693 0 1557 322 77 0 1693 0 0
197 764 617 596 886 1693 533 8 582 41 886 886 764 764 628 47 886 4 886 813 885 886 886 886 886 886 101 886 860 619 886 638 764 12 797 764 886 5 764 886 764 886 886 764 806 886 886 886 764 764 886 3 761 1076 7 764 886 764 764
628 268 1198 869 1148 533 1693 90 381 66 1148 1148 268 268 1158 134 1148 45 1148 1075 1153 1148 1148 1148 1148 987 76 1148 1174 740 1148 900 268 8 492 268 1148 394 268 1148 268 1148 1148 268 1068 1148 1148 1148 268 268 1148 60 1082 590 96 268 1148 268 268
360 0 43 22 36 8 90 1693 88 564 36 36 0 0 49 236 36 8 36 38 36 36 36 36 36 36 5 36 36 32 36 144 0 479 40 0 36 289 0 36 0 36 36 0 32 36 36 36 0 0 36 43 88 4 31 0 36 0 0
276 0 443 513 826 582 381 88 1693 19 826 826 0 0 568 573 826 0 826 806 796 826 826 826 826 827 105 826 800 806 826 816 0 0 606 0 826 190 0 826 0 826 826 0 806 826 826 826 0 0 826 18 709 20 77 0 826 0 0
243 0 58 35 56 41 66 564 19 1693 56 56 0 0 50 305 56 25 56 56 11 56 56 56 56 86 242 56 56 56 56 114 0 485 64 0 56 290 0 56 0 56 56 0 56 56 56 56 0 0 56 17 84 0 52 0 56 0 0
816 0 1126 1093 1693 886 1148 36 826 56 1693 1693 0 0 1435 153 1693 0 1693 1620 1592 1693 1693 1693 1693 1532 0 1693 1667 1285 1693 1445 0 8 1029 0 1693 147 0 1693 0 1693 1693 0 1613 1693 1693 1693 0 0 1693 0 1557 322 77 0 1693 0 0
816 0 1126 1093 1693 886 1148 36 826 56 1693 1693 0 0 1435 153 1693 0 1693 1620 1592 1693 1693 1693 1693 1532 0 1693 1667 1285 1693 1445 0 8 1029 0 1693 147 0 1693 0 1693 1693 0 1613 1693 1693 1693 0 0 1693 0 1557 322 77 0 1693 0 0
0 1693 361 0 0 764 268 0 0 0 0 0 1693 1693 0 0 0 0 0 0 75 0 0 0 0 0 460 0 26 408 0 0 1693 0 12 1693 0 542 1693 0 1693 0 0 1693 80 0 0 0 1693 1693 0 0 0 1371 0 1693 0 1693 1693
0 1693 361 0 0 764 268 0 0 0 0 0 1693 1693 0 0 0 0 0 0 75 0 0 0 0 0 460 0 26 408 0 0 1693 0 12 1693 0 542 1693 0 1693 0 0 1693 80 0 0 0 1693 1693 0 0 0 1371 0 1693 0 1693 1693
838 0 1029 859 1435 628 1158 49 568 50 1435 1435 0 0 1693 167 1435 5 1435 1362 1334 1435 1435 1435 1435 1274 229 1435 1435 1027 1435 1187 0 8 771 0 1435 147 0 1435 0 1435 1435 0 1355 1435 1435 1435 0 0 1435 5 1299 322 254 0 1435 0 0
298 0 151 86 153 47 134 236 573 305 153 153 0 0 167 1693 153 19 153 139 153 153 153 153 153 154 36 153 153 136 153 181 0 376 53 0 153 53 0 153 0 153 153 0 136 153 153 153 0 0 153 15 127 17 107 0 153 0 0
816 0 1126 1093 1693 886 1148 36 826 56 1693 1693 0 0 1435 153 1693 0 1693 1620 1592 1693 1693 1693 1693 1532 0 1693 1667 1285 1693 1445 0 8 1029 0 1693 147 0 1693 0 1693 1693 0 1613 1693 1693 1693 0 0 1693 0 1557 322 77 0 1693 0 0
11 0 19 3 0 4 45 8 0 25 0 0 0 0 5 19 0 1693 0 1 2 0 0 0 0 13 0 0 0 0 0 4 0 2 553 0 0 8 0 0 0 0 0 0 0 0 0 0 0 0 0 0 10 0 3 0 0 0 0
816 0 1126 1093 1693 886 1148 36 826 56 1693 1693 0 0 1435 153 1693 0 1693 1620 1592 1693 1693 1693 1693 1532 0 1693 1667 1285 1693 1445 0 8 1029 0 1693 147 0 1693 0 1693 1693 0 1613 1693 1693 1693 0 0 1693 0 1557 322 77 0 1693 0 0
817 0 1053 1020 1620 813 1075 38 806 56 1620 1620 0 0 1362 139 1620 1 1620 1693 1519 1620 1620 1620 1620 1459 0 1620 1594 1285 1620 1447 0 8 979 0 1620 147 0 1620 0 1620 1620 0 1613 1620 1620 1620 0 0 1620 1 1484 249 77 0 1620 0 0
715 75 1201 1093 1592 885 1153 36 796 11 1592 1592 75 75 1334 153 1592 2 1592 1519 1693 1592 1592 1592 1592 1431 0 1592 1566 1184 1592 1344 75 8 928 75 1592 147 75 1592 75 1592 1592 75 1512 1592 1592 1592 75 75 1592 5 1505 397 77 75 1592 75 75
816 0 1126 1093 1693 886 1148 36 826 56 1693 1693 0 0 1435 153 1693 0 1693 1620 1592 1693 1693 1693 1693 1532 0 1693 1667 1285 1693 1445 0 8 1029 0 1693 147 0 1693 0 1693 1693 0 1613 1693 1693 1693 0 0 1693 0 1557 322 77 0 1693 0 0
816 0 1126 1093 1693 886 1148 36 826 56 1693 1693 0 0 1435 153 1693 0 1693 1620 1592 1693 1693 1693 1693 1532 0 1693 1667 1285 1693 1445 0 8 1029 0 1693 147 0 1693 0 1693 1693 0 1613 1693 1693 1693 0 0 1693 0 1557 322 77 0 1693 0 0
816 0 1126 1093 1693 886 1148 36 826 56 1693 1693 0 0 1435 153 1693 0 1693 1620 1592 1693 1693 1693 1693 1532 0 1693 1667 1285 1693 1445 0 8 1029 0 1693 147 0 1693 0 1693 1693 0 1613 1693 1693 1693 0 0 1693 0 1557 322 77 0 1693 0 0
816 0 1126 1093 1693 886 1148 36 826 56 1693 1693 0 0 1435 153 1693 0 1693 1620 1592 1693 1693 1693 1693 1532 0 1693 1667 1285 1693 1445 0 8 1029 0 1693 147 0 1693 0 1693 1693 0 1613 1693 1693 1693 0 0 1693 0 1557 322 77 0 1693 0 0
655 0 965 932 1532 886 987 36 827 86 1532 1532 0 0 1274 154 1532 13 1532 1459 1431 1532 1532 1532 1532 1693 9 1532 1506 1124 1532 1284 0 8 1042 0 1532 147 0 1532 0 1532 1532 0 1452 1532 1532 1532 0 0 1532 24 1396 322 82 0 1532 0 0
237 460 32 517 0 101 76 5 105 242 0 0 460 460 229 36 0 0 0 0 0 0 0 0 0 9 1693 0 0 408 0 0 460 0 12 460 0 688 460 0 460 0 0 460 80 0 0 0 460 460 0 0 0 138 258 460 0 460 460
816 0 1126 1093 1693 886 1148 36 826 56 1693 1693 0 0 1435 153 1693 0 1693 1620 1592 1693 1693 1693 1693 1532 0 1693 1667 1285 1693 1445 0 8 1029 0 1693 147 0 1693 0 1693 1693 0 1613 1693 1693 1693 0 0 1693 0 1557 322 77 0 1693 0 0
816 26 1100 1067 1667 860 1174 36 800 56 1667 1667 26 26 1435 153 1667 0 1667 1594 1566 1667 1667 1667 1667 1506 0 1667 1693 1259 1667 1419 26 8 1003 26 1667 173 26 1667 26 1667 1667 26 1587 1667 1667 1667 26 26 1667 0 1531 348 77 26 1667 26 26
737 408 718 685 1285 619 740 32 806 56 1285 1285 408 408 1027 136 1285 0 1285 1285 1184 1285 1285 1285 1285 1124 408 1285 1259 1693 1285 1285 408 0 818 408 1285 439 408 1285 408 1285 1285 408 1365 1285 1285 1285 408 408 1285 0 1149 86 77 408 1285 408 408
816 0 1126 1093 1693 886 1148 36 826 56 1693 1693 0 0 1435 153 1693 0 1693 1620 1592 1693 1693 1693 1693 1532 0 1693 1667 1285 1693 1445 0 8 1029 0 1693 147 0 1693 0 1693 1693 0 1613 1693 1693 1693 0 0 1693 0 1557 322 77 0 1693 0 0
855 0 878 845 1445 638 900 144 816 114 1445 1445 0 0 1187 181 1445 4 1445 1447 1344 1445 1445 1445 1445 1284 0 1445 1419 1285 1445 1693 0 65 813 0 1445 147 0 1445 0 1445 1445 0 1437 1445 1445 1445 0 0 1445 8 1309 74 80 0 1445 0 0
0 1693 361 0 0 764 268 0 0 0 0 0 1693 1693 0 0 0 0 0 0 75 0 0 0 0 0 460 0 26 408 0 0 1693 0 12 1693 0 542 1693 0 1693 0 0 1693 80 0 0 0 1693 1693 0 0 0 1371 0 1693 0 1693 1693
2 0 76 9 8 12 8 479 0 485 8 8 0 0 8 376 8 2 8 8 8 8 8 8 8 8 0 8 8 0 8 65 0 1693 8 0 8 0 0 8 0 8 8 0 8 8 8 8 0 0 8 7 8 8 22 0 8 0 0
400 12 493 512 1029 797 492 40 606 64 1029 1029 12 12 771 53 1029 553 1029 979 928 1029 1029 1029 1029 1042 12 1029 1003 818 1029 813 12 8 1693 12 1029 54 12 1029 12 1029 1029 12 984 1029 1029 1029 12 12 1029 54 893 223 34 12 1029 12 12
0 1693 361 0 0 764 268 0 0 0 0 0 1693 1693 0 0 0 0 0 0 75 0 0 0 0 0 460 0 26 408 0 0 1693 0 12 1693 0 542 1693 0 1693 0 0 1693 80 0 0 0 1693 1693 0 0 0 1371 0 1693 0 1693 1693
816 0 1126 1093 1693 886 1148 36 826 56 1693 1693 0 0 1435 153 1693 0 1693 1620 1592 1693 1693 1693 1693 1532 0 1693 1667 1285 1693 1445 0 8 1029 0 1693 147 0 1693 0 1693 1693 0 1613 1693 1693 1693 0 0 1693 0 1557 322 77 0 1693 0 0
169 542 296 479 147 5 394 289 190 290 147 147 542 542 147 53 147 8 147 147 147 147 147 147 147 147 688 147 173 439 147 147 542 0 54 542 147 1693 542 147 542 147 147 542 227 147 147 147 542 542 147 80 171 220 143 542 147 542 542
0 1693 361 0 0 764 268 0 0 0 0 0 1693 1693 0 0 0 0 0 0 75 0 0 0 0 0 460 0 26 408 0 0 1693 0 12 1693 0 542 1693 0 1693 0 0 1693 80 0 0 0 1693 1693 0 0 0 1371 0 1693 0 1693 1693
816 0 1126 1093 1693 886 1148 36 826 56 1693 1693 0 0 1435 153 1693 0 1693 1620 1592 1693 1693 1693 1693 1532 0 1693 1667 1285 1693 1445 0 8 1029 0 1693 147 0 1693 0 1693 1693 0 1613 1693 1693 1693 0 0 1693 0 1557 322 77 0 1693 0 0
0 1693 361 0 0 764 268 0 0 0 0 0 1693 1693 0 0 0 0 0 0 75 0 0 0 0 0 460 0 26 408 0 0 1693 0 12 1693 0 542 1693 0 1693 0 0 1693 80 0 0 0 1693 1693 0 0 0 1371 0 1693 0 1693 1693
816 0 1126 1093 1693 886 1148 36 826 56 1693 1693 0 0 1435 153 1693 0 1693 1620 1592 1693 1693 1693 1693 1532 0 1693 1667 1285 1693 1445 0 8 1029 0 1693 147 0 1693 0 1693 1693 0 1613 1693 1693 1693 0 0 1693 0 1557 322 77 0 1693 0 0
816 0 1126 1093 1693 886 1148 36 826 56 1693 1693 0 0 1435 153 1693 0 1693 1620 1592 1693 1693 1693 1693 1532 0 1693 1667 1285 1693 1445 0 8 1029 0 1693 147 0 1693 0 1693 1693 0 1613 1693 1693 1693 0 0 1693 0 1557 322 77 0 1693 0 0
0 1693 361 0 0 764 268 0 0 0 0 0 1693 1693 0 0 0 0 0 0 75 0 0 0 0 0 460 0 26 408 0 0 1693 0 12 1693 0 542 1693 0 1693 0 0 1693 80 0 0 0 1693 1693 0 0 0 1371 0 1693 0 1693 1693
816 80 1046 1013 1613 806 1068 32 806 56 1613 1613 80 80 1355 136 1613 0 1613 1613 1512 1613 1613 1613 1613 1452 80 1613 1587 1365 1613 1437 80 8 984 80 1613 227 80 1613 80 1613 1613 80 1693 1613 1613 1613 80 80 1613 0 1477 242 77 80 1613 80 80
816 0 1126 1093 1693 886 1148 36 826 56 1693 1693 0 0 1435 153 1693 0 1693 1620 1592 1693 1693 1693 1693 1532 0 1693 1667 1285 1693 1445 0 8 1029 0 1693 147 0 1693 0 1693 1693 0 1613 1693 1693 1693 0 0 1693 0 1557 322 77 0 1693 0 0
816 0 1126 1093 1693 886 1148 36 826 56 1693 1693 0 0 1435 153 1693 0 1693 1620 1592 1693 1693 1693 1693 1532 0 1693 1667 1285 1693 1445 0 8 1029 0 1693 147 0 1693 0 1693 1693 0 1613 1693 1693 1693 0 0 1693 0 1557 322 77 0 1693 0 0
816 0 1126 1093 1693 886 1148 36 826 56 1693 1693 0 0 1435 153 1693 0 1693 1620 1592 1693 1693 1693 1693 1532 0 1693 1667 1285 1693 1445 0 8 1029 0 1693 147 0 1693 0 1693 1693 0 1613 1693 1693 1693 0 0 1693 0 1557 322 77 0 1693 0 0
0 1693 361 0 0 764 268 0 0 0 0 0 1693 1693 0 0 0 0 0 0 75 0 0 0 0 0 460 0 26 408 0 0 1693 0 12 1693 0 542 1693 0 1693 0 0 1693 80 0 0 0 1693 1693 0 0 0 1371 0 1693 0 1693 1693
0 1693 361 0 0 764 268 0 0 0 0 0 1693 1693 0 0 0 0 0 0 75 0 0 0 0 0 460 0 26 408 0 0 1693 0 12 1693 0 542 1693 0 1693 0 0 1693 80 0 0 0 1693 1693 0 0 0 1371 0 1693 0 1693 1693
816 0 1126 1093 1693 886 1148 36 826 56 1693 1693 0 0 1435 153 1693 0 1693 1620 1592 1693 1693 1693 1693 1532 0 1693 1667 1285 1693 1445 0 8 1029 0 1693 147 0 1693 0 1693 1693 0 1613 1693 1693 1693 0 0 1693 0 1557 322 77 0 1693 0 0
180 0 0 6 0 3 60 43 18 17 0 0 0 0 5 15 0 0 0 1 5 0 0 0 0 24 0 0 0 0 0 8 0 7 54 0 0 80 0 0 0 0 0 0 0 0 0 0 0 0 0 1693 68 0 62 0 0 0 0
680 0 1126 1093 1557 761 1082 88 709 84 1557 1557 0 0 1299 127 1557 10 1557 1484 1505 1557 1557 1557 1557 1396 0 1557 1531 1149 1557 1309 0 8 893 0 1557 171 0 1557 0 1557 1557 0 1477 1557 1557 1557 0 0 1557 68 1693 322 77 0 1557 0 0
19 1371 683 322 322 1076 590 4 20 0 322 322 1371 1371 322 17 322 0 322 249 397 322 322 322 322 322 138 322 348 86 322 74 1371 8 223 1371 322 220 1371 322 1371 322 322 1371 242 322 322 322 1371 1371 322 0 322 1693 0 1371 322 1371 1371
103 0 101 137 77 7 96 31 77 52 77 77 0 0 254 107 77 3 77 77 77 77 77 77 77 82 258 77 77 77 77 80 0 22 34 0 77 143 0 77 0 77 77 0 77 77 77 77 0 0 77 62 77 0 1693 0 77 0 0
0 1693 361 0 0 764 268 0 0 0 0 0 1693 1693 0 0 0 0 0 0 75 0 0 0 0 0 460 0 26 408 0 0 1693 0 12 1693 0 542 1693 0 1693 0 0 1693 80 0 0 0 1693 1693 0 0 0 1371 0 1693 0 1693 1693
816 0 1126 1093 1693 886 1148 36 826 56 1693 1693 0 0 1435 153 1693 0 1693 1620 1592 1693 1693 1693 1693 1532 0 1693 1667 1285 1693 1445 0 8 1029 0 1693 147 0 1693 0 1693 1693 0 1613 1693 1693 1693 0 0 1693 0 1557 322 77 0 1693 0 0
0 1693 361 0 0 764 268 0 0 0 0 0 1693 1693 0 0 0 0 0 0 75 0 0 0 0 0 460 0 26 408 0 0 1693 0 12 1693 0 542 1693 0 1693 0 0 1693 80 0 0 0 1693 1693 0 0 0 1371 0 1693 0 1693 1693
0 1693 361 0 0 764 268 0 0 0 0 0 1693 1693 0 0 0 0 0 0 75 0 0 0 0 0 460 0 26 408 0 0 1693 0 12 1693 0 542 1693 0 1693 0 0 1693 80 0 0 0 1693 1693 0 0 0 1371 0 1693 0 1693 1693
