2688 269 179 1129 737 221 376 173 80 104 193 1149 1203 814 0 412 1203 154 115 562 538 292 1203 195 1203 0 1203 549 642 1203 1163 180 1203 595 944 1203 470 0 213 317 0 680 838 1127 1142 1069 0 1134 774 0 795 587 1348 660 636 849 0 1036 984
269 2688 470 136 295 51 853 485 59 54 1559 772 904 869 404 459 904 509 69 1165 1268 333 904 1047 904 404 904 1457 500 904 608 537 904 429 940 904 757 404 923 1641 404 417 112 751 96 1049 404 474 1274 404 914 128 619 1247 423 1182 404 163 188
179 470 2688 0 188 165 156 53 0 14 470 470 470 470 0 223 470 0 156 598 482 69 470 6 470 0 470 541 0 470 470 0 470 19 540 470 360 0 471 470 0 24 145 344 0 470 0 346 644 0 470 13 470 470 57 470 0 102 104
1129 136 0 2688 430 321 365 320 10 29 32 1225 1358 702 0 518 1358 38 6 432 510 157 1358 311 1358 0 1358 419 517 1358 1358 6 1358 1039 973 1358 655 0 246 106 0 1133 204 745 1427 1180 0 1419 678 0 857 76 1378 523 932 902 0 761 1008
737 295 188 430 2688 80 120 210 111 154 203 411 411 133 0 185 411 212 340 177 549 1173 411 185 411 0 411 219 479 411 411 160 411 465 411 411 223 0 134 194 0 4 905 528 461 598 0 412 137 0 577 1111 556 84 172 150 0 950 572
221 51 165 321 80 2688 165 86 11 20 50 153 153 153 0 841 153 59 779 153 153 12 153 86 153 0 153 159 153 153 153 50 153 63 153 153 296 0 2 52 0 215 499 153 255 153 0 198 153 0 153 43 153 153 153 153 0 126 153
376 853 156 365 120 165 2688 590 17 286 381 527 525 518 783 810 525 46 204 1310 1150 34 525 1058 525 783 525 1291 988 525 628 75 525 434 831 525 1155 783 454 915 783 909 277 1118 420 695 783 486 1036 783 466 116 551 1032 939 901 783 248 828
173 485 53 320 210 86 590 2688 195 15 311 75 62 594 0 248 62 698 567 372 265 161 62 1220 62 0 62 340 62 62 62 611 62 1324 339 62 649 0 1415 311 0 109 542 33 101 226 0 159 33 0 74 425 62 33 330 33 0 11 62
80 59 0 10 111 11 17 195 2688 1305 620 0 0 0 0 0 0 12 19 166 11 94 0 0 0 0 0 35 9 0 0 0 0 11 28 0 20 0 12 2 0 45 10 8 10 83 0 73 7 0 48 0 6 0 0 0 0 37 54
104 54 14 29 154 20 286 15 1305 2688 55 19 19 7 384 67 19 19 404 176 91 449 19 249 19 384 19 109 25 19 19 7 19 147 43 19 25 384 24 104 384 40 250 4 29 102 384 86 7 384 199 27 25 0 0 0 384 69 440
193 1559 470 32 203 50 381 311 620 55 2688 789 885 913 0 2 898 628 73 783 706 265 885 265 885 0 885 1123 116 885 585 619 885 160 889 885 319 0 707 1268 0 27 14 440 38 967 0 361 865 0 895 55 601 888 80 865 0 76 119
1149 772 470 1225 411 153 527 75 0 19 789 2688 2387 1882 0 372 2271 104 0 1035 1033 227 2192 35 2387 0 2387 1132 506 2387 2181 81 2325 641 1833 2387 640 0 556 1208 0 769 109 1265 1686 1832 0 1653 1516 0 1816 80 2308 1656 696 1941 0 855 1095
1203 904 470 1358 411 153 525 62 0 19 885 2387 2688 2032 0 372 2572 32 0 1037 1033 233 2493 35 2688 0 2688 1322 655 2688 2293 0 2626 771 1830 2688 640 0 474 1421 0 906 109 1286 1798 1993 0 1790 1714 0 2001 8 2359 1853 757 2232 0 790 1137
814 869 470 702 133 153 518 594 0 7 913 1882 2032 2688 0 330 1916 688 0 1037 1023 255 1837 0 2032 0 2032 1265 558 2032 1637 656 1970 115 1236 2032 648 0 1130 1321 0 826 109 1259 1142 1337 0 1134 1714 0 1403 328 1703 1798 754 2032 0 370 518
0 404 0 0 0 0 783 0 0 384 0 0 0 0 2688 474 0 0 0 652 519 0 0 471 0 2688 0 583 537 0 0 0 0 0 0 0 558 2688 0 526 2688 576 0 629 0 0 2688 0 680 2688 0 71 0 601 653 456 2688 190 367
412 459 223 518 185 841 810 248 0 67 2 372 372 330 474 2688 372 73 531 876 928 167 372 626 372 474 372 854 804 372 372 2 372 333 372 372 810 474 5 491 474 864 396 804 474 372 474 380 804 474 388 126 372 804 804 673 474 212 372
1203 904 470 1358 411 153 525 62 0 19 898 2271 2572 1916 0 372 2688 32 26 1040 1033 233 2481 35 2572 0 2572 1322 655 2572 2177 116 2510 771 1930 2572 640 0 474 1305 0 907 109 1342 1682 2109 0 1784 1673 0 1964 8 2243 1737 757 2116 0 892 1137
154 509 0 38 212 59 46 698 12 19 628 104 32 688 0 73 32 2688 19 62 57 157 32 0 32 0 32 227 32 32 46 2016 32 92 74 32 212 0 713 269 0 33 67 39 32 32 0 33 32 0 42 444 55 134 603 32 0 232 40
115 69 156 6 340 779 204 567 19 404 73 0 0 0 0 531 26 19 2688 68 351 559 0 569 0 0 0 157 0 0 0 197 62 738 68 0 276 0 103 103 0 47 696 3 39 100 0 116 62 0 138 205 0 0 71 0 0 124 32
562 1165 598 432 177 153 1310 372 166 176 783 1035 1037 1037 652 876 1040 62 68 2688 1483 18 1037 810 1037 652 1037 1867 932 1037 1000 57 1037 304 1332 1037 1255 652 795 1419 652 1079 191 1478 480 1252 652 828 1708 652 956 156 1018 1645 1128 1493 652 385 527
538 1268 482 510 549 153 1150 265 11 91 706 1033 1033 1023 519 928 1033 57 351 1483 2688 713 1033 939 1033 519 1033 1639 906 1033 952 65 1033 549 1033 1033 1526 519 917 1200 519 946 190 1252 399 1033 519 787 1533 519 1100 149 965 1533 1186 1402 519 226 524
292 333 69 157 1173 12 34 161 94 449 265 227 233 255 0 167 233 157 559 18 713 2688 233 647 233 0 233 243 591 233 138 255 233 508 264 233 255 0 361 163 0 10 275 228 200 255 0 163 142 0 410 476 93 142 80 190 0 295 207
1203 904 470 1358 411 153 525 62 0 19 885 2192 2493 1837 0 372 2481 32 0 1037 1033 233 2688 35 2493 0 2493 1322 730 2493 2098 0 2493 771 1830 2493 640 0 474 1226 0 897 109 1286 1603 1993 0 1790 1685 0 2050 8 2164 1658 757 2037 0 790 1137
195 1047 6 311 185 86 1058 1220 0 249 265 35 35 0 471 626 35 0 569 810 939 647 35 2688 35 471 35 739 690 35 35 0 35 1317 312 35 1128 471 1034 728 471 537 299 471 36 199 471 207 471 471 47 267 35 471 818 340 471 38 35
1203 904 470 1358 411 153 525 62 0 19 885 2387 2688 2032 0 372 2572 32 0 1037 1033 233 2493 35 2688 0 2688 1322 655 2688 2293 0 2626 771 1830 2688 640 0 474 1421 0 906 109 1286 1798 1993 0 1790 1714 0 2001 8 2359 1853 757 2232 0 790 1137
0 404 0 0 0 0 783 0 0 384 0 0 0 0 2688 474 0 0 0 652 519 0 0 471 0 2688 0 583 537 0 0 0 0 0 0 0 558 2688 0 526 2688 576 0 629 0 0 2688 0 680 2688 0 71 0 601 653 456 2688 190 367
1203 904 470 1358 411 153 525 62 0 19 885 2387 2688 2032 0 372 2572 32 0 1037 1033 233 2493 35 2688 0 2688 1322 655 2688 2293 0 2626 771 1830 2688 640 0 474 1421 0 906 109 1286 1798 1993 0 1790 1714 0 2001 8 2359 1853 757 2232 0 790 1137
549 1457 541 419 219 159 1291 340 35 109 1123 1132 1322 1265 583 854 1322 227 157 1867 1639 243 1322 739 1322 583 1322 2688 1069 1322 1034 54 1322 281 1377 1322 1189 583 731 1668 583 1088 174 1366 500 1416 583 864 1853 583 1259 154 1047 1887 1077 1770 583 232 523
642 500 0 517 479 153 988 62 9 25 116 506 655 558 537 804 655 32 0 932 906 591 730 690 655 537 655 1069 2688 655 738 13 655 161 491 655 937 537 1 744 537 1062 158 1210 623 617 537 560 1095 537 531 585 580 1128 1003 1011 537 498 727
1203 904 470 1358 411 153 525 62 0 19 885 2387 2688 2032 0 372 2572 32 0 1037 1033 233 2493 35 2688 0 2688 1322 655 2688 2293 0 2626 771 1830 2688 640 0 474 1421 0 906 109 1286 1798 1993 0 1790 1714 0 2001 8 2359 1853 757 2232 0 790 1137
1163 608 470 1358 411 153 628 62 0 19 585 2181 2293 1637 0 372 2177 46 0 1000 952 138 2098 35 2293 0 2293 1034 738 2293 2688 59 2231 771 1713 2293 640 0 474 1026 0 906 109 1215 1890 1785 0 1790 1369 0 1606 8 2318 1458 775 1837 0 790 1199
180 537 0 6 160 50 75 611 0 7 619 81 0 656 0 2 116 2016 197 57 65 255 0 0 0 0 0 54 13 0 59 2688 62 52 430 0 176 0 713 253 0 22 10 82 127 203 0 1 13 0 10 438 26 102 583 0 0 337 193
1203 904 470 1358 411 153 525 62 0 19 885 2325 2626 1970 0 372 2510 32 62 1037 1033 233 2493 35 2626 0 2626 1322 655 2626 2231 62 2688 771 1849 2626 640 0 474 1359 0 906 109 1286 1736 2048 0 1790 1714 0 2001 8 2297 1791 757 2170 0 790 1137
595 429 19 1039 465 63 434 1324 11 147 160 641 771 115 0 333 771 92 738 304 549 508 771 1317 771 0 771 281 161 771 771 52 771 2688 871 771 692 0 990 244 0 275 627 142 810 856 0 943 91 0 674 264 771 157 465 315 0 457 683
944 940 540 973 411 153 831 339 28 43 889 1833 1830 1236 0 372 1930 74 68 1332 1033 264 1830 312 1830 0 1830 1377 491 1830 1713 430 1849 871 2688 1830 625 0 769 1159 0 530 109 914 1290 2042 0 1405 1219 0 1714 42 1729 1230 400 1374 0 887 1222
1203 904 470 1358 411 153 525 62 0 19 885 2387 2688 2032 0 372 2572 32 0 1037 1033 233 2493 35 2688 0 2688 1322 655 2688 2293 0 2626 771 1830 2688 640 0 474 1421 0 906 109 1286 1798 1993 0 1790 1714 0 2001 8 2359 1853 757 2232 0 790 1137
470 757 360 655 223 296 1155 649 20 25 319 640 640 648 558 810 640 212 276 1255 1526 255 640 1128 640 558 640 1189 937 640 640 176 640 692 625 640 2688 558 731 794 558 1005 352 1200 400 640 558 780 1198 558 533 87 640 1198 1413 1067 558 238 405
0 404 0 0 0 0 783 0 0 384 0 0 0 0 2688 474 0 0 0 652 519 0 0 471 0 2688 0 583 537 0 0 0 0 0 0 0 558 2688 0 526 2688 576 0 629 0 0 2688 0 680 2688 0 71 0 601 653 456 2688 190 367
213 923 471 246 134 2 454 1415 12 24 707 556 474 1130 0 5 474 713 103 795 917 361 474 1034 474 0 474 731 1 474 474 713 474 990 769 474 731 0 2688 674 0 61 4 345 1 644 0 413 474 0 486 428 474 484 367 474 0 36 92
317 1641 470 106 194 52 915 311 2 104 1268 1208 1421 1321 526 491 1305 269 103 1419 1200 163 1226 728 1421 526 1421 1668 744 1421 1026 253 1359 244 1159 1421 794 526 674 2688 526 691 92 1074 531 1069 526 523 1553 526 1247 73 1092 1880 569 1755 526 88 213
0 404 0 0 0 0 783 0 0 384 0 0 0 0 2688 474 0 0 0 652 519 0 0 471 0 2688 0 583 537 0 0 0 0 0 0 0 558 2688 0 526 2688 576 0 629 0 0 2688 0 680 2688 0 71 0 601 653 456 2688 190 367
680 417 24 1133 4 215 909 109 45 40 27 769 906 826 576 864 907 33 47 1079 946 10 897 537 906 576 906 1088 1062 906 906 22 906 275 530 906 1005 576 61 691 576 2688 128 1415 1041 674 576 1028 1402 576 405 90 906 1223 1381 1340 576 374 469
838 112 145 204 905 499 277 542 10 250 14 109 109 109 0 396 109 67 696 191 190 275 109 299 109 0 109 174 158 109 109 10 109 627 109 109 352 0 4 92 0 128 2688 396 277 296 0 191 162 0 185 876 254 109 276 109 0 553 350
1127 751 344 745 528 153 1118 33 8 4 440 1265 1286 1259 629 804 1342 39 3 1478 1252 228 1286 471 1286 629 1286 1366 1210 1286 1215 82 1286 142 914 1286 1200 629 345 1074 629 1415 396 2688 1056 1022 629 1140 1763 629 816 515 1430 1653 1403 1742 629 820 750
1142 96 0 1427 461 255 420 101 10 29 38 1686 1798 1142 0 474 1682 32 39 480 399 200 1603 36 1798 0 1798 500 623 1798 1890 127 1736 810 1290 1798 400 0 1 531 0 1041 277 1056 2688 1238 0 1467 824 0 1111 176 1839 963 767 1342 0 920 1297
1069 1049 470 1180 598 153 695 226 83 102 967 1832 1993 1337 0 372 2109 32 100 1252 1033 255 1993 199 1993 0 1993 1416 617 1993 1785 203 2048 856 2042 1993 640 0 644 1069 0 674 296 1022 1238 2688 0 1551 1366 0 1713 195 1810 1382 536 1537 0 1119 1138
0 404 0 0 0 0 783 0 0 384 0 0 0 0 2688 474 0 0 0 652 519 0 0 471 0 2688 0 583 537 0 0 0 0 0 0 0 558 2688 0 526 2688 576 0 629 0 0 2688 0 680 2688 0 71 0 601 653 456 2688 190 367
1134 474 346 1419 412 198 486 159 73 86 361 1653 1790 1134 0 380 1784 33 116 828 787 163 1790 207 1790 0 1790 864 560 1790 1790 1 1790 943 1405 1790 780 0 413 523 0 1028 191 1140 1467 1551 0 2688 1110 0 1289 9 1790 955 770 1334 0 790 1045
774 1274 644 678 137 153 1036 33 7 7 865 1516 1714 1714 680 804 1673 32 62 1708 1533 142 1685 471 1714 680 1714 1853 1095 1714 1369 13 1714 91 1219 1714 1198 680 474 1553 680 1402 162 1763 824 1366 680 1110 2688 680 1291 124 1385 2087 1383 2170 680 471 531
0 404 0 0 0 0 783 0 0 384 0 0 0 0 2688 474 0 0 0 652 519 0 0 471 0 2688 0 583 537 0 0 0 0 0 0 0 558 2688 0 526 2688 576 0 629 0 0 2688 0 680 2688 0 71 0 601 653 456 2688 190 367
795 914 470 857 577 153 466 74 48 199 895 1816 2001 1403 0 388 1964 42 138 956 1100 410 2050 47 2001 0 2001 1259 531 2001 1606 10 2001 674 1714 2001 533 0 486 1247 0 405 185 816 1111 1713 0 1289 1291 0 2688 12 1672 1403 311 1545 0 637 986
587 128 13 76 1111 43 116 425 0 27 55 80 8 328 71 126 8 444 205 156 149 476 8 267 8 71 8 154 585 8 8 438 8 264 42 8 87 71 428 73 71 90 876 515 176 195 71 9 124 71 12 2688 153 71 238 8 71 720 408
1348 619 470 1378 556 153 551 62 6 25 601 2308 2359 1703 0 372 2243 55 0 1018 965 93 2164 35 2359 0 2359 1047 580 2359 2318 26 2297 771 1729 2359 640 0 474 1092 0 906 254 1430 1839 1810 0 1790 1385 0 1672 153 2688 1524 772 1903 0 935 1266
660 1247 470 523 84 153 1032 33 0 0 888 1656 1853 1798 601 804 1737 134 0 1645 1533 142 1658 471 1853 601 1853 1887 1128 1853 1458 102 1791 157 1230 1853 1198 601 484 1880 601 1223 109 1653 963 1382 601 955 2087 601 1403 71 1524 2688 1124 2309 601 505 536
636 423 57 932 172 153 939 330 0 0 80 696 757 754 653 804 757 603 71 1128 1186 80 757 818 757 653 757 1077 1003 757 775 583 757 465 400 757 1413 653 367 569 653 1381 276 1403 767 536 653 770 1383 653 311 238 772 1124 2688 1213 653 297 456
849 1182 470 902 150 153 901 33 0 0 865 1941 2232 2032 456 673 2116 32 0 1493 1402 190 2037 340 2232 456 2232 1770 1011 2232 1837 0 2170 315 1374 2232 1067 456 474 1755 456 1340 109 1742 1342 1537 456 1334 2170 456 1545 8 1903 2309 1213 2688 456 381 681
0 404 0 0 0 0 783 0 0 384 0 0 0 0 2688 474 0 0 0 652 519 0 0 471 0 2688 0 583 537 0 0 0 0 0 0 0 558 2688 0 526 2688 576 0 629 0 0 2688 0 680 2688 0 71 0 601 653 456 2688 190 367
1036 163 102 761 950 126 248 11 37 69 76 855 790 370 190 212 892 232 124 385 226 295 790 38 790 190 790 232 498 790 790 337 790 457 887 790 238 190 36 88 190 374 553 820 920 1119 190 790 471 190 637 720 935 505 297 381 190 2688 922
984 188 104 1008 572 153 828 62 54 440 119 1095 1137 518 367 372 1137 40 32 527 524 207 1137 35 1137 367 1137 523 727 1137 1199 193 1137 683 1222 1137 405 367 92 213 367 469 350 750 1297 1138 367 1045 531 367 986 408 1266 536 456 681 367 922 2688
