2701 0 6 2655 25 1095 0 820 0 1845 0 0 2029 0 113 2655 2308 34 2206 2025 1778 2559 386 633 2655 2655 21 634 876 2655 2642 2655 0 764 1000 0 2655 2655 0 25 2561 1611 2655 1440 2655 977 2655 2655 128 0 764 0 2655 0 2655 2520 1762 0 2655
0 2701 117 0 1343 467 2701 0 0 60 2701 2701 626 623 0 0 254 516 341 630 0 0 0 271 0 0 0 2067 1825 0 0 0 2701 1594 583 2701 0 0 2701 1496 94 1044 0 0 0 0 0 0 2573 2701 0 2701 0 2701 0 85 0 2701 0
6 117 2701 0 117 4 117 30 0 42 117 117 117 117 86 0 8 9 5 0 21 6 127 4 0 0 0 117 117 0 0 0 117 2 139 117 0 0 117 117 94 117 0 0 0 1075 0 0 117 117 304 117 0 117 0 5 2 117 0
2655 0 0 2701 0 1141 0 795 0 1891 0 0 2075 0 97 2701 2354 27 2252 2071 1766 2605 386 633 2701 2701 21 634 876 2701 2688 2701 0 764 1028 0 2701 2701 0 0 2607 1657 2701 1440 2701 971 2701 2701 128 0 759 0 2701 0 2701 2566 1783 0 2701
25 1343 117 0 2701 492 1343 1358 0 28 1343 1343 626 623 98 0 241 226 341 0 31 22 91 13 0 0 0 1343 1343 0 13 0 1343 236 652 1343 0 0 1343 2548 94 1044 0 0 0 0 0 0 1343 1343 66 1343 0 1343 0 5 5 1343 0
1095 467 4 1141 492 2701 467 211 0 1115 467 467 1591 467 29 1141 794 53 1313 1141 931 1045 168 806 1141 1141 0 467 467 1141 1141 1141 467 155 437 467 1141 1141 467 492 1141 1173 1141 831 1141 761 1141 1141 467 467 18 467 1141 467 1141 1141 972 467 1141
0 2701 117 0 1343 467 2701 0 0 60 2701 2701 626 623 0 0 254 516 341 630 0 0 0 271 0 0 0 2067 1825 0 0 0 2701 1594 583 2701 0 0 2701 1496 94 1044 0 0 0 0 0 0 2573 2701 0 2701 0 2701 0 85 0 2701 0
820 0 30 795 1358 211 0 2701 79 823 0 0 169 0 152 795 795 664 346 795 826 817 196 36 795 795 0 0 0 795 808 795 0 766 460 0 795 795 0 1205 701 0 795 795 795 799 795 795 0 0 905 0 795 0 795 800 800 0 795
0 0 0 0 0 0 0 79 2701 80 0 0 0 0 0 0 0 0 1 0 26 0 17 0 0 0 0 0 0 0 0 0 0 15 0 0 0 0 0 0 0 0 0 0 0 0 0 0 0 0 145 0 0 0 0 0 0 0 0
1845 60 42 1891 28 1115 60 823 80 2701 60 60 1265 0 130 1891 1544 93 1442 1758 1720 1795 267 382 1891 1891 0 91 167 1891 1891 1891 60 824 982 60 1891 1891 60 28 1797 847 1891 1440 1891 977 1891 1891 1 60 465 60 1891 60 1891 1958 1711 60 1891
0 2701 117 0 1343 467 2701 0 0 60 2701 2701 626 623 0 0 254 516 341 630 0 0 0 271 0 0 0 2067 1825 0 0 0 2701 1594 583 2701 0 0 2701 1496 94 1044 0 0 0 0 0 0 2573 2701 0 2701 0 2701 0 85 0 2701 0
0 2701 117 0 1343 467 2701 0 0 60 2701 2701 626 623 0 0 254 516 341 630 0 0 0 271 0 0 0 2067 1825 0 0 0 2701 1594 583 2701 0 0 2701 1496 94 1044 0 0 0 0 0 0 2573 2701 0 2701 0 2701 0 85 0 2701 0
2029 626 117 2075 626 1591 626 169 0 1265 626 626 2701 623 43 2075 1728 27 2268 1445 1140 1979 352 633 2075 2075 21 1260 1502 2075 2062 2075 626 138 698 626 2075 2075 626 626 2169 2283 2075 814 2075 345 2075 2075 754 626 358 626 2075 626 2075 1940 1157 626 2075
0 623 117 0 623 467 623 0 0 0 623 623 623 2701 0 0 0 0 264 0 0 0 9 0 0 0 2057 623 623 0 0 0 623 33 0 623 0 0 623 623 94 623 0 18 0 0 0 0 623 623 0 623 0 623 0 0 0 623 0
113 0 86 97 98 29 0 152 0 130 0 0 43 0 2701 97 109 396 93 65 292 110 659 11 97 97 5 43 43 97 97 97 0 69 212 0 97 97 0 98 72 43 97 54 97 126 97 97 20 0 102 0 97 0 97 94 513 0 97
2655 0 0 2701 0 1141 0 795 0 1891 0 0 2075 0 97 2701 2354 27 2252 2071 1766 2605 386 633 2701 2701 21 634 876 2701 2688 2701 0 764 1028 0 2701 2701 0 0 2607 1657 2701 1440 2701 971 2701 2701 128 0 759 0 2701 0 2701 2566 1783 0 2701
2308 254 8 2354 241 794 254 795 0 1544 254 254 1728 0 109 2354 2701 27 1905 1724 1419 2258 311 413 2354 2354 21 888 1130 2354 2341 2354 254 1021 1112 254 2354 2354 254 254 2260 1345 2354 1093 2354 979 2354 2354 382 254 759 254 2354 254 2354 2219 1436 254 2354
34 516 9 27 226 53 516 664 0 93 516 516 27 0 396 27 27 2701 35 463 62 49 172 31 27 27 0 18 27 27 27 27 516 524 127 516 27 27 516 73 27 27 27 0 27 7 27 27 388 516 964 516 27 516 27 112 500 516 27
2206 341 5 2252 341 1313 341 346 1 1442 341 341 2268 264 93 2252 1905 35 2701 1622 1317 2156 382 653 2252 2252 21 975 1217 2252 2239 2252 341 315 866 341 2252 2252 341 341 2167 1998 2252 991 2252 522 2252 2252 469 341 610 341 2252 341 2252 2117 1334 341 2252
2025 630 0 2071 0 1141 630 795 0 1758 630 630 1445 0 65 2071 1724 463 1622 2701 1590 1975 265 633 2071 2071 21 102 246 2071 2071 2071 630 1394 770 630 2071 2071 630 0 1977 1027 2071 1440 2071 971 2071 2071 608 630 454 630 2071 630 2071 2050 1616 630 2071
1778 0 21 1766 31 931 0 826 26 1720 0 0 1140 0 292 1766 1419 62 1317 1590 2701 1670 375 384 1766 1766 21 229 229 1766 1753 1766 0 764 1111 0 1766 1766 0 31 1672 722 1766 1440 1766 1052 1766 1766 128 0 861 0 1766 0 1766 1631 2201 0 1766
2559 0 6 2605 22 1045 0 817 0 1795 0 0 1979 0 110 2605 2258 49 2156 1975 1670 2701 399 537 2605 2605 21 634 876 2605 2592 2605 0 764 955 0 2605 2605 0 0 2511 1561 2605 1366 2605 977 2605 2605 128 0 759 0 2605 0 2605 2470 1687 0 2605
386 0 127 386 91 168 0 196 17 267 0 0 352 9 659 386 311 172 382 265 375 399 2701 753 386 386 9 125 162 386 386 386 0 60 223 0 386 386 0 90 371 305 386 165 386 143 386 386 6 0 332 0 386 0 386 388 209 0 386
633 271 4 633 13 806 271 36 0 382 271 271 633 0 11 633 413 31 653 633 384 537 753 2701 633 633 0 271 443 633 633 633 271 339 151 271 633 633 271 40 633 633 633 347 633 509 633 633 271 271 27 271 633 271 633 633 384 271 633
2655 0 0 2701 0 1141 0 795 0 1891 0 0 2075 0 97 2701 2354 27 2252 2071 1766 2605 386 633 2701 2701 21 634 876 2701 2688 2701 0 764 1028 0 2701 2701 0 0 2607 1657 2701 1440 2701 971 2701 2701 128 0 759 0 2701 0 2701 2566 1783 0 2701
2655 0 0 2701 0 1141 0 795 0 1891 0 0 2075 0 97 2701 2354 27 2252 2071 1766 2605 386 633 2701 2701 21 634 876 2701 2688 2701 0 764 1028 0 2701 2701 0 0 2607 1657 2701 1440 2701 971 2701 2701 128 0 759 0 2701 0 2701 2566 1783 0 2701
21 0 0 21 0 0 0 0 0 0 0 0 21 2057 5 21 21 0 21 21 21 21 9 0 21 21 2701 21 21 21 21 21 0 33 21 0 21 21 0 0 21 21 21 18 21 0 21 21 21 0 21 0 21 0 21 0 21 0 21
634 2067 117 634 1343 467 2067 0 0 91 2067 2067 1260 623 43 634 888 18 975 102 229 634 125 271 634 634 21 2701 2459 634 621 634 2067 960 894 2067 634 634 2067 1496 728 1678 634 0 634 0 634 634 2195 2067 358 2067 634 2067 634 499 220 2067 634
876 1825 117 876 1343 467 1825 0 0 167 1825 1825 1502 623 43 876 1130 27 1217 246 229 876 162 443 876 876 21 2459 2701 876 863 876 1825 718 894 1825 876 876 1825 1496 970 1920 876 0 876 0 876 876 1953 1825 358 1825 876 1825 876 741 220 1825 876
2655 0 0 2701 0 1141 0 795 0 1891 0 0 2075 0 97 2701 2354 27 2252 2071 1766 2605 386 633 2701 2701 21 634 876 2701 2688 2701 0 764 1028 0 2701 2701 0 0 2607 1657 2701 1440 2701 971 2701 2701 128 0 759 0 2701 0 2701 2566 1783 0 2701
2642 0 0 2688 13 1141 0 808 0 1891 0 0 2062 0 97 2688 2341 27 2239 2071 1753 2592 386 633 2688 2688 21 621 863 2688 2701 2688 0 764 1015 0 2688 2688 0 13 2594 1644 2688 1440 2688 971 2688 2688 128 0 746 0 2688 0 2688 2553 1770 0 2688
2655 0 0 2701 0 1141 0 795 0 1891 0 0 2075 0 97 2701 2354 27 2252 2071 1766 2605 386 633 2701 2701 21 634 876 2701 2688 2701 0 764 1028 0 2701 2701 0 0 2607 1657 2701 1440 2701 971 2701 2701 128 0 759 0 2701 0 2701 2566 1783 0 2701
0 2701 117 0 1343 467 2701 0 0 60 2701 2701 626 623 0 0 254 516 341 630 0 0 0 271 0 0 0 2067 1825 0 0 0 2701 1594 583 2701 0 0 2701 1496 94 1044 0 0 0 0 0 0 2573 2701 0 2701 0 2701 0 85 0 2701 0
764 1594 2 764 236 155 1594 766 15 824 1594 1594 138 33 69 764 1021 524 315 1394 764 764 60 339 764 764 33 960 718 764 764 764 1594 2701 516 1594 764 764 1594 389 670 0 764 764 764 765 764 764 1466 1594 409 1594 764 1594 764 849 764 1594 764
1000 583 139 1028 652 437 583 460 0 982 583 583 698 0 212 1028 1112 127 866 770 1111 955 223 151 1028 1028 21 894 894 1028 1015 1028 583 516 2701 583 1028 1028 583 643 964 1032 1028 513 1028 412 1028 1028 711 583 512 583 1028 583 1028 893 1115 583 1028
0 2701 117 0 1343 467 2701 0 0 60 2701 2701 626 623 0 0 254 516 341 630 0 0 0 271 0 0 0 2067 1825 0 0 0 2701 1594 583 2701 0 0 2701 1496 94 1044 0 0 0 0 0 0 2573 2701 0 2701 0 2701 0 85 0 2701 0
2655 0 0 2701 0 1141 0 795 0 1891 0 0 2075 0 97 2701 2354 27 2252 2071 1766 2605 386 633 2701 2701 21 634 876 2701 2688 2701 0 764 1028 0 2701 2701 0 0 2607 1657 2701 1440 2701 971 2701 2701 128 0 759 0 2701 0 2701 2566 1783 0 2701
2655 0 0 2701 0 1141 0 795 0 1891 0 0 2075 0 97 2701 2354 27 2252 2071 1766 2605 386 633 2701 2701 21 634 876 2701 2688 2701 0 764 1028 0 2701 2701 0 0 2607 1657 2701 1440 2701 971 2701 2701 128 0 759 0 2701 0 2701 2566 1783 0 2701
0 2701 117 0 1343 467 2701 0 0 60 2701 2701 626 623 0 0 254 516 341 630 0 0 0 271 0 0 0 2067 1825 0 0 0 2701 1594 583 2701 0 0 2701 1496 94 1044 0 0 0 0 0 0 2573 2701 0 2701 0 2701 0 85 0 2701 0
25 1496 117 0 2548 492 1496 1205 0 28 1496 1496 626 623 98 0 254 73 341 0 31 0 90 40 0 0 0 1496 1496 0 13 0 1496 389 643 1496 0 0 1496 2701 94 1044 0 0 0 0 0 0 1496 1496 55 1496 0 1496 0 5 5 1496 0
2561 94 94 2607 94 1141 94 701 0 1797 94 94 2169 94 72 2607 2260 27 2167 1977 1672 2511 371 633 2607 2607 21 728 970 2607 2594 2607 94 670 964 94 2607 2607 94 94 2701 1751 2607 1346 2607 877 2607 2607 222 94 675 94 2607 94 2607 2472 1689 94 2607
1611 1044 117 1657 1044 1173 1044 0 0 847 1044 1044 2283 623 43 1657 1345 27 1998 1027 722 1561 305 633 1657 1657 21 1678 1920 1657 1644 1657 1044 0 1032 1044 1657 1657 1044 1044 1751 2701 1657 396 1657 0 1657 1657 1172 1044 358 1044 1657 1044 1657 1522 739 1044 1657
2655 0 0 2701 0 1141 0 795 0 1891 0 0 2075 0 97 2701 2354 27 2252 2071 1766 2605 386 633 2701 2701 21 634 876 2701 2688 2701 0 764 1028 0 2701 2701 0 0 2607 1657 2701 1440 2701 971 2701 2701 128 0 759 0 2701 0 2701 2566 1783 0 2701
1440 0 0 1440 0 831 0 795 0 1440 0 0 814 18 54 1440 1093 0 991 1440 1440 1366 165 347 1440 1440 18 0 0 1440 1440 1440 0 764 513 0 1440 1440 0 0 1346 396 1440 2701 1440 971 1440 1440 0 0 401 0 1440 0 1440 1440 1440 0 1440
2655 0 0 2701 0 1141 0 795 0 1891 0 0 2075 0 97 2701 2354 27 2252 2071 1766 2605 386 633 2701 2701 21 634 876 2701 2688 2701 0 764 1028 0 2701 2701 0 0 2607 1657 2701 1440 2701 971 2701 2701 128 0 759 0 2701 0 2701 2566 1783 0 2701
977 0 1075 971 0 761 0 799 0 977 0 0 345 0 126 971 979 7 522 971 1052 977 143 509 971 971 0 0 0 971 971 971 0 765 412 0 971 971 0 0 877 0 971 971 971 2701 971 971 0 0 492 0 971 0 971 971 1034 0 971
2655 0 0 2701 0 1141 0 795 0 1891 0 0 2075 0 97 2701 2354 27 2252 2071 1766 2605 386 633 2701 2701 21 634 876 2701 2688 2701 0 764 1028 0 2701 2701 0 0 2607 1657 2701 1440 2701 971 2701 2701 128 0 759 0 2701 0 2701 2566 1783 0 2701
2655 0 0 2701 0 1141 0 795 0 1891 0 0 2075 0 97 2701 2354 27 2252 2071 1766 2605 386 633 2701 2701 21 634 876 2701 2688 2701 0 764 1028 0 2701 2701 0 0 2607 1657 2701 1440 2701 971 2701 2701 128 0 759 0 2701 0 2701 2566 1783 0 2701
128 2573 117 128 1343 467 2573 0 0 1 2573 2573 754 623 20 128 382 388 469 608 128 128 6 271 128 128 21 2195 1953 128 128 128 2573 1466 711 2573 128 128 2573 1496 222 1172 128 0 128 0 128 128 2701 2573 128 2573 128 2573 128 2 128 2573 128
0 2701 117 0 1343 467 2701 0 0 60 2701 2701 626 623 0 0 254 516 341 630 0 0 0 271 0 0 0 2067 1825 0 0 0 2701 1594 583 2701 0 0 2701 1496 94 1044 0 0 0 0 0 0 2573 2701 0 2701 0 2701 0 85 0 2701 0
764 0 304 759 66 18 0 905 145 465 0 0 358 0 102 759 759 964 610 454 861 759 332 27 759 759 21 358 358 759 746 759 0 409 512 0 759 759 0 55 675 358 759 401 759 492 759 759 128 0 2701 0 759 0 759 624 634 0 759
0 2701 117 0 1343 467 2701 0 0 60 2701 2701 626 623 0 0 254 516 341 630 0 0 0 271 0 0 0 2067 1825 0 0 0 2701 1594 583 2701 0 0 2701 1496 94 1044 0 0 0 0 0 0 2573 2701 0 2701 0 2701 0 85 0 2701 0
2655 0 0 2701 0 1141 0 795 0 1891 0 0 2075 0 97 2701 2354 27 2252 2071 1766 2605 386 633 2701 2701 21 634 876 2701 2688 2701 0 764 1028 0 2701 2701 0 0 2607 1657 2701 1440 2701 971 2701 2701 128 0 759 0 2701 0 2701 2566 1783 0 2701
0 2701 117 0 1343 467 2701 0 0 60 2701 2701 626 623 0 0 254 516 341 630 0 0 0 271 0 0 0 2067 1825 0 0 0 2701 1594 583 2701 0 0 2701 1496 94 1044 0 0 0 0 0 0 2573 2701 0 2701 0 2701 0 85 0 2701 0
2655 0 0 2701 0 1141 0 795 0 1891 0 0 2075 0 97 2701 2354 27 2252 2071 1766 2605 386 633 2701 2701 21 634 876 2701 2688 2701 0 764 1028 0 2701 2701 0 0 2607 1657 2701 1440 2701 971 2701 2701 128 0 759 0 2701 0 2701 2566 1783 0 2701
2520 85 5 2566 5 1141 85 800 0 1958 85 85 1940 0 94 2566 2219 112 2117 2050 1631 2470 388 633 2566 2566 0 499 741 2566 2553 2566 85 849 893 85 2566 2566 85 5 2472 1522 2566 1440 2566 971 2566 2566 2 85 624 85 2566 85 2566 2701 1648 85 2566
1762 0 2 1783 5 972 0 800 0 1711 0 0 1157 0 513 1783 1436 500 1334 1616 2201 1687 209 384 1783 1783 21 220 220 1783 1770 1783 0 764 1115 0 1783 1783 0 5 1689 739 1783 1440 1783 1034 1783 1783 128 0 634 0 1783 0 1783 1648 2701 0 1783
0 2701 117 0 1343 467 2701 0 0 60 2701 2701 626 623 0 0 254 516 341 630 0 0 0 271 0 0 0 2067 1825 0 0 0 2701 1594 583 2701 0 0 2701 1496 94 1044 0 0 0 0 0 0 2573 2701 0 2701 0 2701 0 85 0 2701 0
2655 0 0 2701 0 1141 0 795 0 1891 0 0 2075 0 97 2701 2354 27 2252 2071 1766 2605 386 633 2701 2701 21 634 876 2701 2688 2701 0 764 1028 0 2701 2701 0 0 2607 1657 2701 1440 2701 971 2701 2701 128 0 759 0 2701 0 2701 2566 1783 0 2701
