8038 622 232 632 971 984 354 920 950 920 1016 995 1000 369 421 382 56 1431 731 409 393 1094 903 1091 402 1232 538 1334 920 923 59 1214 1544 660 1317 0 1222 1411 90 920 976 704 749 257 920 393 486 104 211 458 828 1323 920 234 657 1482 1411 202 411
622 8038 1209 1819 3027 3147 1048 2143 2162 5072 1421 1593 2886 1027 227 147 1094 545 418 1297 2050 517 380 3221 1353 2289 61 441 4476 3374 1449 3266 12 1236 488 59 2131 286 214 4166 1257 2630 254 620 3760 1092 659 526 708 160 2722 129 4701 65 585 371 121 215 1084
232 1209 8038 855 361 385 191 1506 337 1612 253 133 661 1008 333 1481 440 741 660 1693 1100 920 794 568 1030 425 165 669 1655 1234 843 896 17 413 713 633 646 171 687 1641 158 1882 252 308 1278 1328 289 1105 1306 175 523 17 1342 1027 522 384 201 2033 486
632 1819 855 8038 260 269 552 26 0 1302 392 189 192 857 376 0 613 552 632 44 1279 612 215 147 1063 218 0 62 1463 1033 1721 7 0 550 357 46 179 274 226 1035 0 803 288 836 501 59 10 14 673 239 997 472 1045 0 92 626 109 0 217
971 3027 361 260 8038 5111 2162 4056 5170 4682 2661 2981 3210 0 1331 354 310 206 667 1614 2280 267 750 3703 1508 3606 1315 637 5125 3811 150 4867 20 1387 611 183 4103 0 431 4592 3315 2574 961 897 4728 980 362 963 481 321 1826 256 4682 269 822 661 6 448 1155
984 3147 385 269 5111 8038 1974 3889 3868 5065 2777 3113 3087 0 442 233 1544 153 204 1378 2308 344 246 3694 1585 3683 886 326 5249 4194 144 5637 41 1400 421 38 3903 17 8 4975 3314 2602 960 992 5076 1154 813 14 294 1356 1981 402 5073 623 14 555 37 17 813
354 1048 191 552 2162 1974 8038 1437 1506 1812 1388 1438 449 234 434 682 158 578 979 986 377 230 342 1610 1399 1637 848 865 1948 1835 281 1812 510 845 165 533 1360 429 1160 2101 1363 359 426 1010 1826 986 594 407 494 388 964 729 1820 292 1208 440 455 849 119
920 2143 1506 26 4056 3889 1437 8038 4120 3887 3215 2544 2775 151 690 476 657 96 393 430 1960 672 447 2955 1429 2945 1065 438 3887 3121 204 3952 564 1082 1965 234 4190 529 49 3797 3132 3006 402 305 4040 206 462 513 200 128 1000 524 3910 607 492 499 783 976 875
950 2162 337 0 5170 3868 1506 4120 8038 3851 2682 2907 3511 34 1624 434 530 822 1151 513 2151 461 1030 2996 1561 2880 871 841 3851 2980 99 3918 202 1424 1251 164 3944 213 38 3761 3242 2576 678 281 4304 454 1081 856 563 62 995 27 3851 1511 2200 497 191 1148 912
920 5072 1612 1302 4682 5065 1812 3887 3851 8038 3091 2932 3226 1112 323 0 1110 1632 282 1197 3230 599 257 4801 2554 4697 871 1168 7356 5794 1021 6189 0 1519 400 0 3841 317 0 7046 2821 4225 188 617 6640 1418 328 0 487 123 3361 70 7238 0 0 326 109 0 1178
1016 1421 253 392 2661 2777 1388 3215 2682 3091 8038 2517 2112 274 414 18 105 799 172 148 804 1156 403 2145 1690 2775 1042 1627 3048 2677 887 2670 2876 1023 611 99 2697 3811 369 2990 2640 2041 447 220 2703 1103 382 221 244 0 1556 3421 3048 213 374 965 3055 230 1217
995 1593 133 189 2981 3113 1438 2544 2907 2932 2517 8038 1907 151 771 581 372 345 209 997 659 327 704 2198 1432 2876 954 284 2932 2773 212 2791 338 1453 933 757 2382 587 166 2932 2994 1300 104 216 3305 244 786 516 645 441 1157 55 2936 84 167 461 317 787 555
1000 2886 661 192 3210 3087 449 2775 3511 3226 2112 1907 8038 1428 482 400 293 233 245 1325 1867 244 587 2672 552 2266 40 833 3183 2396 357 3075 76 931 760 434 2724 639 498 3093 1732 2458 368 153 3080 1478 1251 480 456 931 1166 655 3431 800 681 353 89 390 2134
369 1027 1008 857 0 0 234 151 34 1112 274 151 1428 8038 1079 203 1441 595 828 627 294 839 470 143 1396 220 274 130 1155 1416 621 305 66 255 338 344 46 104 227 1155 495 1103 310 700 799 82 187 577 721 574 417 0 555 84 58 195 234 234 997
421 227 333 376 1331 442 434 690 1624 323 414 771 482 1079 8038 748 1051 325 882 485 1125 522 896 384 655 715 796 351 366 313 316 323 89 491 795 476 685 100 64 323 1206 514 590 245 523 465 280 1623 977 186 133 218 323 400 1159 298 103 887 340
382 147 1481 0 354 233 682 476 434 0 18 581 400 203 748 8038 835 316 457 1566 98 323 465 223 248 60 13 347 0 72 192 332 296 598 316 1373 138 0 1473 0 1015 35 230 337 0 861 407 832 1203 329 268 0 0 150 1145 278 94 2195 279
56 1094 440 613 310 1544 158 657 530 1110 105 372 293 1441 1051 835 8038 327 139 28 630 1084 256 1018 271 371 28 463 471 289 427 293 169 553 550 85 339 66 401 333 246 368 421 213 317 63 590 758 160 2159 1157 158 1110 482 283 372 60 394 1774
1431 545 741 552 206 153 578 96 822 1632 799 345 233 595 325 316 327 8038 1934 217 1254 1615 1529 598 934 1342 162 4302 1642 1457 623 1262 4031 404 2538 19 69 4308 40 1554 30 1927 640 136 1552 1971 1142 440 955 2 1112 3961 880 311 2152 2246 4060 44 268
731 418 660 632 667 204 979 393 1151 282 172 209 245 828 882 457 139 1934 8038 276 307 597 1079 136 1047 232 109 1510 282 296 246 120 1559 899 1060 299 306 1453 407 282 287 237 632 342 324 461 494 982 698 271 81 1282 111 1137 1655 1502 1453 687 77
409 1297 1693 44 1614 1378 986 430 513 1197 148 997 1325 627 485 1566 28 217 276 8038 403 437 811 1191 405 927 473 296 1197 1212 1398 1290 121 1213 105 812 944 295 907 1197 303 266 184 843 1218 770 827 309 1306 480 985 8 1197 1591 636 790 44 1352 98
393 2050 1100 1279 2280 2308 377 1960 2151 3230 804 659 1867 294 1125 98 630 1254 307 403 8038 217 236 2426 344 2637 59 653 3377 2288 793 3122 66 646 357 30 2103 6 458 3176 1142 2935 602 477 3343 1285 92 702 267 68 605 280 3139 313 487 450 169 364 745
1094 517 920 612 267 344 230 672 461 599 1156 327 244 839 522 323 1084 1615 597 437 217 8038 965 28 545 470 531 1064 599 509 599 202 1871 328 1575 106 812 1936 332 428 419 565 745 363 276 1088 922 609 244 259 1582 1442 599 528 748 1121 1685 392 446
903 380 794 215 750 246 342 447 1030 257 403 704 587 470 896 465 256 1529 1079 811 236 965 8038 416 594 648 231 1775 257 191 157 229 1943 379 1331 570 241 1899 787 262 1062 360 918 350 739 674 981 938 919 290 610 1617 257 645 1014 638 1709 1493 203
1091 3221 568 147 3703 3694 1610 2955 2996 4801 2145 2198 2672 143 384 223 1018 598 136 1191 2426 28 416 8038 863 3509 648 732 4162 3289 23 4160 440 842 420 49 2964 426 113 4070 1887 2616 339 714 4161 960 328 68 247 133 1939 437 4834 0 102 485 414 50 1029
402 1353 1030 1063 1508 1585 1399 1429 1561 2554 1690 1432 552 1396 655 248 271 934 1047 405 344 545 594 863 8038 1621 1044 663 2555 2208 1646 1639 430 1247 480 269 1452 569 828 2508 1542 1391 474 371 2136 350 425 152 955 282 1278 524 2091 361 1358 291 549 337 124
1232 2289 425 218 3606 3683 1637 2945 2880 4697 2775 2876 2266 220 715 60 371 1342 232 927 2637 470 648 3509 1621 8038 995 1205 4475 4045 285 4484 622 1054 1139 75 3276 625 540 4422 2671 2239 693 506 4506 1323 560 805 196 186 2103 620 4595 247 550 147 558 765 841
538 61 165 0 1315 886 848 1065 871 871 1042 954 40 274 796 13 28 162 109 473 59 531 231 648 1044 995 8038 213 871 1010 279 997 199 769 21 141 904 335 672 871 1326 261 523 368 871 120 169 373 501 111 579 27 871 356 502 158 24 291 663
1334 441 669 62 637 326 865 438 841 1168 1627 284 833 130 351 347 463 4302 1510 296 653 1064 1775 732 663 1205 213 8038 777 929 252 799 3865 630 1933 232 784 4358 250 749 365 980 802 288 762 2203 1707 728 802 91 1608 4425 1124 571 1770 1930 3854 392 1376
920 4476 1655 1463 5125 5249 1948 3887 3851 7356 3048 2932 3183 1155 366 0 471 1642 282 1197 3377 599 257 4162 2555 4475 871 777 8038 5840 1072 6189 0 1223 400 3 4066 274 7 7091 2821 4288 228 894 6683 1378 328 0 530 123 2722 264 6642 0 0 326 109 0 906
923 3374 1234 1033 3811 4194 1835 3121 2980 5794 2677 2773 2396 1416 313 72 289 1457 296 1212 2288 509 191 3289 2208 4045 1010 929 5840 8038 506 5033 248 1236 886 688 3060 293 77 5837 2471 3035 41 745 5527 1715 458 159 530 132 2228 252 5365 0 0 214 414 159 642
59 1449 843 1721 150 144 281 204 99 1021 887 212 357 621 316 192 427 623 246 1398 793 599 157 23 1646 285 279 252 1072 506 8038 375 123 1027 62 165 145 456 739 805 144 1167 432 152 442 419 180 167 579 590 762 562 864 1254 845 201 332 339 135
1214 3266 896 7 4867 5637 1812 3952 3918 6189 2670 2791 3075 305 323 332 293 1262 120 1290 3122 202 229 4160 1639 4484 997 799 6189 5033 375 8038 451 1352 448 59 3889 0 15 6099 3070 3637 350 646 6189 1382 413 51 206 199 1983 27 5742 380 0 746 15 48 813
1544 12 17 0 20 41 510 564 202 0 2876 338 76 66 89 296 169 4031 1559 121 66 1871 1943 440 430 622 199 3865 0 248 123 451 8038 264 2291 67 0 6243 601 0 17 673 1066 35 108 1368 1239 479 413 27 1032 5772 46 171 1543 2543 6307 226 266
660 1236 413 550 1387 1400 845 1082 1424 1519 1023 1453 931 255 491 598 553 404 899 1213 646 328 379 842 1247 1054 769 630 1223 1236 1027 1352 264 8038 309 321 1012 231 339 1230 1139 767 142 674 1223 464 173 316 682 393 919 353 1544 862 760 376 232 391 914
1317 488 713 357 611 421 165 1965 1251 400 611 933 760 338 795 316 550 2538 1060 105 357 1575 1331 420 480 1139 21 1933 400 886 62 448 2291 309 8038 327 785 2256 0 400 1297 1188 596 403 439 951 664 893 1355 23 650 1792 400 602 2351 1765 2432 1622 700
0 59 633 46 183 38 533 234 164 0 99 757 434 344 476 1373 85 19 299 812 30 106 570 49 269 75 141 232 3 688 165 59 67 321 327 8038 235 86 680 0 293 148 43 235 26 835 335 479 951 266 103 114 0 186 611 172 133 1151 189
1222 2131 646 179 4103 3903 1360 4190 3944 3841 2697 2382 2724 46 685 138 339 69 306 944 2103 812 241 2964 1452 3276 904 784 4066 3060 145 3889 0 1012 785 235 8038 12 292 3755 2946 2596 154 473 3908 188 749 1021 85 83 985 117 3841 239 224 837 0 567 1201
1411 286 171 274 0 17 429 529 213 317 3811 587 639 104 100 0 66 4308 1453 295 6 1936 1899 426 569 625 335 4358 274 293 456 0 6243 231 2256 86 12 8038 12 266 80 758 1019 21 179 1811 1250 442 673 0 1315 6357 274 5 1487 2474 6210 213 863
90 214 687 226 431 8 1160 49 38 0 369 166 498 227 64 1473 401 40 407 907 458 332 787 113 828 540 672 250 7 77 739 15 601 339 0 680 292 12 8038 0 453 43 592 814 463 557 0 168 740 420 75 3 538 117 1594 158 198 1623 835
920 4166 1641 1035 4592 4975 2101 3797 3761 7046 2990 2932 3093 1155 323 0 333 1554 282 1197 3176 428 262 4070 2508 4422 871 749 7091 5837 805 6099 0 1230 400 0 3755 266 0 8038 2821 4178 188 619 6593 1375 328 0 530 123 2502 27 6332 0 0 326 109 0 724
976 1257 158 0 3315 3314 1363 3132 3242 2821 2640 2994 1732 495 1206 1015 246 30 287 303 1142 419 1062 1887 1542 2671 1326 365 2821 2471 144 3070 17 1139 1297 293 2946 80 453 2821 8038 1784 763 368 3115 201 751 61 1281 81 950 27 2821 87 262 469 137 802 457
704 2630 1882 803 2574 2602 359 3006 2576 4225 2041 1300 2458 1103 514 35 368 1927 237 266 2935 565 360 2616 1391 2239 261 980 4288 3035 1167 3637 673 767 1188 148 2596 758 43 4178 1784 8038 550 56 3986 1072 362 178 628 236 934 1041 3706 192 461 752 875 43 999
749 254 252 288 961 960 426 402 678 188 447 104 368 310 590 230 421 640 632 184 602 745 918 339 474 693 523 802 228 41 432 350 1066 142 596 43 154 1019 592 188 763 550 8038 1183 188 1075 1591 392 258 488 888 1185 188 841 524 621 1096 299 1407
257 620 308 836 897 992 1010 305 281 617 220 216 153 700 245 337 213 136 342 843 477 363 350 714 371 506 368 288 894 745 152 646 35 674 403 235 473 21 814 619 368 56 1183 8038 660 1027 82 375 197 100 547 428 617 158 380 121 117 506 536
920 3760 1278 501 4728 5076 1826 4040 4304 6640 2703 3305 3080 799 523 0 317 1552 324 1218 3343 276 739 4161 2136 4506 871 762 6683 5527 442 6189 108 1223 439 26 3908 179 463 6593 3115 3986 188 660 8038 1375 846 167 484 123 2006 27 5926 0 67 433 275 479 968
393 1092 1328 59 980 1154 986 206 454 1418 1103 244 1478 82 465 861 63 1971 461 770 1285 1088 674 960 350 1323 120 2203 1378 1715 419 1382 1368 464 951 835 188 1811 557 1375 201 1072 1075 1027 1375 8038 2213 914 565 1319 2053 2555 1395 1225 542 1383 1368 1492 1926
486 659 289 10 362 813 594 462 1081 328 382 786 1251 187 280 407 590 1142 494 827 92 922 981 328 425 560 169 1707 328 458 180 413 1239 173 664 335 749 1250 0 328 751 362 1591 82 846 2213 8038 497 284 1453 1734 1037 328 2942 988 1266 1286 1142 1232
104 526 1105 14 963 14 407 513 856 0 221 516 480 577 1623 832 758 440 982 309 702 609 938 68 152 805 373 728 0 159 167 51 479 316 893 479 1021 442 168 0 61 178 392 375 167 914 497 8038 452 40 33 23 0 1507 2265 898 884 1647 354
211 708 1306 673 481 294 494 200 563 487 244 645 456 721 977 1203 160 955 698 1306 267 244 919 247 955 196 501 802 530 530 579 206 413 682 1355 951 85 673 740 530 1281 628 258 197 484 565 284 452 8038 118 168 442 412 925 815 508 945 1406 237
458 160 175 239 321 1356 388 128 62 123 0 441 931 574 186 329 2159 2 271 480 68 259 290 133 282 186 111 91 123 132 590 199 27 393 23 266 83 0 420 123 81 236 488 100 123 1319 1453 40 118 8038 767 0 123 1453 62 215 0 302 1273
828 2722 523 997 1826 1981 964 1000 995 3361 1556 1157 1166 417 133 268 1157 1112 81 985 605 1582 610 1939 1278 2103 579 1608 2722 2228 762 1983 1032 919 650 103 985 1315 75 2502 950 934 888 547 2006 2053 1734 33 168 767 8038 1068 3412 634 0 1221 1033 61 846
1323 129 17 472 256 402 729 524 27 70 3421 55 655 0 218 0 158 3961 1282 8 280 1442 1617 437 524 620 27 4425 264 252 562 27 5772 353 1792 114 117 6357 3 27 27 1041 1185 428 27 2555 1037 23 442 0 1068 8038 27 0 1162 2042 5683 0 1077
920 4701 1342 1045 4682 5073 1820 3910 3851 7238 3048 2936 3431 555 323 0 1110 880 111 1197 3139 599 257 4834 2091 4595 871 1124 6642 5365 864 5742 46 1544 400 0 3841 274 538 6332 2821 3706 188 617 5926 1395 328 0 412 123 3412 27 8038 0 0 326 324 0 1216
234 65 1027 0 269 623 292 607 1511 0 213 84 800 84 400 150 482 311 1137 1591 313 528 645 0 361 247 356 571 0 0 1254 380 171 862 602 186 239 5 117 0 87 192 841 158 0 1225 2942 1507 925 1453 634 0 0 8038 1217 578 382 974 1334
657 585 522 92 822 14 1208 492 2200 0 374 167 681 58 1159 1145 283 2152 1655 636 487 748 1014 102 1358 550 502 1770 0 0 845 0 1543 760 2351 611 224 1487 1594 0 262 461 524 380 67 542 988 2265 815 62 0 1162 0 1217 8038 1138 1775 1379 151
1482 371 384 626 661 555 440 499 497 326 965 461 353 195 298 278 372 2246 1502 790 450 1121 638 485 291 147 158 1930 326 214 201 746 2543 376 1765 172 837 2474 158 326 469 752 621 121 433 1383 1266 898 508 215 1221 2042 326 578 1138 8038 2797 260 388
1411 121 201 109 6 37 455 783 191 109 3055 317 89 234 103 94 60 4060 1453 44 169 1685 1709 414 549 558 24 3854 109 414 332 15 6307 232 2432 133 0 6210 198 109 137 875 1096 117 275 1368 1286 884 945 0 1033 5683 324 382 1775 2797 8038 119 177
202 215 2033 0 448 17 849 976 1148 0 230 787 390 234 887 2195 394 44 687 1352 364 392 1493 50 337 765 291 392 0 159 339 48 226 391 1622 1151 567 213 1623 0 802 43 299 506 479 1492 1142 1647 1406 302 61 0 0 974 1379 260 119 8038 321
411 1084 486 217 1155 813 119 875 912 1178 1217 555 2134 997 340 279 1774 268 77 98 745 446 203 1029 124 841 663 1376 906 642 135 813 266 914 700 189 1201 863 835 724 457 999 1407 536 968 1926 1232 354 237 1273 846 1077 1216 1334 151 388 177 321 8038
