3281 2025 0 498 1 1 586 43 161 2296 2296 85 56 5 890 189 90 15 2240 187 548 1 1 1804 2296 1004 21 278 1300 117 884 126 2296 321 2296 1997 1 42 23 26 1044 6 37 1 1 2296 17 10 1093 1 2146 1 2296 1 50 579 2270 615 914
2025 3281 140 311 827 1111 552 1129 1258 2170 2170 1180 5 5 683 38 43 141 2170 299 1719 1111 1111 2331 2170 741 341 1388 1113 137 758 304 2170 557 2170 2011 1111 1139 27 37 2215 80 277 1111 1111 2170 1127 155 887 176 2172 1111 2170 1111 1126 542 2237 1392 788
0 140 3281 9 2310 2310 188 880 842 8 8 2022 1357 5 22 223 214 2362 44 195 1702 2310 2310 26 8 11 0 824 35 711 59 613 8 517 8 0 2257 382 0 30 1057 2265 29 2310 2310 8 763 1172 247 2304 1 2310 8 2310 2207 36 8 495 37
498 311 9 3281 1 1 204 1 7 1422 1422 6 63 123 1267 66 4 192 988 184 6 1 1 252 1422 421 426 64 1474 1 1751 104 1422 621 1422 224 1 7 101 160 6 1 8 1 1 1422 1 9 1417 1 583 1 1422 1 1 347 1064 7 1629
1 827 2310 1 3281 2997 176 1567 1529 0 0 2709 1357 5 0 0 21 2299 0 180 2389 2997 2997 587 0 9 341 1511 27 671 51 612 0 627 0 18 2944 1069 14 41 1744 2251 279 2997 2997 0 1450 1312 239 2624 0 2997 0 2997 2894 2 0 818 29
1 1111 2310 1 2997 3281 184 1851 1813 0 0 2993 1357 5 0 0 21 2311 0 180 2673 3281 3281 587 0 9 341 1795 27 670 51 837 0 911 0 17 3228 1353 14 40 2028 2250 278 3281 3281 0 1734 1312 239 2346 2 3281 0 3281 3178 2 67 1102 29
586 552 188 204 176 184 3281 43 111 666 666 243 497 120 323 332 205 188 683 181 473 184 184 537 666 431 112 150 351 194 448 161 666 180 666 648 184 29 157 126 575 201 59 184 184 666 82 16 243 157 633 184 666 184 199 172 631 483 557
43 1129 880 1 1567 1851 43 3281 1841 18 18 1879 5 5 56 1067 56 881 18 116 1869 1851 1851 605 18 20 347 1803 0 329 18 332 18 1397 18 35 1798 1338 215 126 1870 820 271 1851 1851 18 1728 155 0 916 20 1851 18 1851 1871 202 85 1114 234
161 1258 842 7 1529 1813 111 1841 3281 147 147 1881 5 5 3 0 0 843 147 281 1813 1813 1813 734 147 22 525 1815 147 248 262 374 147 1055 147 164 1760 1630 157 56 1893 782 264 1813 1813 147 1738 155 147 878 149 1813 147 1813 1835 159 214 1102 65
2296 2170 8 1422 0 0 666 18 147 3281 3281 69 62 78 1578 65 47 191 2847 299 608 0 0 1774 3281 741 0 277 2224 0 1869 182 3281 596 3281 2081 0 28 29 26 1104 0 13 0 0 3281 16 8 1998 0 2442 0 3281 0 15 558 2923 675 1899
2296 2170 8 1422 0 0 666 18 147 3281 3281 69 62 78 1578 65 47 191 2847 299 608 0 0 1774 3281 741 0 277 2224 0 1869 182 3281 596 3281 2081 0 28 29 26 1104 0 13 0 0 3281 16 8 1998 0 2442 0 3281 0 15 558 2923 675 1899
85 1180 2022 6 2709 2993 243 1879 1881 69 69 3281 1069 5 0 28 98 2023 69 157 2742 2993 2993 656 69 11 345 1810 71 382 51 549 69 980 69 86 2940 1421 14 46 2097 1962 293 2993 2993 69 1758 1024 45 2058 71 2993 69 2993 3012 18 136 1171 98
56 5 1357 63 1357 1357 497 5 5 62 62 1069 3281 882 32 0 302 1379 15 126 749 1357 1357 5 62 665 0 9 89 427 297 615 62 5 62 47 1357 362 75 9 104 1357 181 1357 1357 62 5 1708 301 1357 23 1357 62 1357 1254 16 8 5 62
5 5 5 123 5 5 120 5 5 78 78 5 882 3281 45 0 124 39 8 0 5 5 5 1 78 66 148 5 78 5 786 0 78 10 78 55 5 680 25 473 5 5 0 5 5 78 5 600 652 5 509 5 78 5 5 231 37 5 78
890 683 22 1267 0 0 323 56 3 1578 1578 0 32 45 3281 213 20 73 1364 230 0 0 0 331 1578 85 0 6 1578 46 1440 287 1578 688 1578 594 0 2 31 6 31 0 0 0 0 1578 7 24 1578 0 999 0 1578 0 7 174 1391 663 1462
189 38 223 66 0 0 332 1067 0 65 65 28 0 0 213 3281 56 1 65 119 0 0 0 141 65 99 78 11 65 156 65 865 65 526 65 44 0 1 565 95 1 0 7 0 0 65 1 107 65 0 43 0 65 0 20 82 87 32 94
90 43 214 4 21 21 205 56 0 47 47 98 302 124 20 56 3281 50 464 108 43 21 21 53 47 11 61 33 234 410 36 63 47 60 47 43 21 0 1 176 43 339 820 21 21 47 168 671 91 32 80 21 47 21 50 65 47 62 101
15 141 2362 192 2299 2311 188 881 843 191 191 2023 1379 39 73 1 50 3281 0 180 1703 2311 2311 66 191 24 0 825 218 692 242 628 191 515 191 6 2258 383 0 188 1058 2284 57 2311 2311 191 764 1174 430 2298 55 2311 191 2311 2208 51 63 508 220
2240 2170 44 988 0 0 683 18 147 2847 2847 69 15 8 1364 65 464 0 3281 299 608 0 0 1751 2847 750 0 277 1790 0 1435 121 2847 461 2847 2079 0 28 13 26 1104 0 13 0 0 2847 16 0 1564 0 2439 0 2847 0 15 558 2847 675 1465
187 299 195 184 180 180 181 116 281 299 299 157 126 0 230 119 108 180 299 3281 220 180 180 156 299 5 33 131 313 47 429 135 299 3 299 312 130 185 362 45 199 180 16 180 180 299 392 380 220 180 385 180 299 180 183 351 486 191 360
548 1719 1702 6 2389 2673 473 1869 1813 608 608 2742 749 5 0 0 43 1703 608 220 3281 2673 2673 1195 608 327 341 1795 27 248 165 235 608 928 608 625 2620 1365 14 34 2636 1642 277 2673 2673 608 1734 704 0 1738 610 2673 608 2673 2688 5 675 1607 368
1 1111 2310 1 2997 3281 184 1851 1813 0 0 2993 1357 5 0 0 21 2311 0 180 2673 3281 3281 587 0 9 341 1795 27 670 51 837 0 911 0 17 3228 1353 14 40 2028 2250 278 3281 3281 0 1734 1312 239 2346 2 3281 0 3281 3178 2 67 1102 29
1 1111 2310 1 2997 3281 184 1851 1813 0 0 2993 1357 5 0 0 21 2311 0 180 2673 3281 3281 587 0 9 341 1795 27 670 51 837 0 911 0 17 3228 1353 14 40 2028 2250 278 3281 3281 0 1734 1312 239 2346 2 3281 0 3281 3178 2 67 1102 29
1804 2331 26 252 587 587 537 605 734 1774 1774 656 5 1 331 141 53 66 1751 156 1195 587 587 3281 1774 1207 341 864 717 27 362 70 1774 111 1774 1796 587 615 74 69 1691 12 247 587 587 1774 603 233 491 7 1924 587 1774 587 602 726 1776 804 481
2296 2170 8 1422 0 0 666 18 147 3281 3281 69 62 78 1578 65 47 191 2847 299 608 0 0 1774 3281 741 0 277 2224 0 1869 182 3281 596 3281 2081 0 28 29 26 1104 0 13 0 0 3281 16 8 1998 0 2442 0 3281 0 15 558 2923 675 1899
1004 741 11 421 9 9 431 20 22 741 741 11 665 66 85 99 11 24 750 5 327 9 9 1207 741 3281 0 27 117 9 122 27 741 48 741 953 9 28 0 152 716 9 13 9 9 741 0 71 9 9 908 9 741 9 9 343 760 250 102
21 341 0 426 341 341 112 347 525 0 0 345 0 148 0 78 61 0 0 33 341 341 341 341 0 0 3281 355 0 81 78 0 0 8 0 22 341 395 337 9 341 1 195 341 341 0 341 58 60 0 92 341 0 341 370 56 0 224 223
278 1388 824 64 1511 1795 150 1803 1815 277 277 1810 9 5 6 11 33 825 277 131 1795 1795 1795 864 277 27 355 3281 226 248 18 226 277 1232 277 294 1742 1361 14 52 1926 764 527 1795 1795 277 1747 155 8 860 279 1795 277 1795 1795 291 344 1107 79
1300 1113 35 1474 27 27 351 0 147 2224 2224 71 89 78 1578 65 234 218 1790 313 27 27 27 717 2224 117 0 226 3281 32 1646 169 2224 579 2224 1024 27 57 29 148 129 27 69 27 27 2224 284 35 2001 27 1385 27 2224 27 27 592 1866 144 1560
117 137 711 1 671 670 194 329 248 0 0 382 427 5 46 156 410 692 0 47 248 670 670 27 0 9 81 248 32 3281 0 464 0 388 0 15 670 296 639 260 248 944 644 670 670 0 248 613 274 681 0 670 0 670 567 35 1 384 114
884 758 59 1751 51 51 448 18 262 1869 1869 51 297 786 1440 65 36 242 1435 429 165 51 51 362 1869 122 78 18 1646 0 3281 179 1869 593 1869 669 51 707 53 127 254 51 12 51 51 1869 18 451 1965 51 1030 51 1869 51 66 16 1511 277 1657
126 304 613 104 612 837 161 332 374 182 182 549 615 0 287 865 63 628 121 135 235 837 837 70 182 27 0 226 169 464 179 3281 182 315 182 317 837 256 760 9 254 612 14 837 837 182 352 617 420 612 129 837 182 837 734 219 187 505 161
2296 2170 8 1422 0 0 666 18 147 3281 3281 69 62 78 1578 65 47 191 2847 299 608 0 0 1774 3281 741 0 277 2224 0 1869 182 3281 596 3281 2081 0 28 29 26 1104 0 13 0 0 3281 16 8 1998 0 2442 0 3281 0 15 558 2923 675 1899
321 557 517 621 627 911 180 1397 1055 596 596 980 5 10 688 526 60 515 461 3 928 911 911 111 596 48 8 1232 579 388 593 315 596 3281 596 108 907 657 129 115 928 455 7 911 911 596 833 8 579 551 23 911 596 911 949 22 541 554 666
2296 2170 8 1422 0 0 666 18 147 3281 3281 69 62 78 1578 65 47 191 2847 299 608 0 0 1774 3281 741 0 277 2224 0 1869 182 3281 596 3281 2081 0 28 29 26 1104 0 13 0 0 3281 16 8 1998 0 2442 0 3281 0 15 558 2923 675 1899
1997 2011 0 224 18 17 648 35 164 2081 2081 86 47 55 594 44 43 6 2079 312 625 17 17 1796 2081 953 22 294 1024 15 669 317 2081 108 2081 3281 17 45 347 33 1121 0 67 17 17 2081 33 3 798 0 2097 17 2081 17 32 719 2081 692 699
1 1111 2257 1 2944 3228 184 1798 1760 0 0 2940 1357 5 0 0 21 2258 0 130 2620 3228 3228 587 0 9 341 1742 27 670 51 837 0 907 0 17 3281 1353 14 40 1975 2197 278 3228 3228 0 1681 1312 239 2293 2 3228 0 3228 3125 2 67 1060 29
42 1139 382 7 1069 1353 29 1338 1630 28 28 1421 362 680 2 1 0 383 28 185 1365 1353 1353 615 28 28 395 1361 57 296 707 256 28 657 28 45 1353 3281 14 61 1365 322 667 1353 1353 28 1345 797 160 418 30 1353 28 1353 1375 156 95 945 19
23 27 0 101 14 14 157 215 157 29 29 14 75 25 31 565 1 0 13 362 14 14 14 74 29 0 337 14 29 639 53 760 29 129 29 347 14 14 3281 76 14 0 13 14 14 29 14 22 29 0 66 14 29 14 24 303 70 188 263
26 37 30 160 41 40 126 126 56 26 26 46 9 473 6 95 176 188 26 45 34 40 40 69 26 152 9 52 148 260 127 9 26 115 26 33 40 61 76 3281 34 131 7 40 40 26 226 53 363 52 26 40 26 40 40 22 26 2 16
1044 2215 1057 6 1744 2028 575 1870 1893 1104 1104 2097 104 5 31 1 43 1058 1104 199 2636 2028 2028 1691 1104 716 341 1926 129 248 254 254 1104 928 1104 1121 1975 1365 14 34 3281 997 277 2028 2028 1104 1734 155 0 1093 1106 2028 1104 2028 2043 134 1171 1701 368
6 80 2265 1 2251 2250 201 820 782 0 0 1962 1357 5 0 0 339 2284 0 180 1642 2250 2250 12 0 9 1 764 27 944 51 612 0 455 0 0 2197 322 0 131 997 3281 324 2250 2250 0 703 1564 239 2261 0 2250 0 2250 2147 2 0 484 29
37 277 29 8 279 278 59 271 264 13 13 293 181 0 0 7 820 57 13 16 277 278 278 247 13 13 195 527 69 644 12 14 13 7 13 67 278 667 13 7 277 324 3281 278 278 13 267 744 45 25 13 278 13 278 278 94 13 296 13
1 1111 2310 1 2997 3281 184 1851 1813 0 0 2993 1357 5 0 0 21 2311 0 180 2673 3281 3281 587 0 9 341 1795 27 670 51 837 0 911 0 17 3228 1353 14 40 2028 2250 278 3281 3281 0 1734 1312 239 2346 2 3281 0 3281 3178 2 67 1102 29
1 1111 2310 1 2997 3281 184 1851 1813 0 0 2993 1357 5 0 0 21 2311 0 180 2673 3281 3281 587 0 9 341 1795 27 670 51 837 0 911 0 17 3228 1353 14 40 2028 2250 278 3281 3281 0 1734 1312 239 2346 2 3281 0 3281 3178 2 67 1102 29
2296 2170 8 1422 0 0 666 18 147 3281 3281 69 62 78 1578 65 47 191 2847 299 608 0 0 1774 3281 741 0 277 2224 0 1869 182 3281 596 3281 2081 0 28 29 26 1104 0 13 0 0 3281 16 8 1998 0 2442 0 3281 0 15 558 2923 675 1899
17 1127 763 1 1450 1734 82 1728 1738 16 16 1758 5 5 7 1 168 764 16 392 1734 1734 1734 603 16 0 341 1747 284 248 18 352 16 833 16 33 1681 1345 14 226 1734 703 267 1734 1734 16 3281 155 83 799 18 1734 16 1734 1734 16 83 1102 18
10 155 1172 9 1312 1312 16 155 155 8 8 1024 1708 600 24 107 671 1174 0 380 704 1312 1312 233 8 71 58 155 35 613 451 617 8 8 8 3 1312 797 22 53 155 1564 744 1312 1312 8 155 3281 281 1168 86 1312 8 1312 1209 98 194 29 8
1093 887 247 1417 239 239 243 0 147 1998 1998 45 301 652 1578 65 91 430 1564 220 0 239 239 491 1998 9 60 8 2001 274 1965 420 1998 579 1998 798 239 160 29 363 0 239 45 239 239 1998 83 281 3281 239 1159 239 1998 239 236 289 1640 144 1560
1 176 2304 1 2624 2346 157 916 878 0 0 2058 1357 5 0 0 32 2298 0 180 1738 2346 2346 7 0 9 0 860 27 681 51 612 0 551 0 0 2293 418 0 52 1093 2261 25 2346 2346 0 799 1168 239 3281 0 2346 0 2346 2243 2 0 699 29
2146 2172 1 583 0 2 633 20 149 2442 2442 71 23 509 999 43 80 55 2439 385 610 2 2 1924 2442 908 92 279 1385 0 1030 129 2442 23 2442 2097 2 30 66 26 1106 0 13 2 2 2442 18 86 1159 0 3281 2 2442 2 17 601 2509 677 1060
1 1111 2310 1 2997 3281 184 1851 1813 0 0 2993 1357 5 0 0 21 2311 0 180 2673 3281 3281 587 0 9 341 1795 27 670 51 837 0 911 0 17 3228 1353 14 40 2028 2250 278 3281 3281 0 1734 1312 239 2346 2 3281 0 3281 3178 2 67 1102 29
2296 2170 8 1422 0 0 666 18 147 3281 3281 69 62 78 1578 65 47 191 2847 299 608 0 0 1774 3281 741 0 277 2224 0 1869 182 3281 596 3281 2081 0 28 29 26 1104 0 13 0 0 3281 16 8 1998 0 2442 0 3281 0 15 558 2923 675 1899
1 1111 2310 1 2997 3281 184 1851 1813 0 0 2993 1357 5 0 0 21 2311 0 180 2673 3281 3281 587 0 9 341 1795 27 670 51 837 0 911 0 17 3228 1353 14 40 2028 2250 278 3281 3281 0 1734 1312 239 2346 2 3281 0 3281 3178 2 67 1102 29
50 1126 2207 1 2894 3178 199 1871 1835 15 15 3012 1254 5 7 20 50 2208 15 183 2688 3178 3178 602 15 9 370 1795 27 567 66 734 15 949 15 32 3125 1375 24 40 2043 2147 278 3178 3178 15 1734 1209 236 2243 17 3178 15 3178 3281 2 82 1117 44
579 542 36 347 2 2 172 202 159 558 558 18 16 231 174 82 65 51 558 351 5 2 2 726 558 343 56 291 592 35 16 219 558 22 558 719 2 156 303 22 134 2 94 2 2 558 16 98 289 2 601 2 558 2 2 3281 558 6 300
2270 2237 8 1064 0 67 631 85 214 2923 2923 136 8 37 1391 87 47 63 2847 486 675 67 67 1776 2923 760 0 344 1866 1 1511 187 2923 541 2923 2081 67 95 70 26 1171 0 13 67 67 2923 83 194 1640 0 2509 67 2923 67 82 558 3281 742 1541
615 1392 495 7 818 1102 483 1114 1102 675 675 1171 5 5 663 32 62 508 675 191 1607 1102 1102 804 675 250 224 1107 144 384 277 505 675 554 675 692 1060 945 188 2 1701 484 296 1102 1102 675 1102 29 144 699 677 1102 675 1102 1117 6 742 3281 453
914 788 37 1629 29 29 557 234 65 1899 1899 98 62 78 1462 94 101 220 1465 360 368 29 29 481 1899 102 223 79 1560 114 1657 161 1899 666 1899 699 29 19 263 16 368 29 13 29 29 1899 18 8 1560 29 1060 29 1899 29 44 300 1541 453 3281
