7241 5 5 184 6175 32 32 7020 7020 32 32 1529 5969 6842 3030 7020 0 32 7020 7020 6159 6639 244 32 32 6015 15 6888 32 3109 6481 7020 7020 7020 6736 11 4125 32 32 2910 11 32 32 0 1638 5 6959 62 11 32 5812 299 32 6607 32 7020 7020 7020 47
5 7241 7241 347 2 5 10 0 0 0 171 517 36 0 0 0 39 0 0 0 11 6 0 0 4 14 1051 8 0 1379 0 0 0 0 14 0 36 0 0 1 0 0 0 9 1 7241 0 3857 0 0 0 12 0 1 0 0 0 0 1
5 7241 7241 347 2 5 10 0 0 0 171 517 36 0 0 0 39 0 0 0 11 6 0 0 4 14 1051 8 0 1379 0 0 0 0 14 0 36 0 0 1 0 0 0 9 1 7241 0 3857 0 0 0 12 0 1 0 0 0 0 1
184 347 347 7241 501 17 21 173 173 0 412 76 209 173 173 173 1612 0 173 173 235 217 79 0 4 411 435 178 0 310 173 173 173 173 180 1905 188 0 0 1 1905 0 0 359 0 347 173 31 1905 0 742 129 0 173 0 173 173 173 0
6175 2 2 501 7241 48 48 6037 6037 48 71 1446 5224 5859 2919 6037 0 48 6037 6037 5524 5656 15 48 48 5305 28 5905 48 3102 5498 6037 6037 6037 5753 36 3640 48 48 2926 36 48 48 28 879 2 5976 167 36 48 5248 277 48 5624 48 6037 6037 6037 84
32 5 5 17 48 7241 4804 0 0 6435 5383 9 8 0 2379 0 115 6435 0 0 689 3 5242 6435 6327 385 2 23 6435 5 0 0 0 0 17 17 948 6435 6435 3494 17 6435 6435 154 4278 5 23 1331 17 6435 0 4825 6435 0 6435 0 0 0 6088
32 10 10 21 48 4804 7241 0 0 5610 4558 55 8 0 2393 0 109 5610 0 0 689 5 4417 5610 5502 385 56 23 5610 0 0 0 0 0 24 14 1076 5610 5610 4300 14 5610 5610 76 3399 10 23 1340 14 5610 0 4000 5610 0 5610 0 0 0 5263
7020 0 0 173 6037 0 0 7241 7241 0 0 1505 6190 7063 2998 7241 0 0 7241 7241 6380 6860 212 0 0 6236 0 7109 0 3101 6702 7241 7241 7241 6957 0 4346 0 0 2878 0 0 0 0 1779 0 7180 0 0 0 6033 361 0 6828 0 7241 7241 7241 15
7020 0 0 173 6037 0 0 7241 7241 0 0 1505 6190 7063 2998 7241 0 0 7241 7241 6380 6860 212 0 0 6236 0 7109 0 3101 6702 7241 7241 7241 6957 0 4346 0 0 2878 0 0 0 0 1779 0 7180 0 0 0 6033 361 0 6828 0 7241 7241 7241 15
32 0 0 0 48 6435 5610 0 0 7241 6189 0 8 0 2379 0 109 7241 0 0 689 5 6048 7241 7133 385 0 23 7241 0 0 0 0 0 17 0 1082 7241 7241 4300 0 7241 7241 74 5030 0 23 1330 0 7241 0 5631 7241 0 7241 0 0 0 6894
32 171 171 412 71 5383 4558 0 0 6189 7241 66 2 0 1327 0 150 6189 0 0 25 47 6097 6189 6196 28 171 2 6189 3 0 0 0 0 17 387 390 6189 6189 3248 387 6189 6189 20 5030 171 0 278 387 6189 128 5695 6189 0 6189 0 0 0 5842
1529 517 517 76 1446 9 55 1505 1505 0 66 7241 1520 1505 370 1505 857 0 1505 1505 1517 1468 258 0 3 1532 163 1515 0 1743 1505 1505 1505 1505 1415 84 643 0 0 1074 84 0 0 421 15 517 1505 354 84 0 1638 42 0 1505 0 1505 1505 1505 116
5969 36 36 209 5224 8 8 6190 6190 8 2 1520 7241 6234 3006 6190 31 8 6190 6190 6190 5957 163 8 8 6184 737 6190 8 2969 6434 6190 6190 6190 5906 12 4346 8 8 2886 12 8 8 21 728 36 6190 8 12 8 6054 388 8 6194 8 6190 6190 6190 23
6842 0 0 173 5859 0 0 7063 7063 0 0 1505 6234 7241 2998 7063 39 0 7063 7063 6202 6682 212 0 0 6213 0 6931 0 2933 6702 7063 7063 7063 6779 0 4346 0 0 2878 0 0 0 0 1601 0 7063 0 0 0 6033 361 0 6828 0 7063 7063 7063 15
3030 0 0 173 2919 2379 2393 2998 2998 2379 1327 370 3006 2998 7241 2998 1 2379 2998 2998 3687 3009 1186 2379 2271 3383 0 3021 2379 805 2998 2998 2998 2998 3005 1753 3791 2379 2379 2647 1753 2379 2379 651 554 0 3021 1328 1753 2379 2998 769 2379 2998 2379 2998 2998 2998 2032
7020 0 0 173 6037 0 0 7241 7241 0 0 1505 6190 7063 2998 7241 0 0 7241 7241 6380 6860 212 0 0 6236 0 7109 0 3101 6702 7241 7241 7241 6957 0 4346 0 0 2878 0 0 0 0 1779 0 7180 0 0 0 6033 361 0 6828 0 7241 7241 7241 15
0 39 39 1612 0 115 109 0 0 109 150 857 31 39 1 0 7241 109 0 0 0 7 139 109 116 13 242 0 109 816 0 0 0 0 7 0 46 109 109 9 0 109 109 890 133 39 0 39 0 109 17 246 109 0 109 0 0 0 109
32 0 0 0 48 6435 5610 0 0 7241 6189 0 8 0 2379 0 109 7241 0 0 689 5 6048 7241 7133 385 0 23 7241 0 0 0 0 0 17 0 1082 7241 7241 4300 0 7241 7241 74 5030 0 23 1330 0 7241 0 5631 7241 0 7241 0 0 0 6894
7020 0 0 173 6037 0 0 7241 7241 0 0 1505 6190 7063 2998 7241 0 0 7241 7241 6380 6860 212 0 0 6236 0 7109 0 3101 6702 7241 7241 7241 6957 0 4346 0 0 2878 0 0 0 0 1779 0 7180 0 0 0 6033 361 0 6828 0 7241 7241 7241 15
7020 0 0 173 6037 0 0 7241 7241 0 0 1505 6190 7063 2998 7241 0 0 7241 7241 6380 6860 212 0 0 6236 0 7109 0 3101 6702 7241 7241 7241 6957 0 4346 0 0 2878 0 0 0 0 1779 0 7180 0 0 0 6033 361 0 6828 0 7241 7241 7241 15
6159 11 11 235 5524 689 689 6380 6380 689 25 1517 6190 6202 3687 6380 0 689 6380 6380 7241 6147 150 689 581 6570 0 6403 689 3112 6192 6380 6380 6380 6096 27 4877 689 689 3567 27 689 689 74 918 11 6319 689 27 689 6033 84 689 6192 689 6380 6380 6380 704
6639 6 6 217 5656 3 5 6860 6860 5 47 1468 5957 6682 3009 6860 7 5 6860 6860 6147 7241 250 5 5 6003 22 6806 5 2981 6469 6860 6860 6860 6576 137 4308 5 5 2761 137 5 5 133 1636 6 6799 20 137 5 5836 266 5 6546 5 6860 6860 6860 20
244 0 0 79 15 5242 4417 212 212 6048 6097 258 163 212 1186 212 139 6048 212 212 150 250 7241 6048 6073 172 0 222 6048 0 212 212 212 212 229 14 371 6048 6048 3107 14 6048 6048 439 5242 0 212 137 14 6048 373 5618 6048 212 6048 212 212 212 5701
32 0 0 0 48 6435 5610 0 0 7241 6189 0 8 0 2379 0 109 7241 0 0 689 5 6048 7241 7133 385 0 23 7241 0 0 0 0 0 17 0 1082 7241 7241 4300 0 7241 7241 74 5030 0 23 1330 0 7241 0 5631 7241 0 7241 0 0 0 6894
32 4 4 4 48 6327 5502 0 0 7133 6196 3 8 0 2271 0 116 7133 0 0 581 5 6073 7133 7241 389 0 23 7133 4 0 0 0 0 17 7 1017 7133 7133 4192 7 7133 7133 77 5030 4 23 1222 7 7133 4 5638 7133 0 7133 0 0 0 6786
6015 14 14 411 5305 385 385 6236 6236 385 28 1532 6184 6213 3383 6236 13 385 6236 6236 6570 6003 172 385 389 7241 4 6259 385 2966 6218 6236 6236 6236 5952 27 4708 385 385 3263 27 385 385 110 774 14 6239 385 27 385 6303 119 385 6218 385 6236 6236 6236 400
15 1051 1051 435 28 2 56 0 0 0 171 163 737 0 0 0 242 0 0 0 0 22 0 0 0 4 7241 0 0 130 306 0 0 0 28 0 29 0 0 22 0 0 0 1856 142 1051 0 836 0 0 2 448 0 0 0 0 0 0 1
6888 8 8 178 5905 23 23 7109 7109 23 2 1515 6190 6931 3021 7109 0 23 7109 7109 6403 6806 222 23 23 6259 0 7241 23 3109 6702 7109 7109 7109 6825 22 4369 23 23 2901 22 23 23 4 1647 8 7048 23 22 23 6035 329 23 6837 23 7109 7109 7109 38
32 0 0 0 48 6435 5610 0 0 7241 6189 0 8 0 2379 0 109 7241 0 0 689 5 6048 7241 7133 385 0 23 7241 0 0 0 0 0 17 0 1082 7241 7241 4300 0 7241 7241 74 5030 0 23 1330 0 7241 0 5631 7241 0 7241 0 0 0 6894
3109 1379 1379 310 3102 5 0 3101 3101 0 3 1743 2969 2933 805 3101 816 0 3101 3101 3112 2981 0 0 4 2966 130 3109 0 7241 2933 3101 3101 3101 2817 6 1501 0 0 2013 6 0 0 26 192 1379 3040 534 6 0 2933 11 0 2934 0 3101 3101 3101 116
6481 0 0 173 5498 0 0 6702 6702 0 0 1505 6434 6702 2998 6702 0 0 6702 6702 6192 6469 212 0 0 6218 306 6702 0 2933 7241 6702 6702 6702 6418 0 4346 0 0 2878 0 0 0 0 1240 0 6702 0 0 0 6033 184 0 6933 0 6702 6702 6702 15
7020 0 0 173 6037 0 0 7241 7241 0 0 1505 6190 7063 2998 7241 0 0 7241 7241 6380 6860 212 0 0 6236 0 7109 0 3101 6702 7241 7241 7241 6957 0 4346 0 0 2878 0 0 0 0 1779 0 7180 0 0 0 6033 361 0 6828 0 7241 7241 7241 15
7020 0 0 173 6037 0 0 7241 7241 0 0 1505 6190 7063 2998 7241 0 0 7241 7241 6380 6860 212 0 0 6236 0 7109 0 3101 6702 7241 7241 7241 6957 0 4346 0 0 2878 0 0 0 0 1779 0 7180 0 0 0 6033 361 0 6828 0 7241 7241 7241 15
7020 0 0 173 6037 0 0 7241 7241 0 0 1505 6190 7063 2998 7241 0 0 7241 7241 6380 6860 212 0 0 6236 0 7109 0 3101 6702 7241 7241 7241 6957 0 4346 0 0 2878 0 0 0 0 1779 0 7180 0 0 0 6033 361 0 6828 0 7241 7241 7241 15
6736 14 14 180 5753 17 24 6957 6957 17 17 1415 5906 6779 3005 6957 7 17 6957 6957 6096 6576 229 17 17 5952 28 6825 17 2817 6418 6957 6957 6957 7241 7 4261 17 17 2594 7 17 17 13 1796 14 6896 14 7 17 5749 378 17 6544 17 6957 6957 6957 32
11 0 0 1905 36 17 14 0 0 0 387 84 12 0 1753 0 0 0 0 0 27 137 14 0 7 27 0 22 0 6 0 0 0 0 7 7241 281 0 0 3 7241 0 0 719 0 0 5 1 7241 0 0 126 0 0 0 0 0 0 3
4125 36 36 188 3640 948 1076 4346 4346 1082 390 643 4346 4346 3791 4346 46 1082 4346 4346 4877 4308 371 1082 1017 4708 29 4369 1082 1501 4346 4346 4346 4346 4261 281 7241 1082 1082 2317 281 1082 1082 535 873 36 4369 743 281 1082 4432 494 1082 4346 1082 4346 4346 4346 1097
32 0 0 0 48 6435 5610 0 0 7241 6189 0 8 0 2379 0 109 7241 0 0 689 5 6048 7241 7133 385 0 23 7241 0 0 0 0 0 17 0 1082 7241 7241 4300 0 7241 7241 74 5030 0 23 1330 0 7241 0 5631 7241 0 7241 0 0 0 6894
32 0 0 0 48 6435 5610 0 0 7241 6189 0 8 0 2379 0 109 7241 0 0 689 5 6048 7241 7133 385 0 23 7241 0 0 0 0 0 17 0 1082 7241 7241 4300 0 7241 7241 74 5030 0 23 1330 0 7241 0 5631 7241 0 7241 0 0 0 6894
2910 1 1 1 2926 3494 4300 2878 2878 4300 3248 1074 2886 2878 2647 2878 9 4300 2878 2878 3567 2761 3107 4300 4192 3263 22 2901 4300 2013 2878 2878 2878 2878 2594 3 2317 4300 4300 7241 3 4300 4300 94 2089 1 2901 1331 3 4300 2878 2690 4300 2878 4300 2878 2878 2878 3953
11 0 0 1905 36 17 14 0 0 0 387 84 12 0 1753 0 0 0 0 0 27 137 14 0 7 27 0 22 0 6 0 0 0 0 7 7241 281 0 0 3 7241 0 0 719 0 0 5 1 7241 0 0 126 0 0 0 0 0 0 3
32 0 0 0 48 6435 5610 0 0 7241 6189 0 8 0 2379 0 109 7241 0 0 689 5 6048 7241 7133 385 0 23 7241 0 0 0 0 0 17 0 1082 7241 7241 4300 0 7241 7241 74 5030 0 23 1330 0 7241 0 5631 7241 0 7241 0 0 0 6894
32 0 0 0 48 6435 5610 0 0 7241 6189 0 8 0 2379 0 109 7241 0 0 689 5 6048 7241 7133 385 0 23 7241 0 0 0 0 0 17 0 1082 7241 7241 4300 0 7241 7241 74 5030 0 23 1330 0 7241 0 5631 7241 0 7241 0 0 0 6894
0 9 9 359 28 154 76 0 0 74 20 421 21 0 651 0 890 74 0 0 74 133 439 74 77 110 1856 4 74 26 0 0 0 0 13 719 535 74 74 94 719 74 74 7241 127 9 0 75 719 74 422 29 74 11 74 0 0 0 74
1638 1 1 0 879 4278 3399 1779 1779 5030 5030 15 728 1601 554 1779 133 5030 1779 1779 918 1636 5242 5030 5030 774 142 1647 5030 192 1240 1779 1779 1779 1796 0 873 5030 5030 2089 0 5030 5030 127 7241 1 1718 20 0 5030 571 5391 5030 1366 5030 1779 1779 1779 5045
5 7241 7241 347 2 5 10 0 0 0 171 517 36 0 0 0 39 0 0 0 11 6 0 0 4 14 1051 8 0 1379 0 0 0 0 14 0 36 0 0 1 0 0 0 9 1 7241 0 3857 0 0 0 12 0 1 0 0 0 0 1
6959 0 0 173 5976 23 23 7180 7180 23 0 1505 6190 7063 3021 7180 0 23 7180 7180 6319 6799 212 23 23 6239 0 7048 23 3040 6702 7180 7180 7180 6896 5 4369 23 23 2901 5 23 23 0 1718 0 7241 23 5 23 6033 365 23 6828 23 7180 7180 7180 38
62 3857 3857 31 167 1331 1340 0 0 1330 278 354 8 0 1328 0 39 1330 0 0 689 20 137 1330 1222 385 836 23 1330 534 0 0 0 0 14 1 743 1330 1330 1331 1 1330 1330 75 20 3857 23 7241 1 1330 0 36 1330 0 1330 0 0 0 1241
11 0 0 1905 36 17 14 0 0 0 387 84 12 0 1753 0 0 0 0 0 27 137 14 0 7 27 0 22 0 6 0 0 0 0 7 7241 281 0 0 3 7241 0 0 719 0 0 5 1 7241 0 0 126 0 0 0 0 0 0 3
32 0 0 0 48 6435 5610 0 0 7241 6189 0 8 0 2379 0 109 7241 0 0 689 5 6048 7241 7133 385 0 23 7241 0 0 0 0 0 17 0 1082 7241 7241 4300 0 7241 7241 74 5030 0 23 1330 0 7241 0 5631 7241 0 7241 0 0 0 6894
5812 0 0 742 5248 0 0 6033 6033 0 128 1638 6054 6033 2998 6033 17 0 6033 6033 6033 5836 373 0 4 6303 2 6035 0 2933 6033 6033 6033 6033 5749 0 4432 0 0 2878 0 0 0 422 571 0 6033 0 0 0 7241 117 0 6033 0 6033 6033 6033 15
299 12 12 129 277 4825 4000 361 361 5631 5695 42 388 361 769 361 246 5631 361 361 84 266 5618 5631 5638 119 448 329 5631 11 184 361 361 361 378 126 494 5631 5631 2690 126 5631 5631 29 5391 12 365 36 126 5631 117 7241 5631 321 5631 361 361 361 5631
32 0 0 0 48 6435 5610 0 0 7241 6189 0 8 0 2379 0 109 7241 0 0 689 5 6048 7241 7133 385 0 23 7241 0 0 0 0 0 17 0 1082 7241 7241 4300 0 7241 7241 74 5030 0 23 1330 0 7241 0 5631 7241 0 7241 0 0 0 6894
6607 1 1 173 5624 0 0 6828 6828 0 0 1505 6194 6828 2998 6828 0 0 6828 6828 6192 6546 212 0 0 6218 0 6837 0 2934 6933 6828 6828 6828 6544 0 4346 0 0 2878 0 0 0 11 1366 1 6828 0 0 0 6033 321 0 7241 0 6828 6828 6828 15
32 0 0 0 48 6435 5610 0 0 7241 6189 0 8 0 2379 0 109 7241 0 0 689 5 6048 7241 7133 385 0 23 7241 0 0 0 0 0 17 0 1082 7241 7241 4300 0 7241 7241 74 5030 0 23 1330 0 7241 0 5631 7241 0 7241 0 0 0 6894
7020 0 0 173 6037 0 0 7241 7241 0 0 1505 6190 7063 2998 7241 0 0 7241 7241 6380 6860 212 0 0 6236 0 7109 0 3101 6702 7241 7241 7241 6957 0 4346 0 0 2878 0 0 0 0 1779 0 7180 0 0 0 6033 361 0 6828 0 7241 7241 7241 15
7020 0 0 173 6037 0 0 7241 7241 0 0 1505 6190 7063 2998 7241 0 0 7241 7241 6380 6860 212 0 0 6236 0 7109 0 3101 6702 7241 7241 7241 6957 0 4346 0 0 2878 0 0 0 0 1779 0 7180 0 0 0 6033 361 0 6828 0 7241 7241 7241 15
7020 0 0 173 6037 0 0 7241 7241 0 0 1505 6190 7063 2998 7241 0 0 7241 7241 6380 6860 212 0 0 6236 0 7109 0 3101 6702 7241 7241 7241 6957 0 4346 0 0 2878 0 0 0 0 1779 0 7180 0 0 0 6033 361 0 6828 0 7241 7241 7241 15
47 1 1 0 84 6088 5263 15 15 6894 5842 116 23 15 2032 15 109 6894 15 15 704 20 5701 6894 6786 400 1 38 6894 116 15 15 15 15 32 3 1097 6894 6894 3953 3 6894 6894 74 5045 1 38 1241 3 6894 15 5631 6894 15 6894 15 15 15 7241
