7594 1069 2076 1476 886 1923 1062 424 0 2147 2155 1046 1284 632 1125 1287 660 533 766 173 106 1854 2280 2835 623 589 1529 935 2255 1149 1231 1954 2030 1303 1699 1539 2249 1755 711 606 911 656 2016 566 2033 1776 1447 1421 229 852 381 590 395 1182 1805 1719 1433 84 401
1069 7594 142 429 398 684 76 500 0 1752 980 0 209 763 58 649 687 90 47 464 28 54 335 760 121 870 446 234 475 1365 702 482 335 1205 798 95 257 1168 445 716 445 1484 723 977 352 780 139 356 18 504 694 566 1132 475 187 616 680 18 973
2076 142 7594 1521 444 1943 351 2650 53 762 1169 37 2403 477 1096 2777 946 952 99 437 734 444 2108 2216 1870 670 1795 691 2603 562 3720 2496 2199 3521 934 1183 2687 1980 2665 37 2665 2665 4022 1039 3123 1103 1967 1183 73 3025 2702 2665 2665 261 2771 2890 4183 1400 2665
1476 429 1521 7594 1434 453 871 1915 489 643 817 385 2123 245 273 1970 438 258 773 171 351 544 945 486 2503 628 462 290 764 243 1816 196 196 1815 466 964 177 269 2334 1325 3107 2067 2609 1046 250 1244 436 269 565 1794 1794 1944 2018 1620 415 954 1811 501 1908
886 398 444 1434 7594 369 1323 545 53 963 228 703 366 1041 326 836 594 282 1250 133 968 400 269 734 1222 41 194 81 520 732 831 352 352 852 154 917 455 352 1573 2576 2827 900 1673 705 352 1061 576 352 824 831 226 1387 904 1123 861 112 854 318 1085
1923 684 1943 453 369 7594 366 144 0 2884 2379 2137 1140 282 2869 729 860 1310 452 260 775 2049 1939 1646 551 760 833 529 1582 705 315 4314 4137 69 3726 4183 4320 4982 365 82 82 280 673 132 4930 1484 4953 4263 110 108 37 214 370 576 2312 1492 648 908 519
1062 76 351 871 1323 366 7594 786 22 230 374 611 447 326 1019 349 115 119 1603 254 1276 1424 590 408 1318 766 502 778 452 41 379 204 426 276 475 215 121 282 381 2011 1311 431 298 1106 363 262 647 125 781 480 987 636 330 1005 423 520 325 941 518
424 500 2650 1915 545 144 786 7594 158 207 826 222 1959 6 761 2319 94 1105 944 281 459 719 250 101 2829 179 674 217 743 55 2992 157 64 2982 535 64 64 426 2982 317 3151 3898 3003 1993 117 242 167 726 136 3168 3151 2982 2982 235 539 401 2991 308 3173
0 0 53 489 53 0 22 158 7594 0 39 21 103 201 0 415 15 164 1 136 0 161 0 452 46 34 0 125 38 0 0 182 754 0 0 0 0 0 0 474 0 0 0 194 0 6 0 720 11 722 0 0 0 0 86 167 0 4 0
2147 1752 762 643 963 2884 230 207 0 7594 3542 2294 273 999 2977 2448 849 479 181 660 173 2037 2649 1734 270 657 1750 662 1577 1528 1564 3057 2943 2149 3773 2580 3331 2800 1170 27 1139 1345 2119 753 2926 1265 2392 2851 201 1734 1210 1149 1929 883 1533 1482 1824 922 1773
2155 980 1169 817 228 2379 374 826 39 3542 7594 2152 226 162 2289 1271 47 693 447 588 258 2230 3426 1843 138 1054 2773 606 1401 1237 945 2847 2623 836 3488 2065 3033 2753 253 140 253 715 1230 347 2664 1183 1785 2340 103 1161 229 253 253 1044 1712 2102 976 553 253
1046 0 37 385 703 2137 611 222 21 2294 2152 7594 289 919 2725 453 575 656 179 258 950 2755 1779 266 417 246 1066 489 126 243 154 2332 2194 113 2305 2351 2248 2283 720 269 191 397 408 210 2342 110 2303 2194 253 311 167 710 877 217 170 324 122 814 688
1284 209 2403 2123 366 1140 447 1959 103 273 226 289 7594 1683 200 1957 1590 732 752 135 71 141 295 922 1830 418 230 176 1624 81 2028 1215 1127 1986 285 1292 1254 1127 2186 368 2160 1981 1994 976 1167 622 1302 1127 663 2026 2227 2068 2048 612 1127 668 2019 243 1957
632 763 477 245 1041 282 326 6 201 999 162 919 1683 7594 261 125 1880 185 84 90 210 35 388 551 237 322 405 154 256 79 156 134 134 443 214 209 326 134 383 597 68 268 231 847 134 1108 134 134 450 68 1053 133 1352 133 156 191 36 424 717
1125 58 1096 273 326 2869 1019 761 0 2977 2289 2725 200 261 7594 889 258 273 548 601 1298 3192 2270 452 881 600 1321 867 548 135 291 3234 2741 215 3113 2597 2836 3377 25 547 131 406 80 842 3460 232 3234 2839 617 227 647 37 37 139 670 1255 417 1555 76
1287 649 2777 1970 836 729 349 2319 415 2448 1271 453 1957 125 889 7594 112 517 326 475 232 292 1409 889 1968 606 1218 409 1375 1007 4181 1744 1534 4058 1599 699 1269 983 3454 37 3454 3454 4136 1120 1246 648 837 1201 211 3909 2624 3454 3454 289 1444 1180 4196 443 3337
660 687 946 438 594 860 115 94 15 849 47 575 1590 1880 258 112 7594 809 639 200 89 67 84 1441 191 283 128 313 897 0 69 1002 1002 444 174 1336 1023 1002 493 22 147 269 298 680 1002 975 1138 1002 963 69 1484 255 1373 277 1069 291 157 34 908
533 90 952 258 282 1310 119 1105 164 479 693 656 732 185 273 517 809 7594 957 404 948 327 241 859 390 1033 1266 841 855 12 71 906 709 103 828 738 664 1227 572 118 131 325 101 99 827 1647 1162 1196 563 361 74 369 352 820 1113 677 120 1062 394
766 47 99 773 1250 452 1603 944 1 181 447 179 752 84 548 326 639 957 7594 19 830 851 179 1187 1641 638 240 620 1111 65 315 171 171 318 325 189 218 171 442 826 1115 320 405 782 171 310 461 413 1394 408 1111 666 388 2219 312 1522 315 566 510
173 464 437 171 133 260 254 281 136 660 588 258 135 90 601 475 200 404 19 7594 800 513 978 373 114 1833 562 422 421 396 273 631 446 670 1127 357 794 1011 495 405 450 438 193 711 592 599 558 729 960 572 174 396 487 622 1159 788 102 1307 85
106 28 734 351 968 775 1276 459 0 173 258 950 71 210 1298 232 89 948 830 800 7594 1338 1045 178 901 1223 614 783 533 178 496 179 99 67 407 235 174 700 92 1155 568 68 187 639 655 1187 906 142 1284 46 315 542 205 1597 396 980 488 2260 333
1854 54 444 544 400 2049 1424 719 161 2037 2230 2755 141 35 3192 292 67 327 851 513 1338 7594 2035 903 745 225 1027 623 139 347 250 2128 1902 28 2325 1852 1845 1950 512 769 111 229 87 728 1907 313 2359 1883 373 47 163 222 10 221 273 527 289 1221 663
2280 335 2108 945 269 1939 590 250 0 2649 3426 1779 295 388 2270 1409 84 241 179 978 1045 2035 7594 2017 611 1753 2744 935 2029 690 1321 3217 2530 895 2788 1514 2914 1766 39 20 121 39 1392 441 2978 1640 1910 1514 897 1042 56 39 39 2385 2644 4187 1712 1760 39
2835 760 2216 486 734 1646 408 101 452 1734 1843 266 922 551 452 889 1441 859 1187 373 178 903 2017 7594 365 789 2148 1059 2776 898 905 2047 2423 1003 1590 1135 2442 1039 128 411 128 54 1638 609 2030 1584 1039 1059 182 736 440 87 404 1362 3133 2427 1190 224 404
623 121 1870 2503 1222 551 1318 2829 46 270 138 417 1830 237 881 1968 191 390 1641 114 901 745 611 365 7594 394 273 323 614 73 2099 210 105 1860 77 384 28 250 1948 521 2400 2078 1856 1816 365 205 919 270 277 1984 2340 1947 1839 556 328 832 2155 743 2169
589 870 670 628 41 760 766 179 34 657 1054 246 418 322 600 606 283 1033 638 1833 1223 225 1753 789 394 7594 627 599 1280 690 86 843 901 200 1155 460 729 1165 237 38 263 254 186 701 860 2270 624 529 1762 546 62 581 666 2339 1181 1575 96 1377 54
1529 446 1795 462 194 833 502 674 0 1750 2773 1066 230 405 1321 1218 128 1266 240 562 614 1027 2744 2148 273 627 7594 885 2062 962 1256 1977 1534 1089 2166 518 1984 1025 233 505 293 412 1736 781 1803 1049 201 1039 189 1190 266 233 233 779 2645 2273 1391 642 161
935 234 691 290 81 529 778 217 125 662 606 489 176 154 867 409 313 841 620 422 783 623 935 1059 323 599 885 7594 894 163 127 518 362 392 1002 119 362 734 60 280 66 44 385 143 726 75 351 342 55 175 251 66 174 912 759 1349 226 798 174
2255 475 2603 764 520 1582 452 743 38 1577 1401 126 1624 256 548 1375 897 855 1111 421 533 139 2029 2776 614 1280 2062 894 7594 818 1042 2096 1968 1392 1537 989 2294 1050 285 478 285 248 1788 396 2030 2004 952 1351 1034 849 285 303 248 1777 2808 2596 1406 459 248
1149 1365 562 243 732 705 41 55 0 1528 1237 243 81 79 135 1007 0 12 65 396 178 347 690 898 73 690 962 163 818 7594 1116 51 198 1150 950 0 550 694 916 149 840 925 1715 311 181 1352 69 0 67 1176 9 898 840 487 742 818 1494 3 699
1231 702 3720 1816 831 315 379 2992 0 1564 945 154 2028 156 291 4181 69 71 315 273 496 250 1321 905 2099 86 1256 127 1042 1116 7594 995 1025 5783 519 147 813 410 4688 37 4688 4926 5187 1025 1238 310 452 309 47 5183 3495 4688 4688 0 1349 1454 6215 417 4231
1954 482 2496 196 352 4314 204 157 182 3057 2847 2332 1215 134 3234 1744 1002 906 171 631 179 2128 3217 2047 210 843 1977 518 2096 51 995 7594 6220 729 4419 4835 5466 5272 0 0 0 395 854 364 6214 608 4743 5220 60 768 37 0 0 0 3377 1833 1132 499 0
2030 335 2199 196 352 4137 426 64 754 2943 2623 2194 1127 134 2741 1534 1002 709 171 446 99 1902 2530 2423 105 901 1534 362 1968 198 1025 6220 7594 876 4017 4835 5429 5075 0 0 0 306 1001 137 6074 755 4544 5082 60 605 37 0 0 0 2960 1407 890 300 0
1303 1205 3521 1815 852 69 276 2982 0 2149 836 113 1986 443 215 4058 444 103 318 670 67 28 895 1003 1860 200 1089 392 1392 1150 5783 729 876 7594 758 49 1053 388 4858 58 4852 5262 5255 1472 859 414 62 257 61 5224 3870 4890 5206 21 1172 1152 5212 293 4355
1699 798 934 466 154 3726 475 535 0 3773 3488 2305 285 214 3113 1599 174 828 325 1127 407 2325 2788 1590 77 1155 2166 1002 1537 950 519 4419 4017 758 7594 3514 4119 4328 103 289 103 188 1001 195 4000 985 3197 3891 314 834 103 103 103 593 2479 1542 1158 676 51
1539 95 1183 964 917 4183 215 64 0 2580 2065 2351 1292 209 2597 699 1336 738 189 357 235 1852 1514 1135 384 460 518 119 989 0 147 4835 4835 49 3514 7594 4542 4835 708 421 707 122 824 27 4835 1230 4539 4835 60 23 149 775 183 236 1890 391 186 300 184
2249 257 2687 177 455 4320 121 64 0 3331 3033 2248 1254 326 2836 1269 1023 664 218 794 174 1845 2914 2442 28 729 1984 362 2294 550 813 5466 5429 1053 4119 4542 7594 4884 178 24 178 194 1169 514 5872 1096 4326 4507 306 514 156 180 273 149 3174 2031 896 782 119
1755 1168 1980 269 352 4982 282 426 0 2800 2753 2283 1127 134 3377 983 1002 1227 171 1011 700 1950 1766 1039 250 1165 1025 734 1050 694 410 5272 5075 388 4328 4835 4884 7594 0 0 60 574 127 316 5856 825 5086 5614 83 125 37 0 0 0 2257 1095 395 1342 0
711 445 2665 2334 1573 365 381 2982 0 1170 253 720 2186 383 25 3454 493 572 442 495 92 512 39 128 1948 237 233 60 285 916 4688 0 0 4858 103 708 178 0 7594 759 5687 4968 5236 1077 0 721 519 0 50 4878 3525 5367 5329 560 228 296 4435 180 5171
606 716 37 1325 2576 82 2011 317 474 27 140 269 368 597 547 37 22 118 826 405 1155 769 20 411 521 38 505 280 478 149 37 0 0 58 289 421 24 0 759 7594 1953 106 756 736 0 769 224 0 916 37 332 535 110 1045 7 154 37 451 250
911 445 2665 3107 2827 82 1311 3151 0 1139 253 191 2160 68 131 3454 147 131 1115 450 568 111 121 128 2400 263 293 66 285 840 4688 0 0 4852 103 707 178 60 5687 1953 7594 4871 5256 1257 33 902 370 60 362 4960 3495 5583 5014 1085 288 338 4508 193 4452
656 1484 2665 2067 900 280 431 3898 0 1345 715 397 1981 268 406 3454 269 325 320 438 68 229 39 54 2078 254 412 44 248 925 4926 395 306 5262 188 122 194 574 4968 106 4871 7594 4483 1136 471 407 536 506 61 4828 3695 4859 5084 232 313 336 4444 290 4411
2016 723 4022 2609 1673 673 298 3003 0 2119 1230 408 1994 231 80 4136 298 101 405 193 187 87 1392 1638 1856 186 1736 385 1788 1715 5187 854 1001 5255 1001 824 1169 127 5236 756 5256 4483 7594 1193 984 1726 119 90 75 4753 3497 5039 4629 988 1605 1799 5599 180 4528
566 977 1039 1046 705 132 1106 1993 194 753 347 210 976 847 842 1120 680 99 782 711 639 728 441 609 1816 701 781 143 396 311 1025 364 137 1472 195 27 514 316 1077 736 1257 1136 1193 7594 362 94 62 193 340 1068 1731 1136 1665 78 642 362 1025 726 1630
2033 352 3123 250 352 4930 363 117 0 2926 2664 2342 1167 134 3460 1246 1002 827 171 592 655 1907 2978 2030 365 860 1803 726 2030 181 1238 6214 6074 859 4000 4835 5872 5856 0 0 33 471 984 362 7594 738 5201 5092 60 307 37 0 0 0 2981 2347 1011 1120 0
1776 780 1103 1244 1061 1484 262 242 6 1265 1183 110 622 1108 232 648 975 1647 310 599 1187 313 1640 1584 205 2270 1049 75 2004 1352 310 608 755 414 985 1230 1096 825 721 769 902 407 1726 94 738 7594 609 523 1884 360 41 523 0 2778 1633 1444 640 1407 215
1447 139 1967 436 576 4953 647 167 0 2392 1785 2303 1302 134 3234 837 1138 1162 461 558 906 2359 1910 1039 919 624 201 351 952 69 452 4743 4544 62 3197 4539 4326 5086 519 224 370 536 119 62 5201 609 7594 4560 62 17 39 201 61 466 1988 1307 638 1449 530
1421 356 1183 269 352 4263 125 726 720 2851 2340 2194 1127 134 2839 1201 1002 1196 413 729 142 1883 1514 1059 270 529 1039 342 1351 0 309 5220 5082 257 3891 4835 4507 5614 0 0 60 506 90 193 5092 523 4560 7594 60 676 37 0 0 34 2432 391 186 518 0
229 18 73 565 824 110 781 136 11 201 103 253 663 450 617 211 963 563 1394 960 1284 373 897 182 277 1762 189 55 1034 67 47 60 60 61 314 60 306 83 50 916 362 61 75 340 60 1884 62 60 7594 83 1084 50 47 1887 537 623 47 1634 119
852 504 3025 1794 831 108 480 3168 722 1734 1161 311 2026 68 227 3909 69 361 408 572 46 47 1042 736 1984 546 1190 175 849 1176 5183 768 605 5224 834 23 514 125 4878 37 4960 4828 4753 1068 307 360 17 676 83 7594 3495 4878 4878 5 1198 894 4906 156 4231
381 694 2702 1794 226 37 987 3151 0 1210 229 167 2227 1053 647 2624 1484 74 1111 174 315 163 56 440 2340 62 266 251 285 9 3495 37 37 3870 103 149 156 37 3525 332 3495 3695 3497 1731 37 41 39 37 1084 3495 7594 3547 4447 111 171 347 3495 298 4041
590 566 2665 1944 1387 214 636 2982 0 1149 253 710 2068 133 37 3454 255 369 666 396 542 222 39 87 1947 581 233 66 303 898 4688 0 0 4890 103 775 180 0 5367 535 5583 4859 5039 1136 0 523 201 0 50 4878 3547 7594 5632 503 228 296 4435 156 4425
395 1132 2665 2018 904 370 330 2982 0 1929 253 877 2048 1352 37 3454 1373 352 388 487 205 10 39 404 1839 666 233 174 248 840 4688 0 0 5206 103 183 273 0 5329 110 5014 5084 4629 1665 0 0 61 0 47 4878 4447 5632 7594 367 228 296 4435 156 5250
1182 475 261 1620 1123 576 1005 235 0 883 1044 217 612 133 139 289 277 820 2219 622 1597 221 2385 1362 556 2339 779 912 1777 487 0 0 0 21 593 236 149 0 560 1045 1085 232 988 78 0 2778 466 34 1887 5 111 503 367 7594 1007 3663 321 2211 145
1805 187 2771 415 861 2312 423 539 86 1533 1712 170 1127 156 670 1444 1069 1113 312 1159 396 273 2644 3133 328 1181 2645 759 2808 742 1349 3377 2960 1172 2479 1890 3174 2257 228 7 288 313 1605 642 2981 1633 1988 2432 537 1198 171 228 228 1007 7594 2381 1429 962 134
1719 616 2890 954 112 1492 520 401 167 1482 2102 324 668 191 1255 1180 291 677 1522 788 980 527 4187 2427 832 1575 2273 1349 2596 818 1454 1833 1407 1152 1542 391 2031 1095 296 154 338 336 1799 362 2347 1444 1307 391 623 894 347 296 296 3663 2381 7594 2045 2287 296
1433 680 4183 1811 854 648 325 2991 0 1824 976 122 2019 36 417 4196 157 120 315 102 488 289 1712 1190 2155 96 1391 226 1406 1494 6215 1132 890 5212 1158 186 896 395 4435 37 4508 4444 5599 1025 1011 640 638 186 47 4906 3495 4435 4435 321 1429 2045 7594 428 4231
84 18 1400 501 318 908 941 308 4 922 553 814 243 424 1555 443 34 1062 566 1307 2260 1221 1760 224 743 1377 642 798 459 3 417 499 300 293 676 300 782 1342 180 451 193 290 180 726 1120 1407 1449 518 1634 156 298 156 156 2211 962 2287 428 7594 209
401 973 2665 1908 1085 519 518 3173 0 1773 253 688 1957 717 76 3337 908 394 510 85 333 663 39 404 2169 54 161 174 248 699 4231 0 0 4355 51 184 119 0 5171 250 4452 4411 4528 1630 0 215 530 0 119 4231 4041 4425 5250 145 134 296 4231 209 7594
