3593 1085 1085 679 1983 462 1085 1085 17 1085 1085 1085 179 180 87 500 1136 332 1983 1085 679 825 1085 208 2014 1085 961 1302 482 50 1085 974 2024 177 1983 1085 796 604 490 4 1085 39 33 1990 733 1085 1085 931 681 420 1085 1924 1085 226 1714 1085 1983 483 656
1085 3593 3593 3010 0 2070 3593 3593 0 3593 3593 3593 0 0 0 3008 0 0 0 3593 2830 563 3593 0 31 3593 66 0 2008 0 3593 1872 559 0 0 3593 2942 0 630 396 3593 0 767 7 2020 3593 3593 2668 3000 2602 3593 0 3593 176 2291 3593 0 2471 846
1085 3593 3593 3010 0 2070 3593 3593 0 3593 3593 3593 0 0 0 3008 0 0 0 3593 2830 563 3593 0 31 3593 66 0 2008 0 3593 1872 559 0 0 3593 2942 0 630 396 3593 0 767 7 2020 3593 3593 2668 3000 2602 3593 0 3593 176 2291 3593 0 2471 846
679 3010 3010 3593 0 1487 3010 3010 1 3010 3010 3010 566 566 298 2425 13 6 0 3010 2830 563 3010 5 31 3010 66 0 1425 7 3010 2436 559 566 0 3010 2988 2 630 402 3010 0 773 7 1437 3010 3010 2085 3028 2019 3010 0 3010 416 1708 3010 0 1888 846
1983 0 0 0 3593 19 0 0 0 0 0 0 0 0 5 120 1809 370 3593 0 0 234 0 162 3105 0 1747 2726 104 0 0 137 2261 19 3053 0 165 970 1948 0 0 0 35 3165 124 0 0 25 2 4 0 2908 0 7 638 0 3593 98 110
462 2070 2070 1487 19 3593 2070 2070 6 2070 2070 2070 63 12 1 2095 19 70 19 2070 1307 21 2070 63 20 2070 85 19 2067 4 2070 349 19 12 19 2070 1419 2 2 2 2070 386 338 70 909 2070 2070 2070 1477 2070 2070 19 2070 12 1575 2070 19 2092 390
1085 3593 3593 3010 0 2070 3593 3593 0 3593 3593 3593 0 0 0 3008 0 0 0 3593 2830 563 3593 0 31 3593 66 0 2008 0 3593 1872 559 0 0 3593 2942 0 630 396 3593 0 767 7 2020 3593 3593 2668 3000 2602 3593 0 3593 176 2291 3593 0 2471 846
1085 3593 3593 3010 0 2070 3593 3593 0 3593 3593 3593 0 0 0 3008 0 0 0 3593 2830 563 3593 0 31 3593 66 0 2008 0 3593 1872 559 0 0 3593 2942 0 630 396 3593 0 767 7 2020 3593 3593 2668 3000 2602 3593 0 3593 176 2291 3593 0 2471 846
17 0 0 1 0 6 0 0 3593 0 0 0 0 0 43 0 0 144 0 0 14 24 0 35 54 0 29 101 71 0 0 33 0 29 1 0 10 0 262 62 0 0 60 0 31 0 0 3 5 0 0 0 0 1 0 0 0 5 7
1085 3593 3593 3010 0 2070 3593 3593 0 3593 3593 3593 0 0 0 3008 0 0 0 3593 2830 563 3593 0 31 3593 66 0 2008 0 3593 1872 559 0 0 3593 2942 0 630 396 3593 0 767 7 2020 3593 3593 2668 3000 2602 3593 0 3593 176 2291 3593 0 2471 846
1085 3593 3593 3010 0 2070 3593 3593 0 3593 3593 3593 0 0 0 3008 0 0 0 3593 2830 563 3593 0 31 3593 66 0 2008 0 3593 1872 559 0 0 3593 2942 0 630 396 3593 0 767 7 2020 3593 3593 2668 3000 2602 3593 0 3593 176 2291 3593 0 2471 846
1085 3593 3593 3010 0 2070 3593 3593 0 3593 3593 3593 0 0 0 3008 0 0 0 3593 2830 563 3593 0 31 3593 66 0 2008 0 3593 1872 559 0 0 3593 2942 0 630 396 3593 0 767 7 2020 3593 3593 2668 3000 2602 3593 0 3593 176 2291 3593 0 2471 846
179 0 0 566 0 63 0 0 0 0 0 0 3593 2336 575 149 1185 4 0 0 7 630 0 2731 160 0 896 77 439 0 0 1253 728 2350 218 0 39 0 0 17 0 6 67 335 615 0 0 814 20 549 0 482 0 2035 0 0 0 179 400
180 0 0 566 0 12 0 0 0 0 0 0 2336 3593 575 34 1185 2 0 0 7 13 0 1718 1 0 896 77 54 0 0 1253 106 2336 2 0 39 0 0 621 0 2 0 0 555 0 0 105 20 1 0 0 0 1866 0 0 0 1 214
87 0 0 298 5 1 0 0 43 0 0 0 575 575 3593 91 308 184 5 0 20 55 0 369 30 0 110 65 489 268 0 383 14 1741 7 0 13 6 35 10 0 82 219 12 332 0 0 20 20 12 0 11 0 531 5 0 5 28 305
500 3008 3008 2425 120 2095 3008 3008 0 3008 3008 3008 149 34 91 3593 120 23 120 3008 2245 63 3008 81 134 3008 186 120 2074 9 3008 1287 95 91 137 3008 2357 60 750 421 3008 5 821 181 1816 3008 3008 2249 2415 2720 3008 61 3008 212 1706 3008 120 2496 370
1136 0 0 13 1809 19 0 0 0 0 0 0 1185 1185 308 120 3593 379 1809 0 7 238 0 1182 1321 0 2569 1487 104 9 0 702 477 1204 1269 0 58 25 879 25 0 0 32 1381 578 0 0 25 140 4 0 1124 0 1155 427 0 1809 98 35
332 0 0 6 370 70 0 0 144 0 0 0 4 2 184 23 379 3593 370 0 0 164 0 97 368 0 402 521 154 343 0 154 262 163 359 0 4 495 301 1835 0 17 1703 355 61 0 0 32 9 16 0 349 0 189 78 0 370 62 132
1983 0 0 0 3593 19 0 0 0 0 0 0 0 0 5 120 1809 370 3593 0 0 234 0 162 3105 0 1747 2726 104 0 0 137 2261 19 3053 0 165 970 1948 0 0 0 35 3165 124 0 0 25 2 4 0 2908 0 7 638 0 3593 98 110
1085 3593 3593 3010 0 2070 3593 3593 0 3593 3593 3593 0 0 0 3008 0 0 0 3593 2830 563 3593 0 31 3593 66 0 2008 0 3593 1872 559 0 0 3593 2942 0 630 396 3593 0 767 7 2020 3593 3593 2668 3000 2602 3593 0 3593 176 2291 3593 0 2471 846
679 2830 2830 2830 0 1307 2830 2830 14 2830 2830 2830 7 7 20 2245 7 0 0 2830 3593 563 2830 7 31 2830 77 0 1245 18 2830 1879 559 7 0 2830 2862 0 630 396 2830 530 767 7 1372 2830 2830 1905 2831 1839 2830 0 2830 189 1528 2830 0 1708 846
825 563 563 563 234 21 563 563 24 563 563 563 630 13 55 63 238 164 234 563 563 3593 563 630 281 563 216 258 148 304 563 577 1227 37 234 563 563 30 12 43 563 0 47 241 302 563 563 1121 563 52 563 349 563 174 771 563 234 120 780
1085 3593 3593 3010 0 2070 3593 3593 0 3593 3593 3593 0 0 0 3008 0 0 0 3593 2830 563 3593 0 31 3593 66 0 2008 0 3593 1872 559 0 0 3593 2942 0 630 396 3593 0 767 7 2020 3593 3593 2668 3000 2602 3593 0 3593 176 2291 3593 0 2471 846
208 0 0 5 162 63 0 0 35 0 0 0 2731 1718 369 81 1182 97 162 0 7 630 0 3593 111 0 1292 239 429 420 0 637 828 1806 317 0 50 91 162 53 0 0 136 191 630 0 0 814 269 305 0 523 0 1809 0 0 162 188 400
2014 31 31 31 3105 20 31 31 54 31 31 31 160 1 30 134 1321 368 3105 31 31 281 31 111 3593 31 1259 2325 106 93 31 168 2256 27 2985 31 196 1025 1460 44 31 0 16 3206 123 31 31 56 33 156 31 2856 31 62 669 31 3105 62 142
1085 3593 3593 3010 0 2070 3593 3593 0 3593 3593 3593 0 0 0 3008 0 0 0 3593 2830 563 3593 0 31 3593 66 0 2008 0 3593 1872 559 0 0 3593 2942 0 630 396 3593 0 767 7 2020 3593 3593 2668 3000 2602 3593 0 3593 176 2291 3593 0 2471 846
961 66 66 66 1747 85 66 66 29 66 66 66 896 896 110 186 2569 402 1747 66 77 216 66 1292 1259 66 3593 1527 170 496 66 438 415 915 1207 66 99 3 914 37 66 38 132 1319 592 66 66 91 265 70 66 1062 66 903 332 66 1747 164 101
1302 0 0 0 2726 19 0 0 101 0 0 0 77 77 65 120 1487 521 2726 0 0 258 0 239 2325 0 1527 3593 71 316 0 28 1548 96 2308 0 165 710 1820 121 0 0 99 2374 124 0 0 25 2 4 0 2163 0 84 408 0 2726 98 88
482 2008 2008 1425 104 2067 2008 2008 71 2008 2008 2008 439 54 489 2074 104 154 104 2008 1245 148 2008 429 106 2008 170 71 3593 216 2008 287 177 343 323 2008 1357 8 5 34 2008 59 306 134 909 2008 2008 2207 1415 2305 2008 514 2008 44 1599 2008 104 2015 532
50 0 0 7 0 4 0 0 0 0 0 0 0 0 268 9 9 343 0 0 18 304 0 420 93 0 496 316 216 3593 0 135 21 15 1 0 111 0 159 0 0 0 28 72 71 0 0 5 296 6 0 133 0 8 337 0 0 46 7
1085 3593 3593 3010 0 2070 3593 3593 0 3593 3593 3593 0 0 0 3008 0 0 0 3593 2830 563 3593 0 31 3593 66 0 2008 0 3593 1872 559 0 0 3593 2942 0 630 396 3593 0 767 7 2020 3593 3593 2668 3000 2602 3593 0 3593 176 2291 3593 0 2471 846
974 1872 1872 2436 137 349 1872 1872 33 1872 1872 1872 1253 1253 383 1287 702 154 137 1872 1879 577 1872 637 168 1872 438 28 287 135 1872 3593 696 1253 137 1872 1911 137 814 550 1872 0 905 144 1657 1872 1872 947 1892 881 1872 137 1872 1079 730 1872 137 750 858
2024 559 559 559 2261 19 559 559 0 559 559 559 728 106 14 95 477 262 2261 559 559 1227 559 828 2256 559 415 1548 177 21 559 696 3593 133 2261 559 724 977 1119 20 559 0 19 2268 394 559 559 1233 561 52 559 2307 559 272 968 559 2261 120 935
177 0 0 566 19 12 0 0 29 0 0 0 2350 2336 1741 91 1204 163 19 0 7 37 0 1806 27 0 915 96 343 15 0 1253 133 3593 2 0 39 7 19 4 0 0 180 7 742 0 0 136 20 13 0 21 0 1878 0 0 19 24 477
1983 0 0 0 3053 19 0 0 1 0 0 0 218 2 7 137 1269 359 3053 0 0 234 0 317 2985 0 1207 2308 323 1 0 137 2261 2 3593 0 165 974 1408 2 0 241 38 3074 161 0 0 27 2 222 0 3073 0 11 638 0 3053 74 105
1085 3593 3593 3010 0 2070 3593 3593 0 3593 3593 3593 0 0 0 3008 0 0 0 3593 2830 563 3593 0 31 3593 66 0 2008 0 3593 1872 559 0 0 3593 2942 0 630 396 3593 0 767 7 2020 3593 3593 2668 3000 2602 3593 0 3593 176 2291 3593 0 2471 846
796 2942 2942 2988 165 1419 2942 2942 10 2942 2942 2942 39 39 13 2357 58 4 165 2942 2862 563 2942 50 196 2942 99 165 1357 111 2942 1911 724 39 165 2942 3593 170 795 400 2942 32 771 172 1374 2942 2942 2017 3058 1951 2942 165 2942 176 1640 2942 165 1820 846
604 0 0 2 970 2 0 0 0 0 0 0 0 0 6 60 25 495 970 0 0 30 0 91 1025 0 3 710 8 0 0 137 977 7 974 0 170 3593 595 753 0 0 114 976 45 0 0 34 2 10 0 980 0 693 300 0 970 32 199
490 630 630 630 1948 2 630 630 262 630 630 630 0 0 35 750 879 301 1948 630 630 12 630 162 1460 630 914 1820 5 159 630 814 1119 19 1408 630 795 595 3593 459 630 0 595 1520 752 630 630 93 632 493 630 1263 630 1 3 630 1948 417 122
4 396 396 402 0 2 396 396 62 396 396 396 17 621 10 421 25 1835 0 396 396 43 396 53 44 396 37 121 34 0 396 550 20 4 2 396 400 753 459 3593 396 2 1738 0 441 396 396 27 405 157 396 17 396 104 99 396 0 39 4
1085 3593 3593 3010 0 2070 3593 3593 0 3593 3593 3593 0 0 0 3008 0 0 0 3593 2830 563 3593 0 31 3593 66 0 2008 0 3593 1872 559 0 0 3593 2942 0 630 396 3593 0 767 7 2020 3593 3593 2668 3000 2602 3593 0 3593 176 2291 3593 0 2471 846
39 0 0 0 0 386 0 0 0 0 0 0 6 2 82 5 0 17 0 0 530 0 0 0 0 0 38 0 59 0 0 0 0 0 241 0 32 0 0 2 0 3593 0 6 36 0 0 0 1 83 0 6 0 59 0 0 0 5 0
33 767 767 773 35 338 767 767 60 767 767 767 67 0 219 821 32 1703 35 767 767 47 767 136 16 767 132 99 306 28 767 905 19 180 38 767 771 114 595 1738 767 0 3593 62 759 767 767 468 776 923 767 86 767 13 9 767 35 808 362
1990 7 7 7 3165 70 7 7 0 7 7 7 335 0 12 181 1381 355 3165 7 7 241 7 191 3206 7 1319 2374 134 72 7 144 2268 7 3074 7 172 976 1520 0 7 6 62 3593 130 7 7 25 9 270 7 2953 7 13 645 7 3165 115 117
733 2020 2020 1437 124 909 2020 2020 31 2020 2020 2020 615 555 332 1816 578 61 124 2020 1372 302 2020 630 123 2020 592 124 909 71 2020 1657 394 742 161 2020 1374 45 752 441 2020 36 759 130 3593 2020 2020 1341 1427 1479 2020 163 2020 648 956 2020 124 1315 523
1085 3593 3593 3010 0 2070 3593 3593 0 3593 3593 3593 0 0 0 3008 0 0 0 3593 2830 563 3593 0 31 3593 66 0 2008 0 3593 1872 559 0 0 3593 2942 0 630 396 3593 0 767 7 2020 3593 3593 2668 3000 2602 3593 0 3593 176 2291 3593 0 2471 846
1085 3593 3593 3010 0 2070 3593 3593 0 3593 3593 3593 0 0 0 3008 0 0 0 3593 2830 563 3593 0 31 3593 66 0 2008 0 3593 1872 559 0 0 3593 2942 0 630 396 3593 0 767 7 2020 3593 3593 2668 3000 2602 3593 0 3593 176 2291 3593 0 2471 846
931 2668 2668 2085 25 2070 2668 2668 3 2668 2668 2668 814 105 20 2249 25 32 25 2668 1905 1121 2668 814 56 2668 91 25 2207 5 2668 947 1233 136 27 2668 2017 34 93 27 2668 0 468 25 1341 2668 2668 3593 2075 2272 2668 196 2668 294 2077 2668 25 2309 1110
681 3000 3000 3028 2 1477 3000 3000 5 3000 3000 3000 20 20 20 2415 140 9 2 3000 2831 563 3000 269 33 3000 265 2 1415 296 3000 1892 561 20 2 3000 3058 2 632 405 3000 1 776 9 1427 3000 3000 2075 3593 2009 3000 2 3000 176 1698 3000 2 1878 846
420 2602 2602 2019 4 2070 2602 2602 0 2602 2602 2602 549 1 12 2720 4 16 4 2602 1839 52 2602 305 156 2602 70 4 2305 6 2602 881 52 13 222 2602 1951 10 493 157 2602 83 923 270 1479 2602 2602 2272 2009 3593 2602 357 2602 7 1587 2602 4 2511 414
1085 3593 3593 3010 0 2070 3593 3593 0 3593 3593 3593 0 0 0 3008 0 0 0 3593 2830 563 3593 0 31 3593 66 0 2008 0 3593 1872 559 0 0 3593 2942 0 630 396 3593 0 767 7 2020 3593 3593 2668 3000 2602 3593 0 3593 176 2291 3593 0 2471 846
1924 0 0 0 2908 19 0 0 0 0 0 0 482 0 11 61 1124 349 2908 0 0 349 0 523 2856 0 1062 2163 514 133 0 137 2307 21 3073 0 165 980 1263 17 0 6 86 2953 163 0 0 196 2 357 0 3593 0 16 635 0 2908 158 124
1085 3593 3593 3010 0 2070 3593 3593 0 3593 3593 3593 0 0 0 3008 0 0 0 3593 2830 563 3593 0 31 3593 66 0 2008 0 3593 1872 559 0 0 3593 2942 0 630 396 3593 0 767 7 2020 3593 3593 2668 3000 2602 3593 0 3593 176 2291 3593 0 2471 846
226 176 176 416 7 12 176 176 1 176 176 176 2035 1866 531 212 1155 189 7 176 189 174 176 1809 62 176 903 84 44 8 176 1079 272 1878 11 176 176 693 1 104 176 59 13 13 648 176 176 294 176 7 176 16 176 3593 108 176 7 32 237
1714 2291 2291 1708 638 1575 2291 2291 0 2291 2291 2291 0 0 5 1706 427 78 638 2291 1528 771 2291 0 669 2291 332 408 1599 337 2291 730 968 0 638 2291 1640 300 3 99 2291 0 9 645 956 2291 2291 2077 1698 1587 2291 635 2291 108 3593 2291 638 1579 625
1085 3593 3593 3010 0 2070 3593 3593 0 3593 3593 3593 0 0 0 3008 0 0 0 3593 2830 563 3593 0 31 3593 66 0 2008 0 3593 1872 559 0 0 3593 2942 0 630 396 3593 0 767 7 2020 3593 3593 2668 3000 2602 3593 0 3593 176 2291 3593 0 2471 846
1983 0 0 0 3593 19 0 0 0 0 0 0 0 0 5 120 1809 370 3593 0 0 234 0 162 3105 0 1747 2726 104 0 0 137 2261 19 3053 0 165 970 1948 0 0 0 35 3165 124 0 0 25 2 4 0 2908 0 7 638 0 3593 98 110
483 2471 2471 1888 98 2092 2471 2471 5 2471 2471 2471 179 1 28 2496 98 62 98 2471 1708 120 2471 188 62 2471 164 98 2015 46 2471 750 120 24 74 2471 1820 32 417 39 2471 5 808 115 1315 2471 2471 2309 1878 2511 2471 158 2471 32 1579 2471 98 3593 320
656 846 846 846 110 390 846 846 7 846 846 846 400 214 305 370 35 132 110 846 846 780 846 400 142 846 101 88 532 7 846 858 935 477 105 846 846 199 122 4 846 0 362 117 523 846 846 1110 846 414 846 124 846 237 625 846 110 320 3593
