2270 1953 15 1004 270 4 0 1953 1953 1670 1263 10 924 28 1953 43 959 19 1953 3 118 1534 188 1477 0 1953 66 693 0 1646 1136 1595 1105 1659 1420 0 1953 883 1755 27 1298 25 0 1953 102 1953 426 707 52 40 63 1457 621 322 1007 1744 1953 0 1607
1953 2270 11 1057 278 4 0 2270 2270 1987 1221 0 908 0 2270 42 999 6 2270 3 61 1851 16 1794 43 2270 213 564 0 1963 1453 1912 967 1976 1737 0 2270 1131 2072 0 1615 0 0 2270 9 2270 426 678 0 0 21 1774 611 622 1185 2061 2270 0 1924
15 11 2270 5 465 3 0 11 11 17 32 0 87 15 11 461 36 5 11 139 399 6 148 5 342 11 42 349 0 11 27 13 16 35 64 0 11 78 16 5 33 141 0 11 365 11 12 11 103 100 342 13 308 0 74 11 11 0 49
1004 1057 5 2270 962 1 696 1057 1057 1057 727 10 12 44 1057 718 57 697 1057 699 32 1233 862 1125 709 1057 36 709 696 1057 240 1057 165 763 1057 696 1057 244 1057 43 1057 6 696 1057 33 1057 1122 338 98 741 12 561 584 79 15 1145 1057 0 1057
270 278 465 962 2270 58 933 278 278 278 272 0 111 56 278 888 89 937 278 939 411 454 957 346 1223 278 15 780 933 278 21 278 185 14 278 933 278 188 278 12 278 46 933 278 354 278 1045 420 145 737 483 22 633 12 77 366 278 0 278
4 4 3 1 58 2270 1395 4 4 89 729 67 4 2 4 95 503 111 4 982 75 5 621 7 270 4 410 4 1395 4 80 4 4 4 5 1395 4 691 4 2 364 7 1395 4 2 4 634 8 59 8 1 166 59 982 601 4 4 1268 4
0 0 0 696 933 1395 2270 0 0 0 586 46 0 0 0 919 499 986 0 1857 73 176 1391 68 1145 0 408 0 2270 0 76 0 0 0 0 2270 0 811 0 0 0 0 2270 0 0 0 1509 85 0 736 89 162 0 978 597 88 0 1268 0
1953 2270 11 1057 278 4 0 2270 2270 1987 1221 0 908 0 2270 42 999 6 2270 3 61 1851 16 1794 43 2270 213 564 0 1963 1453 1912 967 1976 1737 0 2270 1131 2072 0 1615 0 0 2270 9 2270 426 678 0 0 21 1774 611 622 1185 2061 2270 0 1924
1953 2270 11 1057 278 4 0 2270 2270 1987 1221 0 908 0 2270 42 999 6 2270 3 61 1851 16 1794 43 2270 213 564 0 1963 1453 1912 967 1976 1737 0 2270 1131 2072 0 1615 0 0 2270 9 2270 426 678 0 0 21 1774 611 622 1185 2061 2270 0 1924
1670 1987 17 1057 278 89 0 1987 1987 2270 938 9 625 40 1987 42 716 6 1987 3 98 1832 16 1809 43 1987 253 564 0 1997 1170 1927 684 1693 1743 0 1987 972 1988 107 1632 8 0 1987 67 1987 426 679 1 0 30 1491 626 622 902 1866 1987 0 1884
1263 1221 32 727 272 729 586 1221 1221 938 2270 80 562 40 1221 94 1086 0 1221 589 34 802 152 745 90 1221 54 700 586 914 688 863 703 927 763 586 1221 884 1023 3 762 19 586 1221 31 1221 671 333 46 8 17 725 582 460 1078 1113 1221 586 875
10 0 0 10 0 67 46 0 0 9 80 2270 45 0 0 13 328 315 0 57 427 2 61 39 71 0 4 18 46 0 27 3 47 0 47 46 0 70 14 0 1 0 46 0 394 0 6 42 227 47 846 45 47 59 54 0 0 46 2
924 908 87 12 111 4 0 908 908 625 562 45 2270 535 908 128 928 67 908 3 126 489 25 432 140 908 88 101 0 601 908 550 955 908 375 0 908 706 710 8 253 391 0 908 102 908 0 381 154 92 108 985 98 238 908 699 908 0 562
28 0 15 44 56 2 0 0 0 40 40 0 535 2270 0 18 13 76 0 0 547 13 77 12 50 0 1210 42 0 181 0 17 61 0 34 0 0 0 8 25 10 396 0 0 300 0 0 60 53 4 11 1 9 3 17 0 0 0 26
1953 2270 11 1057 278 4 0 2270 2270 1987 1221 0 908 0 2270 42 999 6 2270 3 61 1851 16 1794 43 2270 213 564 0 1963 1453 1912 967 1976 1737 0 2270 1131 2072 0 1615 0 0 2270 9 2270 426 678 0 0 21 1774 611 622 1185 2061 2270 0 1924
43 42 461 718 888 95 919 42 42 42 94 13 128 18 42 2270 115 886 42 1052 2 218 807 110 851 42 213 2 919 42 96 42 39 66 42 919 42 272 42 0 42 0 919 42 54 42 863 230 9 755 91 44 7 115 115 130 42 94 42
959 999 36 57 89 503 499 999 999 716 1086 328 928 13 999 115 2270 294 999 511 361 580 12 523 24 999 175 93 499 692 1036 641 907 999 466 499 999 1141 801 134 344 0 499 999 303 999 249 385 166 9 85 975 75 600 1424 790 999 488 653
19 6 5 697 937 111 986 6 6 6 0 315 67 76 6 886 294 2270 6 996 306 182 776 74 1056 6 76 4 986 6 6 6 16 6 6 986 6 130 6 538 6 12 986 6 293 6 1037 96 231 748 145 15 203 6 6 94 6 0 6
1953 2270 11 1057 278 4 0 2270 2270 1987 1221 0 908 0 2270 42 999 6 2270 3 61 1851 16 1794 43 2270 213 564 0 1963 1453 1912 967 1976 1737 0 2270 1131 2072 0 1615 0 0 2270 9 2270 426 678 0 0 21 1774 611 622 1185 2061 2270 0 1924
3 3 139 699 939 982 1857 3 3 3 589 57 3 0 3 1052 511 996 3 2270 87 179 978 71 1146 3 0 3 1857 3 95 3 8 3 3 1857 3 826 3 15 3 18 1857 3 14 3 1316 87 10 754 103 105 3 565 632 91 3 855 3
118 61 399 32 411 75 73 61 61 98 34 427 126 547 61 2 361 306 61 87 2270 68 286 80 495 61 576 763 73 205 61 81 324 61 104 73 61 55 72 51 56 32 73 61 1372 61 93 138 478 8 752 106 575 90 79 47 61 56 87
1534 1851 6 1233 454 5 176 1851 1851 1832 802 2 489 13 1851 218 580 182 1851 179 68 2270 192 1888 219 1851 226 631 176 1831 1034 1856 548 1557 1762 176 1851 1038 1832 5 1616 5 176 1851 14 1851 602 791 15 176 23 1355 636 624 766 1818 1851 0 1831
188 16 148 862 957 621 1391 16 16 16 152 61 25 77 16 807 12 776 16 978 286 192 2270 84 916 16 491 518 1391 16 13 16 332 16 16 1391 16 412 16 0 16 3 1391 16 301 16 969 280 108 748 339 178 170 631 128 104 16 619 16
1477 1794 5 1125 346 7 68 1794 1794 1809 745 39 432 12 1794 110 523 74 1794 71 80 1888 84 2270 111 1794 225 588 68 1797 977 1991 491 1500 1801 68 1794 925 1822 2 1618 183 68 1794 36 1794 494 754 6 68 60 1298 808 628 709 1741 1794 0 1861
0 43 342 709 1223 270 1145 43 43 43 90 71 140 50 43 851 24 1056 43 1146 495 219 916 111 2270 43 33 366 1145 43 61 43 22 109 43 1145 43 154 43 2 43 18 1145 43 299 43 1151 85 170 736 504 44 315 43 28 131 43 143 43
1953 2270 11 1057 278 4 0 2270 2270 1987 1221 0 908 0 2270 42 999 6 2270 3 61 1851 16 1794 43 2270 213 564 0 1963 1453 1912 967 1976 1737 0 2270 1131 2072 0 1615 0 0 2270 9 2270 426 678 0 0 21 1774 611 622 1185 2061 2270 0 1924
66 213 42 36 15 410 408 213 213 253 54 4 88 1210 213 213 175 76 213 0 576 226 491 225 33 213 2270 18 408 394 213 230 25 213 247 408 213 278 221 0 223 28 408 213 300 213 196 191 12 4 11 275 4 624 148 213 213 408 239
693 564 349 709 780 4 0 564 564 564 700 18 101 42 564 2 93 4 564 3 763 631 518 588 366 564 18 2270 0 678 34 564 470 270 664 0 564 127 564 21 573 9 0 564 758 564 354 445 311 7 432 68 1028 74 49 564 564 0 619
0 0 0 696 933 1395 2270 0 0 0 586 46 0 0 0 919 499 986 0 1857 73 176 1391 68 1145 0 408 0 2270 0 76 0 0 0 0 2270 0 811 0 0 0 0 2270 0 0 0 1509 85 0 736 89 162 0 978 597 88 0 1268 0
1646 1963 11 1057 278 4 0 1963 1963 1997 914 0 601 181 1963 42 692 6 1963 3 205 1831 16 1797 43 1963 394 678 0 2270 1146 1912 660 1669 1729 0 1963 947 1962 6 1615 0 0 1963 136 1963 426 696 0 0 21 1467 611 622 878 1841 1963 0 1949
1136 1453 27 240 21 80 76 1453 1453 1170 688 27 908 0 1453 96 1036 6 1453 95 61 1034 13 977 61 1453 213 34 76 1146 2270 1095 926 1599 920 76 1453 1114 1255 0 798 0 76 1453 9 1453 108 432 3 0 250 1453 31 698 1246 1244 1453 76 1107
1595 1912 13 1057 278 4 0 1912 1912 1927 863 3 550 17 1912 42 641 6 1912 3 81 1856 16 1991 43 1912 230 564 0 1912 1095 2270 609 1618 1901 0 1912 939 1986 4 1615 87 0 1912 26 1912 426 697 53 0 24 1416 939 735 827 1791 1912 0 2014
1105 967 16 165 185 4 0 967 967 684 703 47 955 61 967 39 907 16 967 8 324 548 332 491 22 967 25 470 0 660 926 609 2270 918 434 0 967 740 769 9 312 26 0 967 371 967 11 562 106 22 151 919 173 223 1054 758 967 0 621
1659 1976 35 763 14 4 0 1976 1976 1693 927 0 908 0 1976 66 999 6 1976 3 61 1557 16 1500 109 1976 213 270 0 1669 1599 1618 918 2270 1443 0 1976 1063 1778 56 1321 0 0 1976 9 1976 328 432 3 0 116 1774 317 622 1185 1767 1976 0 1630
1420 1737 64 1057 278 5 0 1737 1737 1743 763 47 375 34 1737 42 466 6 1737 3 104 1762 16 1801 43 1737 247 664 0 1729 920 1901 434 1443 2270 0 1737 798 1781 25 1616 2 0 1737 137 1737 426 706 50 0 68 1241 788 711 652 1703 1737 0 1797
0 0 0 696 933 1395 2270 0 0 0 586 46 0 0 0 919 499 986 0 1857 73 176 1391 68 1145 0 408 0 2270 0 76 0 0 0 0 2270 0 811 0 0 0 0 2270 0 0 0 1509 85 0 736 89 162 0 978 597 88 0 1268 0
1953 2270 11 1057 278 4 0 2270 2270 1987 1221 0 908 0 2270 42 999 6 2270 3 61 1851 16 1794 43 2270 213 564 0 1963 1453 1912 967 1976 1737 0 2270 1131 2072 0 1615 0 0 2270 9 2270 426 678 0 0 21 1774 611 622 1185 2061 2270 0 1924
883 1131 78 244 188 691 811 1131 1131 972 884 70 706 0 1131 272 1141 130 1131 826 55 1038 412 925 154 1131 278 127 811 947 1114 939 740 1063 798 811 1131 2270 1057 0 678 0 811 1131 9 1131 225 575 0 124 45 1202 122 1205 1495 1098 1131 687 966
1755 2072 16 1057 278 4 0 2072 2072 1988 1023 14 710 8 2072 42 801 6 2072 3 72 1832 16 1822 43 2072 221 564 0 1962 1255 1986 769 1778 1781 0 2072 1057 2270 8 1623 0 0 2072 14 2072 426 684 28 0 35 1576 685 670 987 1951 2072 0 1895
27 0 5 43 12 2 0 0 0 107 3 0 8 25 0 0 134 538 0 15 51 5 0 2 2 0 0 21 0 6 0 4 9 56 25 0 0 0 8 2270 0 19 0 0 172 0 51 22 1 12 0 1 243 9 29 0 0 0 2
1298 1615 33 1057 278 364 0 1615 1615 1632 762 1 253 10 1615 42 344 6 1615 3 56 1616 16 1618 43 1615 223 573 0 1615 798 1615 312 1321 1616 0 1615 678 1623 0 2270 7 0 1615 18 1615 426 571 16 0 22 1119 611 622 530 1615 1615 2 1616
25 0 141 6 46 7 0 0 0 8 19 0 391 396 0 0 0 12 0 18 32 5 3 183 18 0 28 9 0 0 0 87 26 0 2 0 0 0 0 19 7 2270 0 0 72 0 0 223 107 836 15 29 97 14 34 0 0 0 82
0 0 0 696 933 1395 2270 0 0 0 586 46 0 0 0 919 499 986 0 1857 73 176 1391 68 1145 0 408 0 2270 0 76 0 0 0 0 2270 0 811 0 0 0 0 2270 0 0 0 1509 85 0 736 89 162 0 978 597 88 0 1268 0
1953 2270 11 1057 278 4 0 2270 2270 1987 1221 0 908 0 2270 42 999 6 2270 3 61 1851 16 1794 43 2270 213 564 0 1963 1453 1912 967 1976 1737 0 2270 1131 2072 0 1615 0 0 2270 9 2270 426 678 0 0 21 1774 611 622 1185 2061 2270 0 1924
102 9 365 33 354 2 0 9 9 67 31 394 102 300 9 54 303 293 9 14 1372 14 301 36 299 9 300 758 0 136 9 26 371 9 137 0 9 9 14 172 18 72 0 9 2270 9 20 150 346 74 624 54 442 14 27 9 9 0 34
1953 2270 11 1057 278 4 0 2270 2270 1987 1221 0 908 0 2270 42 999 6 2270 3 61 1851 16 1794 43 2270 213 564 0 1963 1453 1912 967 1976 1737 0 2270 1131 2072 0 1615 0 0 2270 9 2270 426 678 0 0 21 1774 611 622 1185 2061 2270 0 1924
426 426 12 1122 1045 634 1509 426 426 426 671 6 0 0 426 863 249 1037 426 1316 93 602 969 494 1151 426 196 354 1509 426 108 426 11 328 426 1509 426 225 426 51 426 0 1509 426 20 426 2270 142 0 736 109 126 406 217 158 514 426 507 426
707 678 11 338 420 8 85 678 678 679 333 42 381 60 678 230 385 96 678 87 138 791 280 754 85 678 191 445 85 696 432 697 562 432 706 85 678 575 684 22 571 223 85 678 150 678 142 2270 91 347 55 443 328 304 474 725 678 0 696
52 0 103 98 145 59 0 0 0 1 46 227 154 53 0 9 166 231 0 10 478 15 108 6 170 0 12 311 0 0 3 53 106 3 50 0 0 0 28 1 16 107 0 0 346 0 0 91 2270 153 272 70 250 28 4 0 0 0 36
40 0 100 741 737 8 736 0 0 0 8 47 92 4 0 755 9 748 0 754 8 176 748 68 736 0 4 7 736 0 0 0 22 0 0 736 0 124 0 12 0 836 736 0 74 0 736 347 153 2270 58 37 15 0 30 88 0 16 0
63 21 342 12 483 1 89 21 21 30 17 846 108 11 21 91 85 145 21 103 752 23 339 60 504 21 11 432 89 21 250 24 151 116 68 89 21 45 35 0 22 15 89 21 624 21 109 55 272 58 2270 66 357 34 39 21 21 0 23
1457 1774 13 561 22 166 162 1774 1774 1491 725 45 985 1 1774 44 975 15 1774 105 106 1355 178 1298 44 1774 275 68 162 1467 1453 1416 919 1774 1241 162 1774 1202 1576 1 1119 29 162 1774 54 1774 126 443 70 37 66 2270 115 784 1176 1565 1774 162 1428
621 611 308 584 633 59 0 611 611 626 582 47 98 9 611 7 75 203 611 3 575 636 170 808 315 611 4 1028 0 611 31 939 173 317 788 0 611 122 685 243 611 97 0 611 442 611 406 328 250 15 357 115 2270 270 44 611 611 0 725
322 622 0 79 12 982 978 622 622 622 460 59 238 3 622 115 600 6 622 565 90 624 631 628 43 622 624 74 978 622 698 735 223 622 711 978 622 1205 670 9 622 14 978 622 14 622 217 304 28 0 34 784 270 2270 975 622 622 978 664
1007 1185 74 15 77 601 597 1185 1185 902 1078 54 908 17 1185 115 1424 6 1185 632 79 766 128 709 28 1185 148 49 597 878 1246 827 1054 1185 652 597 1185 1495 987 29 530 34 597 1185 27 1185 158 474 4 30 39 1176 44 975 2270 976 1185 597 839
1744 2061 11 1145 366 4 88 2061 2061 1866 1113 0 699 0 2061 130 790 94 2061 91 47 1818 104 1741 131 2061 213 564 88 1841 1244 1791 758 1767 1703 88 2061 1098 1951 0 1615 0 88 2061 9 2061 514 725 0 88 21 1565 611 622 976 2270 2061 0 1763
1953 2270 11 1057 278 4 0 2270 2270 1987 1221 0 908 0 2270 42 999 6 2270 3 61 1851 16 1794 43 2270 213 564 0 1963 1453 1912 967 1976 1737 0 2270 1131 2072 0 1615 0 0 2270 9 2270 426 678 0 0 21 1774 611 622 1185 2061 2270 0 1924
0 0 0 0 0 1268 1268 0 0 0 586 46 0 0 0 94 488 0 0 855 56 0 619 0 143 0 408 0 1268 0 76 0 0 0 0 1268 0 687 0 0 2 0 1268 0 0 0 507 0 0 16 0 162 0 978 597 0 0 2270 0
1607 1924 49 1057 278 4 0 1924 1924 1884 875 2 562 26 1924 42 653 6 1924 3 87 1831 16 1861 43 1924 239 619 0 1949 1107 2014 621 1630 1797 0 1924 966 1895 2 1616 82 0 1924 34 1924 426 696 36 0 23 1428 725 664 839 1763 1924 0 2270
