3164 1091 173 327 0 156 716 156 0 2537 0 0 1085 0 556 1872 156 177 297 107 574 156 524 2537 5 2537 302 56 213 156 0 700 156 0 156 24 521 189 2537 279 2537 48 245 472 862 1266 0 2537 2537 0 0 184 156 10 0 229 156 156 2024
1091 3164 1105 0 0 1830 772 1830 1830 1297 1206 0 510 493 6 686 992 1383 2062 209 78 646 122 1297 1916 1297 166 1 183 1830 0 1098 836 0 1830 17 566 332 1387 248 1297 0 638 546 451 931 0 1297 1297 0 0 90 413 999 22 46 701 639 1410
173 1105 3164 213 0 1817 1371 1762 1412 159 432 0 1379 2083 80 240 2563 1817 1726 79 180 2327 963 159 1773 159 907 226 892 1817 957 757 1778 0 1817 440 619 63 172 0 159 0 830 1005 309 361 478 159 159 821 22 253 2139 2564 147 304 1548 2365 173
327 0 213 3164 0 0 840 0 0 721 1537 0 488 619 2668 798 2 415 67 1015 2705 459 551 721 0 721 93 621 4 0 2420 13 665 0 0 2556 43 97 566 0 490 28 20 1231 796 1230 2420 721 721 77 0 1041 679 217 1789 1174 0 457 94
0 0 0 0 3164 0 0 0 0 0 0 3164 245 0 226 0 0 0 0 1639 0 0 1241 0 0 0 742 155 984 0 0 0 0 3164 0 0 0 0 0 0 0 0 276 0 134 0 479 0 0 2343 0 1412 0 0 0 1068 1026 0 405
156 1830 1817 0 0 3164 321 3109 2298 0 1410 0 1759 1356 6 121 2324 2715 2806 53 145 1909 84 0 2924 0 48 252 1353 3164 0 785 2051 0 3164 17 509 172 90 0 0 0 1216 66 129 255 0 0 0 0 0 175 1721 2039 22 46 2009 1947 113
716 772 1371 840 0 321 3164 321 317 766 204 0 330 1680 603 494 1067 321 589 72 542 1524 1463 766 321 766 998 78 94 321 1584 289 1075 0 321 1067 362 17 779 35 766 0 154 1656 547 1121 1105 766 766 821 0 378 1727 1282 437 742 321 1522 780
156 1830 1762 0 0 3109 321 3164 2318 0 1410 0 1704 1301 6 121 2269 2660 2751 53 145 1854 84 0 2869 0 48 243 1298 3109 0 785 1996 0 3109 17 507 126 90 0 0 0 1161 66 129 255 0 0 0 0 0 175 1666 1984 22 46 1954 1892 113
0 1830 1412 0 0 2298 317 2318 3164 0 1232 0 959 1380 6 121 1458 1849 2308 38 79 1043 84 0 2219 0 48 49 487 2298 0 785 1278 0 2298 17 329 140 90 0 0 0 624 66 93 186 0 0 0 0 0 175 855 1319 22 46 1143 1081 113
2537 1297 159 721 0 0 766 0 0 3164 0 0 1075 0 742 2491 0 415 232 270 829 0 524 3164 161 3164 302 34 57 0 0 739 105 0 0 136 322 320 3009 248 2933 28 212 546 1087 1755 0 3164 3164 0 0 184 0 146 0 256 0 0 2230
0 1206 432 1537 0 1410 204 1410 1232 0 3164 0 240 161 1543 58 570 961 1233 898 1616 200 77 0 1331 0 160 532 331 1410 1537 324 559 0 1410 1554 322 120 90 14 0 0 291 717 723 196 1537 0 0 0 150 672 399 431 1172 884 255 194 113
0 0 0 0 3164 0 0 0 0 0 0 3164 245 0 226 0 0 0 0 1639 0 0 1241 0 0 0 742 155 984 0 0 0 0 3164 0 0 0 0 0 0 0 0 276 0 134 0 479 0 0 2343 0 1412 0 0 0 1068 1026 0 405
1085 510 1379 488 245 1759 330 1704 959 1075 240 245 3164 1370 970 1196 1764 1895 1442 340 761 1719 42 1075 1598 1075 57 253 1413 1759 51 753 1739 245 1759 104 241 119 1075 0 1075 28 1150 75 735 869 287 1075 1075 9 0 462 1671 1618 46 265 2000 1764 661
0 493 2083 619 0 1356 1680 1301 1380 0 161 0 1370 3164 382 121 2102 1356 1366 38 396 2514 1304 0 1356 0 885 142 759 1356 1363 443 2110 0 1356 846 186 63 13 0 0 0 766 1429 298 644 884 0 0 821 0 175 2639 2317 275 683 1356 2557 14
556 6 80 2668 226 6 603 6 6 742 1543 226 970 382 3164 819 2 181 73 1241 2777 222 314 742 6 742 1 603 230 6 2183 225 344 226 6 2244 43 96 742 0 742 28 249 994 1055 1086 2408 742 742 1 0 1267 442 1 1685 1371 226 220 320
1872 686 240 798 0 121 494 121 121 2491 58 0 1196 121 819 3164 121 536 138 303 906 94 424 2491 282 2491 299 45 121 121 77 544 226 0 121 213 281 178 2336 271 2260 120 115 649 920 1467 77 2491 2491 0 128 186 121 267 77 333 121 121 1557
156 992 2563 2 0 2324 1067 2269 1458 0 570 0 1764 2102 2 121 3164 2324 1966 53 163 2655 830 0 2163 0 794 252 1353 2324 746 757 2033 0 2324 229 505 63 13 0 0 0 1151 812 306 255 267 0 0 746 0 175 2467 2785 72 304 2009 2693 14
177 1383 1817 415 0 2715 321 2660 1849 415 961 0 1895 1356 181 536 2324 3164 2357 53 440 1909 84 415 2554 415 48 281 1353 2715 0 770 1897 0 2715 141 509 135 260 0 184 28 1170 66 150 670 0 415 415 0 0 175 1721 2039 22 46 2009 1947 113
297 2062 1726 67 0 2806 589 2751 2308 232 1233 0 1442 1366 73 138 1966 2357 3164 34 177 1551 84 232 2658 232 98 206 995 2806 67 785 1785 0 2806 84 569 172 322 0 232 0 1227 106 341 449 67 232 232 0 0 242 1363 1758 89 46 1651 1589 345
107 209 79 1015 1639 53 72 53 38 270 898 1639 340 38 1241 303 53 53 34 3164 1015 53 90 270 214 270 830 494 1025 53 1015 102 123 1639 53 1015 0 69 270 2 270 0 351 134 382 157 1494 270 270 818 0 2280 53 199 1015 179 1079 53 675
574 78 180 2705 0 145 542 145 79 829 1616 0 761 396 2777 906 163 440 177 1015 3164 302 328 829 58 829 39 594 67 145 2122 189 392 0 145 2147 100 97 803 0 712 28 136 1008 1029 1204 2083 829 829 39 0 966 522 46 1589 1392 66 300 94
156 646 2327 459 0 1909 1524 1854 1043 0 200 0 1719 2514 222 94 2655 1909 1551 53 302 3164 1287 0 1748 0 885 242 1159 1909 1203 596 2410 0 1909 686 187 63 13 0 0 0 922 1224 306 553 724 0 0 821 0 175 2879 2724 278 523 1909 3106 14
524 122 963 551 1241 84 1463 84 84 524 77 1241 42 1304 314 424 830 84 84 90 328 1287 3164 524 84 524 1060 20 4 84 1295 84 819 1241 84 778 0 0 537 0 524 0 3 1295 353 533 816 524 524 2062 0 172 1285 1045 290 1683 84 1285 538
2537 1297 159 721 0 0 766 0 0 3164 0 0 1075 0 742 2491 0 415 232 270 829 0 524 3164 161 3164 302 34 57 0 0 739 105 0 0 136 322 320 3009 248 2933 28 212 546 1087 1755 0 3164 3164 0 0 184 0 146 0 256 0 0 2230
5 1916 1773 0 0 2924 321 2869 2219 161 1331 0 1598 1356 6 282 2163 2554 2658 214 58 1748 84 161 3164 161 48 201 1192 2924 0 884 1890 0 2924 17 509 239 225 0 161 0 1145 142 265 278 0 161 161 0 0 175 1560 2170 22 46 1848 1786 274
2537 1297 159 721 0 0 766 0 0 3164 0 0 1075 0 742 2491 0 415 232 270 829 0 524 3164 161 3164 302 34 57 0 0 739 105 0 0 136 322 320 3009 248 2933 28 212 546 1087 1755 0 3164 3164 0 0 184 0 146 0 256 0 0 2230
302 166 907 93 742 48 998 48 48 302 160 742 57 885 1 299 794 48 98 830 39 885 1060 302 48 302 3164 5 154 48 837 220 419 742 48 320 14 0 315 18 302 0 68 839 251 251 358 302 302 1563 955 663 885 885 45 294 237 885 316
56 1 226 621 155 252 78 243 49 34 532 155 253 142 603 45 252 281 206 494 594 242 20 34 201 34 5 3164 244 252 592 20 268 155 252 611 194 452 16 129 46 40 252 39 290 61 592 34 34 155 263 456 252 201 592 121 252 252 7
213 183 892 4 984 1353 94 1298 487 57 331 984 1413 759 230 121 1353 1353 995 1025 67 1159 4 57 1192 57 154 244 3164 1353 4 128 1111 984 1353 4 347 67 57 333 57 58 1015 70 117 73 483 57 57 163 0 1098 1204 1207 20 4 2196 1204 462
156 1830 1817 0 0 3164 321 3109 2298 0 1410 0 1759 1356 6 121 2324 2715 2806 53 145 1909 84 0 2924 0 48 252 1353 3164 0 785 2051 0 3164 17 509 172 90 0 0 0 1216 66 129 255 0 0 0 0 0 175 1721 2039 22 46 2009 1947 113
0 0 957 2420 0 0 1584 0 0 0 1537 0 51 1363 2183 77 746 0 67 1015 2122 1203 1295 0 0 0 837 592 4 0 3164 0 824 0 0 2647 0 0 13 0 0 0 1 1975 952 509 2685 0 0 821 0 1041 1423 961 1834 1416 0 1201 14
700 1098 757 13 0 785 289 785 785 739 324 0 753 443 225 544 757 770 785 102 189 596 84 739 884 739 220 20 128 785 0 3164 490 0 785 137 180 629 753 434 726 188 138 264 346 274 0 739 739 0 441 73 363 804 22 284 651 589 483
156 836 1778 665 0 2051 1075 1996 1278 105 559 0 1739 2110 344 226 2033 1897 1785 123 392 2410 819 105 1890 105 419 268 1111 2051 824 490 3164 0 2051 767 190 129 46 0 0 0 946 820 129 691 731 105 105 355 0 245 2382 2067 383 277 1749 2453 14
0 0 0 0 3164 0 0 0 0 0 0 3164 245 0 226 0 0 0 0 1639 0 0 1241 0 0 0 742 155 984 0 0 0 0 3164 0 0 0 0 0 0 0 0 276 0 134 0 479 0 0 2343 0 1412 0 0 0 1068 1026 0 405
156 1830 1817 0 0 3164 321 3109 2298 0 1410 0 1759 1356 6 121 2324 2715 2806 53 145 1909 84 0 2924 0 48 252 1353 3164 0 785 2051 0 3164 17 509 172 90 0 0 0 1216 66 129 255 0 0 0 0 0 175 1721 2039 22 46 2009 1947 113
24 17 440 2556 0 17 1067 17 17 136 1554 0 104 846 2244 213 229 141 84 1015 2147 686 778 136 17 136 320 611 4 17 2647 137 767 0 17 3164 59 7 62 185 62 212 20 1458 752 645 2647 136 136 304 184 1041 906 444 1900 1130 0 684 5
521 566 619 43 0 509 362 507 329 322 322 0 241 186 43 281 505 509 569 0 100 187 0 322 509 322 14 194 347 509 0 180 190 0 509 59 3164 10 322 196 322 92 371 225 84 265 0 322 322 0 488 10 186 374 24 14 198 187 284
189 332 63 97 0 172 17 126 140 320 120 0 119 63 96 178 63 135 172 69 97 63 0 320 239 320 0 452 67 172 0 629 129 0 172 7 10 3164 320 258 320 132 140 200 88 194 0 320 320 0 474 2 63 130 0 0 63 63 285
2537 1387 172 566 0 90 779 90 90 3009 90 0 1075 13 742 2336 13 260 322 270 803 13 537 3009 225 3009 315 16 57 90 13 753 46 0 90 62 322 320 3164 248 2933 28 212 559 1100 1600 0 3009 3009 13 0 184 13 159 11 269 0 13 2230
279 248 0 0 0 0 35 0 0 248 14 0 0 0 0 271 0 0 0 2 0 0 0 248 0 248 18 129 333 0 0 434 0 0 0 185 196 258 248 3164 248 396 3 250 244 87 0 248 248 0 489 3 0 0 0 0 0 0 250
2537 1297 159 490 0 0 766 0 0 2933 0 0 1075 0 742 2260 0 184 232 270 712 0 524 2933 161 2933 302 46 57 0 0 726 0 0 0 62 322 320 2933 248 3164 28 212 546 1087 1524 0 2933 2933 0 0 184 0 146 0 256 0 0 2230
48 0 0 28 0 0 0 0 0 28 0 0 28 0 28 120 0 28 0 0 28 0 0 28 0 28 0 40 58 0 0 188 0 0 0 212 92 132 28 396 28 3164 16 72 2 500 0 28 28 0 401 75 0 0 0 0 0 0 0
245 638 830 20 276 1216 154 1161 624 212 291 276 1150 766 249 115 1151 1170 1227 351 136 922 3 212 1145 212 68 252 1015 1216 1 138 946 276 1216 20 371 140 212 3 212 16 3164 30 263 359 276 212 212 1 164 276 942 937 25 14 1264 944 549
472 546 1005 1231 0 66 1656 66 66 546 717 0 75 1429 994 649 812 66 106 134 1008 1224 1295 546 142 546 839 39 70 66 1975 264 820 0 66 1458 225 200 559 250 546 72 30 3164 872 863 1496 546 546 821 2 13 1489 1103 645 1295 66 1267 560
862 451 309 796 134 129 547 129 93 1087 723 134 735 298 1055 920 306 150 341 382 1029 306 353 1087 265 1087 251 290 117 129 952 346 129 134 129 752 84 88 1100 244 1087 2 263 872 3164 577 751 1087 1087 335 51 136 323 427 552 1159 105 306 737
1266 931 361 1230 0 255 1121 255 186 1755 196 0 869 644 1086 1467 255 670 449 157 1204 553 533 1755 278 1755 251 61 73 255 509 274 691 0 255 645 265 194 1600 87 1524 500 359 863 577 3164 509 1755 1755 0 0 39 763 319 203 660 254 551 959
0 0 478 2420 479 0 1105 0 0 0 1537 479 287 884 2408 77 267 0 67 1494 2083 724 816 0 0 0 358 592 483 0 2685 0 731 479 0 2647 0 0 0 0 0 0 276 1496 751 509 3164 0 0 342 0 1520 944 482 1834 1122 479 722 405
2537 1297 159 721 0 0 766 0 0 3164 0 0 1075 0 742 2491 0 415 232 270 829 0 524 3164 161 3164 302 34 57 0 0 739 105 0 0 136 322 320 3009 248 2933 28 212 546 1087 1755 0 3164 3164 0 0 184 0 146 0 256 0 0 2230
2537 1297 159 721 0 0 766 0 0 3164 0 0 1075 0 742 2491 0 415 232 270 829 0 524 3164 161 3164 302 34 57 0 0 739 105 0 0 136 322 320 3009 248 2933 28 212 546 1087 1755 0 3164 3164 0 0 184 0 146 0 256 0 0 2230
0 0 821 77 2343 0 821 0 0 0 0 2343 9 821 1 0 746 0 0 818 39 821 2062 0 0 0 1563 155 163 0 821 0 355 2343 0 304 0 0 13 0 0 0 1 821 335 0 342 0 0 3164 0 591 821 821 45 1362 205 821 14
0 0 22 0 0 0 0 0 0 0 150 0 0 0 0 128 0 0 0 0 0 0 0 0 0 0 955 263 0 0 0 441 0 0 0 184 488 474 0 489 0 401 164 2 51 0 0 0 0 0 3164 73 0 0 0 0 0 0 0
184 90 253 1041 1412 175 378 175 175 184 672 1412 462 175 1267 186 175 175 242 2280 966 175 172 184 175 184 663 456 1098 175 1041 73 245 1412 175 1041 10 2 184 3 184 75 276 13 136 39 1520 184 184 591 73 3164 186 175 1041 0 1201 175 589
156 413 2139 679 0 1721 1727 1666 855 0 399 0 1671 2639 442 121 2467 1721 1363 53 522 2879 1285 0 1560 0 885 252 1204 1721 1423 363 2382 0 1721 906 186 63 13 0 0 0 942 1489 323 763 944 0 0 821 0 186 3164 2536 275 743 1721 2922 14
10 999 2564 217 0 2039 1282 1984 1319 146 431 0 1618 2317 1 267 2785 2039 1758 199 46 2724 1045 146 2170 146 885 201 1207 2039 961 804 2067 0 2039 444 374 130 159 0 146 0 937 1103 427 319 482 146 146 821 0 175 2536 3164 151 295 1863 2762 160
0 22 147 1789 0 22 437 22 22 0 1172 0 46 275 1685 77 72 22 89 1015 1589 278 290 0 22 0 45 592 20 22 1834 22 383 0 22 1900 24 0 11 0 0 0 25 645 552 203 1834 0 0 45 0 1041 275 151 3164 681 28 288 27
229 46 304 1174 1068 46 742 46 46 256 884 1068 265 683 1371 333 304 46 46 179 1392 523 1683 256 46 256 294 121 4 46 1416 284 277 1068 46 1130 14 0 269 0 256 0 14 1295 1159 660 1122 256 256 1362 0 0 743 295 681 3164 0 521 123
156 701 1548 0 1026 2009 321 1954 1143 0 255 1026 2000 1356 226 121 2009 2009 1651 1079 66 1909 84 0 1848 0 237 252 2196 2009 0 651 1749 1026 2009 0 198 63 0 0 0 0 1264 66 105 254 479 0 0 205 0 1201 1721 1863 28 0 3164 1947 405
156 639 2365 457 0 1947 1522 1892 1081 0 194 0 1764 2557 220 121 2693 1947 1589 53 300 3106 1285 0 1786 0 885 252 1204 1947 1201 589 2453 0 1947 684 187 63 13 0 0 0 944 1267 306 551 722 0 0 821 0 175 2922 2762 288 521 1947 3164 14
2024 1410 173 94 405 113 780 113 113 2230 113 405 661 14 320 1557 14 113 345 675 94 14 538 2230 274 2230 316 7 462 113 14 483 14 405 113 5 284 285 2230 250 2230 0 549 560 737 959 405 2230 2230 14 0 589 14 160 27 123 405 14 3164
