7211 0 0 0 7211 0 0 7211 7211 2 0 7211 7211 7211 3438 5522 326 498 7211 7211 7211 5984 0 0 0 7211 0 5716 0 7211 7211 7211 5107 4695 7211 64 0 0 0 7211 0 2306 1850 0 0 6 7211 0 41 8 7211 0 0 7211 0 880 7211 7211 0
0 7211 7097 3576 0 0 3 0 0 5 6 0 0 0 1 65 394 92 0 0 0 37 0 0 0 0 1080 8 0 0 0 0 139 55 0 73 1 10 2 0 0 20 10 0 0 6690 0 7211 2 25 0 0 0 0 0 132 0 0 0
0 7097 7211 3470 0 0 3 0 0 5 6 0 0 0 1 65 394 92 0 0 0 37 0 0 0 0 1096 8 0 0 0 0 139 55 0 73 1 10 2 0 0 20 10 0 0 6759 0 7097 2 0 0 0 0 0 0 132 0 0 0
0 3576 3470 7211 0 3 195 0 0 25 0 0 0 0 0 26 0 91 0 0 0 36 3 3 3 0 935 46 3 0 0 0 24 38 0 49 48 13 36 0 18 91 563 18 3 3493 0 3576 20 28 0 3 3 0 3 193 0 0 3
7211 0 0 0 7211 0 0 7211 7211 2 0 7211 7211 7211 3438 5522 326 498 7211 7211 7211 5984 0 0 0 7211 0 5716 0 7211 7211 7211 5107 4695 7211 64 0 0 0 7211 0 2306 1850 0 0 6 7211 0 41 8 7211 0 0 7211 0 880 7211 7211 0
0 0 0 3 0 7211 14 0 0 7032 7134 0 0 0 50 511 103 4198 0 0 0 7 7211 7211 7211 0 0 325 7211 0 0 0 978 157 0 167 5418 5608 6858 0 0 1514 4038 0 7211 0 0 0 0 7125 0 7211 7211 0 7211 4210 0 0 7211
0 3 3 195 0 14 7211 0 0 13 18 0 0 0 46 234 162 167 0 0 0 0 14 14 14 0 0 14 14 0 0 0 14 22 0 117 14 14 14 0 2 40 40 2 14 42 0 3 2 14 0 14 14 0 14 14 0 0 14
7211 0 0 0 7211 0 0 7211 7211 2 0 7211 7211 7211 3438 5522 326 498 7211 7211 7211 5984 0 0 0 7211 0 5716 0 7211 7211 7211 5107 4695 7211 64 0 0 0 7211 0 2306 1850 0 0 6 7211 0 41 8 7211 0 0 7211 0 880 7211 7211 0
7211 0 0 0 7211 0 0 7211 7211 2 0 7211 7211 7211 3438 5522 326 498 7211 7211 7211 5984 0 0 0 7211 0 5716 0 7211 7211 7211 5107 4695 7211 64 0 0 0 7211 0 2306 1850 0 0 6 7211 0 41 8 7211 0 0 7211 0 880 7211 7211 0
2 5 5 25 2 7032 13 2 2 7211 6955 2 2 2 52 513 111 4200 2 2 2 9 7032 7032 7032 2 0 290 7032 2 2 2 799 159 2 168 5239 5429 6679 2 7 1500 4040 7 7032 7 2 5 7 6946 2 7032 7032 2 7032 4031 2 2 7032
0 6 6 0 0 7134 18 0 0 6955 7211 0 0 0 50 511 103 4198 0 0 0 7 7134 7134 7134 0 0 248 7134 0 0 0 901 157 0 167 5341 5531 6781 0 0 1437 4038 0 7134 0 0 6 0 7048 0 7134 7134 0 7134 4133 0 0 7134
7211 0 0 0 7211 0 0 7211 7211 2 0 7211 7211 7211 3438 5522 326 498 7211 7211 7211 5984 0 0 0 7211 0 5716 0 7211 7211 7211 5107 4695 7211 64 0 0 0 7211 0 2306 1850 0 0 6 7211 0 41 8 7211 0 0 7211 0 880 7211 7211 0
7211 0 0 0 7211 0 0 7211 7211 2 0 7211 7211 7211 3438 5522 326 498 7211 7211 7211 5984 0 0 0 7211 0 5716 0 7211 7211 7211 5107 4695 7211 64 0 0 0 7211 0 2306 1850 0 0 6 7211 0 41 8 7211 0 0 7211 0 880 7211 7211 0
7211 0 0 0 7211 0 0 7211 7211 2 0 7211 7211 7211 3438 5522 326 498 7211 7211 7211 5984 0 0 0 7211 0 5716 0 7211 7211 7211 5107 4695 7211 64 0 0 0 7211 0 2306 1850 0 0 6 7211 0 41 8 7211 0 0 7211 0 880 7211 7211 0
3438 1 1 0 3438 50 46 3438 3438 52 50 3438 3438 3438 7211 2193 818 473 3438 3438 3438 3330 50 50 50 3438 300 2043 50 3438 3438 3438 1434 922 3438 115 50 662 50 3438 51 56 1331 51 50 7 3438 1 51 8 3438 50 50 3438 50 776 3438 3438 50
5522 65 65 26 5522 511 234 5522 5522 513 511 5522 5522 5522 2193 7211 320 520 5522 5522 5522 4437 511 511 511 5522 26 4027 511 5522 5522 5522 3495 3841 5522 203 511 511 511 5522 130 2543 1347 130 511 71 5522 65 171 519 5522 511 511 5522 511 349 5522 5522 511
326 394 394 0 326 103 162 326 326 111 103 326 326 326 818 320 7211 424 326 326 326 353 103 103 103 326 335 52 103 326 326 326 49 497 326 354 103 1064 116 326 2099 227 242 2099 103 394 326 394 2140 111 326 103 103 326 103 624 326 326 103
498 92 92 91 498 4198 167 498 498 4200 4198 498 498 498 473 520 424 7211 498 498 498 498 4198 4198 4198 498 26 36 4198 498 498 498 0 517 498 344 2405 2595 3845 498 18 1042 3568 18 4198 99 498 92 59 4206 498 4198 4198 498 4198 2332 498 498 4198
7211 0 0 0 7211 0 0 7211 7211 2 0 7211 7211 7211 3438 5522 326 498 7211 7211 7211 5984 0 0 0 7211 0 5716 0 7211 7211 7211 5107 4695 7211 64 0 0 0 7211 0 2306 1850 0 0 6 7211 0 41 8 7211 0 0 7211 0 880 7211 7211 0
7211 0 0 0 7211 0 0 7211 7211 2 0 7211 7211 7211 3438 5522 326 498 7211 7211 7211 5984 0 0 0 7211 0 5716 0 7211 7211 7211 5107 4695 7211 64 0 0 0 7211 0 2306 1850 0 0 6 7211 0 41 8 7211 0 0 7211 0 880 7211 7211 0
7211 0 0 0 7211 0 0 7211 7211 2 0 7211 7211 7211 3438 5522 326 498 7211 7211 7211 5984 0 0 0 7211 0 5716 0 7211 7211 7211 5107 4695 7211 64 0 0 0 7211 0 2306 1850 0 0 6 7211 0 41 8 7211 0 0 7211 0 880 7211 7211 0
5984 37 37 36 5984 7 0 5984 5984 9 7 5984 5984 5984 3330 4437 353 498 5984 5984 5984 7211 7 7 7 5984 0 4489 7 5984 5984 5984 3906 3600 5984 150 112 7 7 5984 178 1218 1751 178 7 43 5984 37 219 15 5984 7 7 5984 7 1165 5984 5984 7
0 0 0 3 0 7211 14 0 0 7032 7134 0 0 0 50 511 103 4198 0 0 0 7 7211 7211 7211 0 0 325 7211 0 0 0 978 157 0 167 5418 5608 6858 0 0 1514 4038 0 7211 0 0 0 0 7125 0 7211 7211 0 7211 4210 0 0 7211
0 0 0 3 0 7211 14 0 0 7032 7134 0 0 0 50 511 103 4198 0 0 0 7 7211 7211 7211 0 0 325 7211 0 0 0 978 157 0 167 5418 5608 6858 0 0 1514 4038 0 7211 0 0 0 0 7125 0 7211 7211 0 7211 4210 0 0 7211
0 0 0 3 0 7211 14 0 0 7032 7134 0 0 0 50 511 103 4198 0 0 0 7 7211 7211 7211 0 0 325 7211 0 0 0 978 157 0 167 5418 5608 6858 0 0 1514 4038 0 7211 0 0 0 0 7125 0 7211 7211 0 7211 4210 0 0 7211
7211 0 0 0 7211 0 0 7211 7211 2 0 7211 7211 7211 3438 5522 326 498 7211 7211 7211 5984 0 0 0 7211 0 5716 0 7211 7211 7211 5107 4695 7211 64 0 0 0 7211 0 2306 1850 0 0 6 7211 0 41 8 7211 0 0 7211 0 880 7211 7211 0
0 1080 1096 935 0 0 0 0 0 0 0 0 0 0 300 26 335 26 0 0 0 0 0 0 0 0 7211 5 0 0 0 0 24 17 0 123 411 62 0 0 123 0 15 123 0 1127 0 1080 125 0 0 0 0 0 0 23 0 0 0
5716 8 8 46 5716 325 14 5716 5716 290 248 5716 5716 5716 2043 4027 52 36 5716 5716 5716 4489 325 325 325 5716 5 7211 325 5716 5716 5716 5309 4377 5716 3 325 325 325 5716 15 2633 1318 15 325 8 5716 8 15 239 5716 325 325 5716 325 1205 5716 5716 325
0 0 0 3 0 7211 14 0 0 7032 7134 0 0 0 50 511 103 4198 0 0 0 7 7211 7211 7211 0 0 325 7211 0 0 0 978 157 0 167 5418 5608 6858 0 0 1514 4038 0 7211 0 0 0 0 7125 0 7211 7211 0 7211 4210 0 0 7211
7211 0 0 0 7211 0 0 7211 7211 2 0 7211 7211 7211 3438 5522 326 498 7211 7211 7211 5984 0 0 0 7211 0 5716 0 7211 7211 7211 5107 4695 7211 64 0 0 0 7211 0 2306 1850 0 0 6 7211 0 41 8 7211 0 0 7211 0 880 7211 7211 0
7211 0 0 0 7211 0 0 7211 7211 2 0 7211 7211 7211 3438 5522 326 498 7211 7211 7211 5984 0 0 0 7211 0 5716 0 7211 7211 7211 5107 4695 7211 64 0 0 0 7211 0 2306 1850 0 0 6 7211 0 41 8 7211 0 0 7211 0 880 7211 7211 0
7211 0 0 0 7211 0 0 7211 7211 2 0 7211 7211 7211 3438 5522 326 498 7211 7211 7211 5984 0 0 0 7211 0 5716 0 7211 7211 7211 5107 4695 7211 64 0 0 0 7211 0 2306 1850 0 0 6 7211 0 41 8 7211 0 0 7211 0 880 7211 7211 0
5107 139 139 24 5107 978 14 5107 5107 799 901 5107 5107 5107 1434 3495 49 0 5107 5107 5107 3906 978 978 978 5107 24 5309 978 5107 5107 5107 7211 4285 5107 56 978 978 981 5107 12 2673 894 12 978 139 5107 139 12 892 5107 978 978 5107 978 1858 5107 5107 978
4695 55 55 38 4695 157 22 4695 4695 159 157 4695 4695 4695 922 3841 497 517 4695 4695 4695 3600 157 157 157 4695 17 4377 157 4695 4695 4695 4285 7211 4695 993 157 157 196 4695 23 4090 688 23 157 60 4695 55 64 165 4695 157 157 4695 157 831 4695 4695 157
7211 0 0 0 7211 0 0 7211 7211 2 0 7211 7211 7211 3438 5522 326 498 7211 7211 7211 5984 0 0 0 7211 0 5716 0 7211 7211 7211 5107 4695 7211 64 0 0 0 7211 0 2306 1850 0 0 6 7211 0 41 8 7211 0 0 7211 0 880 7211 7211 0
64 73 73 49 64 167 117 64 64 168 167 64 64 64 115 203 354 344 64 64 64 150 167 167 167 64 123 3 167 64 64 64 56 993 64 7211 171 187 75 64 5185 968 45 5185 167 77 64 73 5108 167 64 167 167 64 167 179 64 64 167
0 1 1 48 0 5418 14 0 0 5239 5341 0 0 0 50 511 103 2405 0 0 0 112 5418 5418 5418 0 411 325 5418 0 0 0 978 157 0 171 7211 4977 5065 0 4 503 2245 4 5418 1 0 1 4 5332 0 5418 5418 0 5418 2924 0 0 5418
0 10 10 13 0 5608 14 0 0 5429 5531 0 0 0 662 511 1064 2595 0 0 0 7 5608 5608 5608 0 62 325 5608 0 0 0 978 157 0 187 4977 7211 5255 0 20 1134 2435 20 5608 10 0 10 20 5522 0 5608 5608 0 5608 3260 0 0 5608
0 2 2 36 0 6858 14 0 0 6679 6781 0 0 0 50 511 116 3845 0 0 0 7 6858 6858 6858 0 0 325 6858 0 0 0 981 196 0 75 5065 5255 7211 0 13 1561 3813 13 6858 2 0 2 13 6772 0 6858 6858 0 6858 3857 0 0 6858
7211 0 0 0 7211 0 0 7211 7211 2 0 7211 7211 7211 3438 5522 326 498 7211 7211 7211 5984 0 0 0 7211 0 5716 0 7211 7211 7211 5107 4695 7211 64 0 0 0 7211 0 2306 1850 0 0 6 7211 0 41 8 7211 0 0 7211 0 880 7211 7211 0
0 0 0 18 0 0 2 0 0 7 0 0 0 0 51 130 2099 18 0 0 0 178 0 0 0 0 123 15 0 0 0 0 12 23 0 5185 4 20 13 0 7211 45 40 7211 0 0 0 0 7134 0 0 0 0 0 0 12 0 0 0
2306 20 20 91 2306 1514 40 2306 2306 1500 1437 2306 2306 2306 56 2543 227 1042 2306 2306 2306 1218 1514 1514 1514 2306 0 2633 1514 2306 2306 2306 2673 4090 2306 968 503 1134 1561 2306 45 7211 1203 45 1514 37 2306 20 45 1428 2306 1514 1514 2306 1514 1039 2306 2306 1514
1850 10 10 563 1850 4038 40 1850 1850 4040 4038 1850 1850 1850 1331 1347 242 3568 1850 1850 1850 1751 4038 4038 4038 1850 15 1318 4038 1850 1850 1850 894 688 1850 45 2245 2435 3813 1850 40 1203 7211 40 4038 43 1850 10 43 4038 1850 4038 4038 1850 4038 1724 1850 1850 4038
0 0 0 18 0 0 2 0 0 7 0 0 0 0 51 130 2099 18 0 0 0 178 0 0 0 0 123 15 0 0 0 0 12 23 0 5185 4 20 13 0 7211 45 40 7211 0 0 0 0 7134 0 0 0 0 0 0 12 0 0 0
0 0 0 3 0 7211 14 0 0 7032 7134 0 0 0 50 511 103 4198 0 0 0 7 7211 7211 7211 0 0 325 7211 0 0 0 978 157 0 167 5418 5608 6858 0 0 1514 4038 0 7211 0 0 0 0 7125 0 7211 7211 0 7211 4210 0 0 7211
6 6690 6759 3493 6 0 42 6 6 7 0 6 6 6 7 71 394 99 6 6 6 43 0 0 0 6 1127 8 0 6 6 6 139 60 6 77 1 10 2 6 0 37 43 0 0 7211 6 6690 2 0 6 0 0 6 0 132 6 6 0
7211 0 0 0 7211 0 0 7211 7211 2 0 7211 7211 7211 3438 5522 326 498 7211 7211 7211 5984 0 0 0 7211 0 5716 0 7211 7211 7211 5107 4695 7211 64 0 0 0 7211 0 2306 1850 0 0 6 7211 0 41 8 7211 0 0 7211 0 880 7211 7211 0
0 7211 7097 3576 0 0 3 0 0 5 6 0 0 0 1 65 394 92 0 0 0 37 0 0 0 0 1080 8 0 0 0 0 139 55 0 73 1 10 2 0 0 20 10 0 0 6690 0 7211 2 25 0 0 0 0 0 132 0 0 0
41 2 2 20 41 0 2 41 41 7 0 41 41 41 51 171 2140 59 41 41 41 219 0 0 0 41 125 15 0 41 41 41 12 64 41 5108 4 20 13 41 7134 45 43 7134 0 2 41 2 7211 2 41 0 0 41 0 12 41 41 0
8 25 0 28 8 7125 14 8 8 6946 7048 8 8 8 8 519 111 4206 8 8 8 15 7125 7125 7125 8 0 239 7125 8 8 8 892 165 8 167 5332 5522 6772 8 0 1428 4038 0 7125 0 8 25 2 7211 8 7125 7125 8 7125 4124 8 8 7125
7211 0 0 0 7211 0 0 7211 7211 2 0 7211 7211 7211 3438 5522 326 498 7211 7211 7211 5984 0 0 0 7211 0 5716 0 7211 7211 7211 5107 4695 7211 64 0 0 0 7211 0 2306 1850 0 0 6 7211 0 41 8 7211 0 0 7211 0 880 7211 7211 0
0 0 0 3 0 7211 14 0 0 7032 7134 0 0 0 50 511 103 4198 0 0 0 7 7211 7211 7211 0 0 325 7211 0 0 0 978 157 0 167 5418 5608 6858 0 0 1514 4038 0 7211 0 0 0 0 7125 0 7211 7211 0 7211 4210 0 0 7211
0 0 0 3 0 7211 14 0 0 7032 7134 0 0 0 50 511 103 4198 0 0 0 7 7211 7211 7211 0 0 325 7211 0 0 0 978 157 0 167 5418 5608 6858 0 0 1514 4038 0 7211 0 0 0 0 7125 0 7211 7211 0 7211 4210 0 0 7211
7211 0 0 0 7211 0 0 7211 7211 2 0 7211 7211 7211 3438 5522 326 498 7211 7211 7211 5984 0 0 0 7211 0 5716 0 7211 7211 7211 5107 4695 7211 64 0 0 0 7211 0 2306 1850 0 0 6 7211 0 41 8 7211 0 0 7211 0 880 7211 7211 0
0 0 0 3 0 7211 14 0 0 7032 7134 0 0 0 50 511 103 4198 0 0 0 7 7211 7211 7211 0 0 325 7211 0 0 0 978 157 0 167 5418 5608 6858 0 0 1514 4038 0 7211 0 0 0 0 7125 0 7211 7211 0 7211 4210 0 0 7211
880 132 132 193 880 4210 14 880 880 4031 4133 880 880 880 776 349 624 2332 880 880 880 1165 4210 4210 4210 880 23 1205 4210 880 880 880 1858 831 880 179 2924 3260 3857 880 12 1039 1724 12 4210 132 880 132 12 4124 880 4210 4210 880 4210 7211 880 880 4210
7211 0 0 0 7211 0 0 7211 7211 2 0 7211 7211 7211 3438 5522 326 498 7211 7211 7211 5984 0 0 0 7211 0 5716 0 7211 7211 7211 5107 4695 7211 64 0 0 0 7211 0 2306 1850 0 0 6 7211 0 41 8 7211 0 0 7211 0 880 7211 7211 0
7211 0 0 0 7211 0 0 7211 7211 2 0 7211 7211 7211 3438 5522 326 498 7211 7211 7211 5984 0 0 0 7211 0 5716 0 7211 7211 7211 5107 4695 7211 64 0 0 0 7211 0 2306 1850 0 0 6 7211 0 41 8 7211 0 0 7211 0 880 7211 7211 0
0 0 0 3 0 7211 14 0 0 7032 7134 0 0 0 50 511 103 4198 0 0 0 7 7211 7211 7211 0 0 325 7211 0 0 0 978 157 0 167 5418 5608 6858 0 0 1514 4038 0 7211 0 0 0 0 7125 0 7211 7211 0 7211 4210 0 0 7211
