11491 1707 859 949 1194 1319 1338 994 514 1359 650 698 606 916 673 1987 852 931 421 855 736 685 1113 1232 899 1024 492 1756 961 1499 739 1175 728 568 1652 1406 863 1611 945 329 1520 1008 775 929 1891 767 1477 1222 1289 598 1081 1147 1978 601 526 1537 1382 1160 899
1707 11491 917 733 1274 892 777 862 2013 880 17 1716 1453 1551 1102 3132 403 587 242 1417 1401 1181 2867 1606 643 1388 0 2258 1550 2221 2351 657 177 1863 345 1146 1614 633 1116 1541 151 513 491 1274 1872 1316 160 296 1128 2824 1455 573 3282 1828 1443 127 151 127 1205
859 917 11491 1191 946 1796 405 1674 617 263 1429 1337 180 142 475 725 1115 1526 1571 953 575 1106 1135 412 770 1112 358 586 880 1474 70 308 1263 541 0 655 1036 475 968 124 279 308 431 733 1346 97 639 837 437 1367 549 124 484 466 947 84 578 402 254
949 733 1191 11491 695 1684 2165 1932 1177 2084 287 550 1155 1809 2341 1561 1640 1372 1274 838 1156 759 1026 765 582 1774 764 2260 1448 553 1326 244 880 1124 1745 1429 3325 1697 445 190 2555 1368 1243 1227 537 1118 2025 2474 1421 870 564 2118 2033 1727 757 1591 2332 2135 230
1194 1274 946 695 11491 1403 613 1636 748 333 537 1229 1054 599 466 0 1220 1273 374 885 1182 1464 1770 1079 1330 1018 1101 1846 629 2234 1112 162 325 1258 1450 969 1058 951 420 592 0 920 209 631 1111 819 821 79 1051 1469 888 875 117 650 1220 225 79 91 720
1319 892 1796 1684 1403 11491 1931 2915 920 232 184 1166 150 184 1652 776 1533 2077 1057 1679 1692 961 789 1219 766 541 952 2182 2859 1390 3373 3585 1168 250 953 513 2026 1857 324 1367 329 851 489 2195 4490 1028 970 198 2365 507 755 128 2267 529 3248 1853 332 1671 1372
1338 777 405 2165 613 1931 11491 1217 1079 2445 120 472 807 2987 2431 2262 1134 363 776 1019 1478 1457 667 1493 693 924 1277 1299 1126 741 1245 1895 661 1106 1304 1679 527 3086 521 489 2933 2388 2692 1280 1569 718 2283 2081 2148 725 793 2353 784 2248 1730 1133 2398 578 1241
994 862 1674 1932 1636 2915 1217 11491 2753 531 536 517 429 609 1397 138 1921 1793 1488 1428 1443 987 1124 684 971 806 1029 1916 1237 273 1374 1255 1235 874 415 376 1834 1070 251 1489 320 787 281 1768 2232 1187 488 697 1357 1243 1142 215 701 525 1751 411 335 938 584
514 2013 617 1177 748 920 1079 2753 11491 944 658 768 2282 2519 528 0 583 72 697 1546 3814 807 596 749 165 1872 0 1310 350 899 2672 1376 1146 2151 1476 815 514 496 452 2460 1229 124 225 1530 1055 1085 638 282 954 4579 836 0 514 0 804 1017 0 1664 1918
1359 880 263 2084 333 232 2445 531 944 11491 505 1377 1325 3057 3439 4609 1766 507 465 565 863 1116 618 1717 895 2397 534 1557 1255 933 500 1533 1229 674 4949 1729 919 2909 132 612 5302 3503 5218 524 318 1855 6147 4245 469 75 1217 5498 823 3981 284 3852 5236 469 1417
650 17 1429 287 537 184 120 536 658 505 11491 893 2276 389 571 0 351 2811 251 270 609 211 217 331 58 422 0 510 463 16 405 226 27 68 385 615 695 198 4057 531 0 39 168 343 102 122 67 1519 616 285 589 236 133 482 66 40 439 127 169
698 1716 1337 550 1229 1166 472 517 768 1377 893 11491 2537 2228 1664 64 1264 1253 312 1470 651 1012 1054 1157 1182 2536 592 1823 2148 1331 2715 2190 1142 454 1208 734 2576 472 366 1529 565 568 652 421 1238 1598 1313 483 1270 367 1033 351 31 1888 2328 537 454 652 216
606 1453 180 1155 1054 150 807 429 2282 1325 2276 2537 11491 5466 854 416 1170 1544 84 957 2027 714 1807 1156 362 1031 703 1032 2806 48 2843 1279 757 1565 1914 760 1407 1625 86 716 660 1014 480 926 78 2308 1238 509 1586 1795 892 794 58 1341 1556 681 681 700 955
916 1551 142 1809 599 184 2987 609 2519 3057 389 2228 5466 11491 1978 2460 460 1409 362 678 2558 577 1534 1885 717 1925 134 1726 2698 472 2345 2106 1065 1379 2327 2428 1188 3378 389 922 2555 3346 2922 340 500 1596 2991 2232 964 1923 480 2137 90 3046 2095 1125 2575 949 1389
673 1102 475 2341 466 1652 2431 1397 528 3439 571 1664 854 1978 11491 3057 2448 577 825 905 996 380 1977 1365 1429 974 1060 1884 2388 322 1203 1344 153 688 2673 1040 1903 2501 77 780 3249 2461 2867 1818 1256 2333 3092 3036 962 66 1589 3063 224 4278 1565 1978 3066 377 1064
1987 3132 725 1561 0 776 2262 138 0 4609 0 64 416 2460 3057 11491 645 476 746 2338 1310 963 1111 630 1280 1427 0 1239 1178 738 102 751 475 316 3208 1897 225 2908 1045 0 5131 4331 3542 757 1317 676 4265 4054 79 285 675 4265 4318 3530 0 3681 4707 1922 1750
852 403 1115 1640 1220 1533 1134 1921 583 1766 351 1264 1170 460 2448 645 11491 1537 1023 785 1600 431 1466 1606 1445 1161 1903 1455 2451 1063 189 435 773 779 1529 553 1073 1959 322 1046 1306 605 670 2095 1213 2284 1363 809 1285 729 2651 1428 248 751 746 1306 1208 190 459
931 587 1526 1372 1273 2077 363 1793 72 507 2811 1253 1544 1409 577 476 1537 11491 983 729 390 819 1100 1338 712 583 329 1840 1805 871 137 596 1432 77 922 1661 1792 1159 2621 891 667 573 564 1062 1948 524 783 672 671 690 1052 818 894 345 671 861 1051 165 587
421 242 1571 1274 374 1057 776 1488 697 465 251 312 84 362 825 746 1023 983 11491 1566 2 633 630 760 695 724 337 931 1033 176 55 813 1339 670 642 904 493 1193 517 1048 703 783 1385 1590 668 845 794 1217 594 574 773 523 1170 479 1203 361 1172 918 661
855 1417 953 838 885 1679 1019 1428 1546 565 270 1470 957 678 905 2338 785 729 1566 11491 234 1295 804 704 453 1812 600 493 1959 559 1402 2544 2268 153 885 1260 700 1266 392 394 2193 1464 344 1873 2671 2575 2052 780 1701 539 684 1003 1429 1159 3624 2179 742 1864 340
736 1401 575 1156 1182 1692 1478 1443 3814 863 609 651 2027 2558 996 1310 1600 390 2 234 11491 1243 1720 1371 330 997 475 509 1338 585 3559 1217 737 1394 1580 904 981 693 235 236 894 1246 887 835 455 613 870 386 748 2507 911 1498 2094 1019 686 2279 857 1750 2812
685 1181 1106 759 1464 961 1457 987 807 1116 211 1012 714 577 380 963 431 819 633 1295 1243 11491 726 865 1082 968 1137 862 330 1238 849 1012 1005 850 735 827 537 1540 533 722 451 691 1173 926 1656 372 1061 458 1343 1183 1281 1636 1334 541 1218 538 425 333 1591
1113 2867 1135 1026 1770 789 667 1124 596 618 217 1054 1807 1534 1977 1111 1466 1100 630 804 1720 726 11491 2123 536 82 1558 1300 1615 444 1332 715 258 665 414 1168 1305 355 831 1517 378 653 499 1434 1372 1349 289 442 524 1548 503 454 808 1517 2170 477 441 153 451
1232 1606 412 765 1079 1219 1493 684 749 1717 331 1157 1156 1885 1365 630 1606 1338 760 704 1371 865 2123 11491 29 323 161 1787 2610 710 1553 1861 66 586 209 584 1833 1274 712 1021 444 475 482 668 200 1357 444 903 1004 628 32 488 408 1932 1090 222 1125 224 424
899 643 770 582 1330 766 693 971 165 895 58 1182 362 717 1429 1280 1445 712 695 453 330 1082 536 29 11491 863 704 1145 687 2194 19 103 437 993 1196 1949 851 2120 469 772 739 1204 298 578 795 950 2065 988 1203 506 1976 1852 1536 1889 166 742 1223 2331 336
1024 1388 1112 1774 1018 541 924 806 1872 2397 422 2536 1031 1925 974 1427 1161 583 724 1812 997 968 82 323 863 11491 180 1895 999 2405 398 1733 724 716 2258 1419 512 1715 255 1077 1855 1939 1292 842 705 1937 2950 1438 1692 707 830 2006 1353 797 650 1445 1697 1316 302
492 0 358 764 1101 952 1277 1029 0 534 0 592 703 134 1060 0 1903 329 337 600 475 1137 1558 161 704 180 11491 182 1222 47 398 924 208 1012 101 227 179 1211 0 1096 37 255 543 1771 1116 1067 222 37 1791 1552 1587 252 98 116 855 37 37 221 438
1756 2258 586 2260 1846 2182 1299 1916 1310 1557 510 1823 1032 1726 1884 1239 1455 1840 931 493 509 862 1300 1787 1145 1895 182 11491 1838 1699 874 948 659 1245 1938 1003 1973 1936 288 2102 1625 1416 1223 1317 690 525 1629 1055 926 1462 641 1304 373 1943 294 1136 1581 232 899
961 1550 880 1448 629 2859 1126 1237 350 1255 463 2148 2806 2698 2388 1178 2451 1805 1033 1959 1338 330 1615 2610 687 999 1222 1838 11491 853 2900 3060 1050 170 719 309 3049 1814 620 1295 941 1184 1488 2004 1153 2016 1115 659 2002 674 831 941 1075 3025 2994 1092 1031 1078 898
1499 2221 1474 553 2234 1390 741 273 899 933 16 1331 48 472 322 738 1063 871 176 559 585 1238 444 710 2194 2405 47 1699 853 11491 259 1251 1202 364 1287 2181 427 1213 273 1478 128 893 550 992 1460 831 1831 760 1918 1187 1031 2986 2370 530 260 201 1003 445 584
739 2351 70 1326 1112 3373 1245 1374 2672 500 405 2715 2843 2345 1203 102 189 137 55 1402 3559 849 1332 1553 19 398 398 874 2900 259 11491 3102 299 2446 559 564 2841 625 29 183 102 469 102 1238 1652 1892 137 84 1520 1587 921 102 1691 2267 3289 1552 102 2104 2391
1175 657 308 244 162 3585 1895 1255 1376 1533 226 2190 1279 2106 1344 751 435 596 813 2544 1217 1012 715 1861 103 1733 924 948 3060 1251 3102 11491 1164 316 437 587 968 973 372 1397 611 1404 1457 1813 2461 837 1018 952 2427 322 654 590 1097 1280 4029 1140 607 1236 1198
728 177 1263 880 325 1168 661 1235 1146 1229 27 1142 757 1065 153 475 773 1432 1339 2268 737 1005 258 66 437 724 208 659 1050 1202 299 1164 11491 157 1112 966 13 982 1460 814 1554 766 1396 1650 1516 850 1110 553 1216 812 915 987 651 350 2296 1092 1049 265 494
568 1863 541 1124 1258 250 1106 874 2151 674 68 454 1565 1379 688 316 779 77 670 153 1394 850 665 586 993 716 1012 1245 170 364 2446 316 157 11491 852 727 783 1431 821 865 316 378 613 738 228 339 495 316 551 2252 2224 367 222 344 1349 79 316 701 1748
1652 345 0 1745 1450 953 1304 415 1476 4949 385 1208 1914 2327 2673 3208 1529 922 642 885 1580 735 414 209 1196 2258 101 1938 719 1287 559 437 1112 852 11491 1912 1120 2308 462 393 4679 2437 2804 664 737 1558 5662 3596 533 515 904 4499 568 2511 546 4671 4586 1320 1855
1406 1146 655 1429 969 513 1679 376 815 1729 615 734 760 2428 1040 1897 553 1661 904 1260 904 827 1168 584 1949 1419 227 1003 309 2181 564 587 966 727 1912 11491 312 1898 1121 827 3057 1463 1655 753 1523 584 2629 2147 1403 517 1294 3057 1653 1163 252 1993 2753 603 1397
863 1614 1036 3325 1058 2026 527 1834 514 919 695 2576 1407 1188 1903 225 1073 1792 493 700 981 537 1305 1833 851 512 179 1973 3049 427 2841 968 13 783 1120 312 11491 1237 28 167 451 773 1460 447 538 2815 501 932 520 239 1284 451 2460 2363 1573 925 451 2785 296
1611 633 475 1697 951 1857 3086 1070 496 2909 198 472 1625 3378 2501 2908 1959 1159 1193 1266 693 1540 355 1274 2120 1715 1211 1936 1814 1213 625 973 982 1431 2308 1898 1237 11491 102 868 3086 3224 2305 968 1642 2440 3635 2635 1180 827 2644 3257 1059 2065 1013 1898 3545 1537 915
945 1116 968 445 420 324 521 251 452 132 4057 366 86 389 77 1045 322 2621 517 392 235 533 831 712 469 255 0 288 620 273 29 372 1460 821 462 1121 28 102 11491 581 1008 344 145 796 423 17 60 1388 651 237 1319 1297 1312 0 666 628 554 524 895
329 1541 124 190 592 1367 489 1489 2460 612 531 1529 716 922 780 0 1046 891 1048 394 236 722 1517 1021 772 1077 1096 2102 1295 1478 183 1397 814 865 393 827 167 868 581 11491 154 455 437 940 709 578 357 148 953 2796 875 232 0 67 724 0 113 366 619
1520 151 279 2555 0 329 2933 320 1229 5302 0 565 660 2555 3249 5131 1306 667 703 2193 894 451 378 444 739 1855 37 1625 941 128 102 611 1554 316 4679 3057 451 3086 1008 154 11491 3865 4159 582 656 2426 7012 5971 925 157 355 5654 521 3822 0 8462 7616 2650 2637
1008 513 308 1368 920 851 2388 787 124 3503 39 568 1014 3346 2461 4331 605 573 783 1464 1246 691 653 475 1204 1939 255 1416 1184 893 469 1404 766 378 2437 1463 773 3224 344 455 3865 11491 4010 376 716 1944 4080 2770 779 278 808 3775 1695 3047 690 2730 3251 2897 1688
775 491 431 1243 209 489 2692 281 225 5218 168 652 480 2922 2867 3542 670 564 1385 344 887 1173 499 482 298 1292 543 1223 1488 550 102 1457 1396 613 2804 1655 1460 2305 145 437 4159 4010 11491 666 567 268 3834 3377 237 336 755 3484 421 3536 102 2469 3858 61 2206
929 1274 733 1227 631 2195 1280 1768 1530 524 343 421 926 340 1818 757 2095 1062 1590 1873 835 926 1434 668 578 842 1771 1317 2004 992 1238 1813 1650 738 664 753 447 968 796 940 582 376 666 11491 3224 1172 766 568 2369 610 1928 747 1019 364 2785 419 608 64 464
1891 1872 1346 537 1111 4490 1569 2232 1055 318 102 1238 78 500 1256 1317 1213 1948 668 2671 455 1656 1372 200 795 705 1116 690 1153 1460 1652 2461 1516 228 737 1523 538 1642 423 709 656 716 567 3224 11491 263 1074 1232 2348 1561 1510 1201 2663 30 3820 907 1434 123 941
767 1316 97 1118 819 1028 718 1187 1085 1855 122 1598 2308 1596 2333 676 2284 524 845 2575 613 372 1349 1357 950 1937 1067 525 2016 831 1892 837 850 339 1558 584 2815 2440 17 578 2426 1944 268 1172 263 11491 2568 509 1306 84 2193 1524 1261 1484 1369 2932 1043 3008 303
1477 160 639 2025 821 970 2283 488 638 6147 67 1313 1238 2991 3092 4265 1363 783 794 2052 870 1061 289 444 2065 2950 222 1629 1115 1831 137 1018 1110 495 5662 2629 501 3635 60 357 7012 4080 3834 766 1074 2568 11491 4412 812 393 1217 6453 1170 3781 273 5822 5629 2369 1288
1222 296 837 2474 79 198 2081 697 282 4245 1519 483 509 2232 3036 4054 809 672 1217 780 386 458 442 903 988 1438 37 1055 659 760 84 952 553 316 3596 2147 932 2635 1388 148 5971 2770 3377 568 1232 509 4412 11491 671 963 249 4405 781 3207 0 5019 8219 1354 1573
1289 1128 437 1421 1051 2365 2148 1357 954 469 616 1270 1586 964 962 79 1285 671 594 1701 748 1343 524 1004 1203 1692 1791 926 2002 1918 1520 2427 1216 551 533 1403 520 1180 651 953 925 779 237 2369 2348 1306 812 671 11491 721 1155 1323 657 349 2009 624 914 676 318
598 2824 1367 870 1469 507 725 1243 4579 75 285 367 1795 1923 66 285 729 690 574 539 2507 1183 1548 628 506 707 1552 1462 674 1187 1587 322 812 2252 515 517 239 827 237 2796 157 278 336 610 1561 84 393 963 721 11491 1094 479 285 151 299 329 1189 273 1798
1081 1455 549 564 888 755 793 1142 836 1217 589 1033 892 480 1589 675 2651 1052 773 684 911 1281 503 32 1976 830 1587 641 831 1031 921 654 915 2224 904 1294 1284 2644 1319 875 355 808 755 1928 1510 2193 1217 249 1155 1094 11491 940 948 87 1211 332 257 874 1209
1147 573 124 2118 875 128 2353 215 0 5498 236 351 794 2137 3063 4265 1428 818 523 1003 1498 1636 454 488 1852 2006 252 1304 941 2986 102 590 987 367 4499 3057 451 3257 1297 232 5654 3775 3484 747 1201 1524 6453 4405 1323 479 940 11491 2269 3582 0 4204 5460 529 1574
1978 3282 484 2033 117 2267 784 701 514 823 133 31 58 90 224 4318 248 894 1170 1429 2094 1334 808 408 1536 1353 98 373 1075 2370 1691 1097 651 222 568 1653 2460 1059 1312 0 521 1695 421 1019 2663 1261 1170 781 657 285 948 2269 11491 142 0 1791 481 4284 1471
601 1828 466 1727 650 529 2248 525 0 3981 482 1888 1341 3046 4278 3530 751 345 479 1159 1019 541 1517 1932 1889 797 116 1943 3025 530 2267 1280 350 344 2511 1163 2363 2065 0 67 3822 3047 3536 364 30 1484 3781 3207 349 151 87 3582 142 11491 2077 2350 4127 40 1220
526 1443 947 757 1220 3248 1730 1751 804 284 66 2328 1556 2095 1565 0 746 671 1203 3624 686 1218 2170 1090 166 650 855 294 2994 260 3289 4029 2296 1349 546 252 1573 1013 666 724 0 690 102 2785 3820 1369 273 0 2009 299 1211 0 0 2077 11491 0 0 69 41
1537 127 84 1591 225 1853 1133 411 1017 3852 40 537 681 1125 1978 3681 1306 861 361 2179 2279 538 477 222 742 1445 37 1136 1092 201 1552 1140 1092 79 4671 1993 925 1898 628 0 8462 2730 2469 419 907 2932 5822 5019 624 329 332 4204 1791 2350 0 11491 6460 3856 4289
1382 151 578 2332 79 332 2398 335 0 5236 439 454 681 2575 3066 4707 1208 1051 1172 742 857 425 441 1125 1223 1697 37 1581 1031 1003 102 607 1049 316 4586 2753 451 3545 554 113 7616 3251 3858 608 1434 1043 5629 8219 914 1189 257 5460 481 4127 0 6460 11491 1139 2030
1160 127 402 2135 91 1671 578 938 1664 469 127 652 700 949 377 1922 190 165 918 1864 1750 333 153 224 2331 1316 221 232 1078 445 2104 1236 265 701 1320 603 2785 1537 524 366 2650 2897 61 64 123 3008 2369 1354 676 273 874 529 4284 40 69 3856 1139 11491 1851
899 1205 254 230 720 1372 1241 584 1918 1417 169 216 955 1389 1064 1750 459 587 661 340 2812 1591 451 424 336 302 438 899 898 584 2391 1198 494 1748 1855 1397 296 915 895 619 2637 1688 2206 464 941 303 1288 1573 318 1798 1209 1574 1471 1220 41 4289 2030 1851 11491
