1261 0 4 96 9 36 560 0 8 8 634 1197 8 48 8 49 1197 161 48 48 1075 305 26 1021 8 1197 48 188 10 8 8 0 0 1181 9 1197 1 744 815 2 48 48 876 48 0 1197 0 1197 8 1 48 1197 0 2 1197 0 1197 1197 60
0 1261 0 169 609 54 6 0 0 0 127 0 0 0 0 0 38 27 0 0 8 1 130 127 0 0 0 6 128 0 0 0 127 0 1 0 2 3 7 1134 0 0 46 0 127 0 127 0 0 1 0 0 127 1134 0 127 0 0 1
4 0 1261 23 1 2 9 0 0 0 0 0 0 0 0 1163 0 0 0 0 3 1 1 0 0 0 0 8 4 0 0 0 0 0 10 0 17 1 10 3 0 0 12 0 0 0 0 0 0 6 0 0 0 0 0 0 0 0 1
96 169 23 1261 397 141 264 0 230 230 124 88 230 0 230 44 88 3 7 0 70 48 92 96 230 88 0 230 90 230 230 0 89 72 231 88 55 54 35 177 0 0 73 48 89 88 89 88 230 80 0 88 89 169 88 89 88 88 3
9 609 1 397 1261 52 655 0 649 649 1 1 649 0 649 22 1 422 426 0 9 1 3 1 649 1 0 429 220 649 649 0 0 1 650 1 474 4 358 617 0 0 22 467 0 1 0 1 649 3 0 1 0 609 1 0 1 1 231
36 54 2 141 52 1261 82 0 52 52 584 31 52 0 52 1 31 1 1 0 0 0 1127 197 52 31 0 488 330 52 52 0 1115 31 52 31 1 1 31 30 0 0 20 1 1115 31 1115 31 52 948 0 31 1115 22 31 1115 31 31 63
560 6 9 264 655 82 1261 0 693 693 552 552 693 0 693 30 552 466 470 0 430 1 26 552 693 552 0 605 264 693 693 0 0 536 694 552 518 99 910 14 0 0 354 511 0 552 0 552 693 3 0 552 0 6 552 0 552 552 275
0 0 0 0 0 0 0 1261 0 0 0 0 0 0 0 2 0 0 0 0 1 0 0 0 0 0 0 0 0 0 0 1261 0 0 0 0 0 6 0 0 0 0 60 0 0 0 0 0 0 2 0 0 0 0 0 0 0 0 0
8 0 0 230 649 52 693 0 1261 1261 0 0 1261 0 1261 21 0 1034 1038 0 8 1 2 0 1261 0 0 623 832 1261 1261 0 0 0 1247 0 1086 443 358 8 0 0 21 1079 0 0 0 0 1261 3 0 0 0 0 0 0 0 0 843
8 0 0 230 649 52 693 0 1261 1261 0 0 1261 0 1261 21 0 1034 1038 0 8 1 2 0 1261 0 0 623 832 1261 1261 0 0 0 1247 0 1086 443 358 8 0 0 21 1079 0 0 0 0 1261 3 0 0 0 0 0 0 0 0 843
634 127 0 124 1 584 552 0 0 0 1261 634 0 0 0 0 672 26 0 0 512 0 653 874 0 634 0 354 403 0 0 0 627 618 1 634 0 181 585 0 0 0 457 0 627 634 627 634 0 385 0 634 627 0 634 627 634 634 62
1197 0 0 88 1 31 552 0 0 0 634 1261 0 0 0 1 1223 199 0 0 1139 357 26 1021 0 1261 0 180 10 0 0 0 0 1245 1 1261 1 808 879 10 0 0 877 0 0 1261 0 1261 0 41 0 1261 0 0 1261 0 1261 1261 124
8 0 0 230 649 52 693 0 1261 1261 0 0 1261 0 1261 21 0 1034 1038 0 8 1 2 0 1261 0 0 623 832 1261 1261 0 0 0 1247 0 1086 443 358 8 0 0 21 1079 0 0 0 0 1261 3 0 0 0 0 0 0 0 0 843
48 0 0 0 0 0 0 0 0 0 0 0 0 1261 0 73 0 0 223 1261 30 849 46 0 0 0 1261 0 0 0 0 0 0 0 0 0 1 0 0 0 1261 200 215 182 0 0 0 0 0 185 1261 0 0 0 0 0 0 0 20
8 0 0 230 649 52 693 0 1261 1261 0 0 1261 0 1261 21 0 1034 1038 0 8 1 2 0 1261 0 0 623 832 1261 1261 0 0 0 1247 0 1086 443 358 8 0 0 21 1079 0 0 0 0 1261 3 0 0 0 0 0 0 0 0 843
49 0 1163 44 22 1 30 2 21 21 0 1 21 73 21 1261 1 1 73 73 4 2 1 0 21 1 73 29 4 21 21 2 0 1 31 1 14 2 11 1 73 73 12 73 0 1 0 1 21 27 73 1 0 1 1 0 1 1 2
1197 38 0 88 1 31 552 0 0 0 672 1223 0 0 0 1 1261 167 0 0 1101 331 64 1059 0 1223 0 180 48 0 0 0 38 1207 1 1223 1 770 841 0 0 0 884 0 38 1223 38 1223 0 3 0 1223 38 0 1223 38 1223 1223 86
161 27 0 3 422 1 466 0 1034 1034 26 199 1034 0 1034 1 167 1261 1034 0 207 188 28 26 1034 199 0 396 858 1034 1034 0 26 199 1020 199 1035 642 557 11 0 0 184 1034 26 199 26 199 1034 37 0 199 26 1 199 26 199 199 939
48 0 0 7 426 1 470 0 1038 1038 0 0 1038 223 1038 73 0 1034 1261 223 8 1 2 0 1038 0 223 400 832 1038 1038 0 0 0 1024 0 1039 443 358 0 223 200 2 1220 0 0 0 0 1038 175 223 0 0 0 0 0 0 0 842
48 0 0 0 0 0 0 0 0 0 0 0 0 1261 0 73 0 0 223 1261 30 849 46 0 0 0 1261 0 0 0 0 0 0 0 0 0 1 0 0 0 1261 200 215 182 0 0 0 0 0 185 1261 0 0 0 0 0 0 0 20
1075 8 3 70 9 0 430 1 8 8 512 1139 8 30 8 4 1101 207 8 30 1261 387 28 899 8 1139 30 188 18 8 8 1 0 1139 8 1139 9 816 757 18 30 0 907 8 0 1139 0 1139 8 41 30 1139 0 8 1139 0 1139 1139 132
305 1 1 48 1 0 1 0 1 1 0 357 1 849 1 2 331 188 1 849 387 1261 46 129 1 357 849 1 0 1 1 0 0 357 1 357 2 357 283 5 849 15 417 1 0 357 0 357 1 29 849 357 0 1 357 0 357 357 112
26 130 1 92 3 1127 26 0 2 2 653 26 2 46 2 1 64 28 2 46 28 46 1261 266 2 26 46 438 405 2 2 0 1182 26 2 26 2 2 26 3 46 0 87 2 1182 26 1182 26 2 940 46 26 1182 3 26 1182 26 26 64
1021 127 0 96 1 197 552 0 0 0 874 1021 0 0 0 0 1059 26 0 0 899 129 266 1261 0 1021 0 180 250 0 0 0 240 1005 1 1021 0 568 639 0 0 0 753 0 240 1021 240 1021 0 0 0 1021 240 0 1021 240 1021 1021 62
8 0 0 230 649 52 693 0 1261 1261 0 0 1261 0 1261 21 0 1034 1038 0 8 1 2 0 1261 0 0 623 832 1261 1261 0 0 0 1247 0 1086 443 358 8 0 0 21 1079 0 0 0 0 1261 3 0 0 0 0 0 0 0 0 843
1197 0 0 88 1 31 552 0 0 0 634 1261 0 0 0 1 1223 199 0 0 1139 357 26 1021 0 1261 0 180 10 0 0 0 0 1245 1 1261 1 808 879 10 0 0 877 0 0 1261 0 1261 0 41 0 1261 0 0 1261 0 1261 1261 124
48 0 0 0 0 0 0 0 0 0 0 0 0 1261 0 73 0 0 223 1261 30 849 46 0 0 0 1261 0 0 0 0 0 0 0 0 0 1 0 0 0 1261 200 215 182 0 0 0 0 0 185 1261 0 0 0 0 0 0 0 20
188 6 8 230 429 488 605 0 623 623 354 180 623 0 623 29 180 396 400 0 188 1 438 180 623 180 0 1261 196 623 623 0 436 180 609 180 448 227 308 14 0 0 195 441 436 180 436 180 623 439 0 180 436 6 180 436 180 180 205
10 128 4 90 220 330 264 0 832 832 403 10 832 0 832 4 48 858 832 0 18 0 405 250 832 10 0 196 1261 832 832 0 403 10 818 10 832 453 226 1 0 0 52 832 403 10 403 10 832 161 0 10 403 1 10 403 10 10 894
8 0 0 230 649 52 693 0 1261 1261 0 0 1261 0 1261 21 0 1034 1038 0 8 1 2 0 1261 0 0 623 832 1261 1261 0 0 0 1247 0 1086 443 358 8 0 0 21 1079 0 0 0 0 1261 3 0 0 0 0 0 0 0 0 843
8 0 0 230 649 52 693 0 1261 1261 0 0 1261 0 1261 21 0 1034 1038 0 8 1 2 0 1261 0 0 623 832 1261 1261 0 0 0 1247 0 1086 443 358 8 0 0 21 1079 0 0 0 0 1261 3 0 0 0 0 0 0 0 0 843
0 0 0 0 0 0 0 1261 0 0 0 0 0 0 0 2 0 0 0 0 1 0 0 0 0 0 0 0 0 0 0 1261 0 0 0 0 0 6 0 0 0 0 60 0 0 0 0 0 0 2 0 0 0 0 0 0 0 0 0
0 127 0 89 0 1115 0 0 0 0 627 0 0 0 0 0 38 26 0 0 0 0 1182 240 0 0 0 436 403 0 0 0 1261 0 0 0 0 0 0 0 0 0 41 0 1261 0 1261 0 0 1019 0 0 1261 0 0 1261 0 0 62
1181 0 0 72 1 31 536 0 0 0 618 1245 0 0 0 1 1207 199 0 0 1139 357 26 1005 0 1245 0 180 10 0 0 0 0 1261 0 1245 1 808 863 10 0 0 877 0 0 1245 0 1245 0 41 0 1245 0 0 1245 0 1245 1245 124
9 1 10 231 650 52 694 0 1247 1247 1 1 1247 0 1247 31 1 1020 1024 0 8 1 2 1 1247 1 0 609 818 1247 1247 0 0 0 1261 1 1072 429 359 9 0 0 21 1065 0 1 0 1 1247 3 0 1 0 1 1 0 1 1 829
1197 0 0 88 1 31 552 0 0 0 634 1261 0 0 0 1 1223 199 0 0 1139 357 26 1021 0 1261 0 180 10 0 0 0 0 1245 1 1261 1 808 879 10 0 0 877 0 0 1261 0 1261 0 41 0 1261 0 0 1261 0 1261 1261 124
1 2 17 55 474 1 518 0 1086 1086 0 1 1086 1 1086 14 1 1035 1039 1 9 2 2 0 1086 1 1 448 832 1086 1086 0 0 1 1072 1 1261 444 359 2 1 1 2 1080 0 1 0 1 1086 3 1 1 0 2 1 0 1 1 843
744 3 1 54 4 1 99 6 443 443 181 808 443 0 443 2 770 642 443 0 816 357 2 568 443 808 0 227 453 443 443 6 0 808 429 808 444 1261 426 13 0 0 643 443 0 808 0 808 443 41 0 808 0 3 808 0 808 808 567
815 7 10 35 358 31 910 0 358 358 585 879 358 0 358 11 841 557 358 0 757 283 26 639 358 879 0 308 226 358 358 0 0 863 359 879 359 426 1261 17 0 0 532 358 0 879 0 879 358 41 0 879 0 7 879 0 879 879 359
2 1134 3 177 617 30 14 0 8 8 0 10 8 0 8 1 0 11 0 0 18 5 3 0 8 10 0 14 1 8 8 0 0 10 9 10 2 13 17 1261 0 0 14 0 0 10 0 10 8 15 0 10 0 1238 10 0 10 10 11
48 0 0 0 0 0 0 0 0 0 0 0 0 1261 0 73 0 0 223 1261 30 849 46 0 0 0 1261 0 0 0 0 0 0 0 0 0 1 0 0 0 1261 200 215 182 0 0 0 0 0 185 1261 0 0 0 0 0 0 0 20
48 0 0 0 0 0 0 0 0 0 0 0 0 200 0 73 0 0 200 200 0 15 0 0 0 0 200 0 0 0 0 0 0 0 0 0 1 0 0 0 200 1261 1 182 0 0 0 0 0 150 200 0 0 0 0 0 0 0 0
876 46 12 73 22 20 354 60 21 21 457 877 21 215 21 12 884 184 2 215 907 417 87 753 21 877 215 195 52 21 21 60 41 877 21 877 2 643 532 14 215 1 1261 2 41 877 41 877 21 6 215 877 41 6 877 41 877 877 57
48 0 0 48 467 1 511 0 1079 1079 0 0 1079 182 1079 73 0 1034 1220 182 8 1 2 0 1079 0 182 441 832 1079 1079 0 0 0 1065 0 1080 443 358 0 182 182 2 1261 0 0 0 0 1079 134 182 0 0 0 0 0 0 0 843
0 127 0 89 0 1115 0 0 0 0 627 0 0 0 0 0 38 26 0 0 0 0 1182 240 0 0 0 436 403 0 0 0 1261 0 0 0 0 0 0 0 0 0 41 0 1261 0 1261 0 0 1019 0 0 1261 0 0 1261 0 0 62
1197 0 0 88 1 31 552 0 0 0 634 1261 0 0 0 1 1223 199 0 0 1139 357 26 1021 0 1261 0 180 10 0 0 0 0 1245 1 1261 1 808 879 10 0 0 877 0 0 1261 0 1261 0 41 0 1261 0 0 1261 0 1261 1261 124
0 127 0 89 0 1115 0 0 0 0 627 0 0 0 0 0 38 26 0 0 0 0 1182 240 0 0 0 436 403 0 0 0 1261 0 0 0 0 0 0 0 0 0 41 0 1261 0 1261 0 0 1019 0 0 1261 0 0 1261 0 0 62
1197 0 0 88 1 31 552 0 0 0 634 1261 0 0 0 1 1223 199 0 0 1139 357 26 1021 0 1261 0 180 10 0 0 0 0 1245 1 1261 1 808 879 10 0 0 877 0 0 1261 0 1261 0 41 0 1261 0 0 1261 0 1261 1261 124
8 0 0 230 649 52 693 0 1261 1261 0 0 1261 0 1261 21 0 1034 1038 0 8 1 2 0 1261 0 0 623 832 1261 1261 0 0 0 1247 0 1086 443 358 8 0 0 21 1079 0 0 0 0 1261 3 0 0 0 0 0 0 0 0 843
1 1 6 80 3 948 3 2 3 3 385 41 3 185 3 27 3 37 175 185 41 29 940 0 3 41 185 439 161 3 3 2 1019 41 3 41 3 41 41 15 185 150 6 134 1019 41 1019 41 3 1261 185 41 1019 5 41 1019 41 41 42
48 0 0 0 0 0 0 0 0 0 0 0 0 1261 0 73 0 0 223 1261 30 849 46 0 0 0 1261 0 0 0 0 0 0 0 0 0 1 0 0 0 1261 200 215 182 0 0 0 0 0 185 1261 0 0 0 0 0 0 0 20
1197 0 0 88 1 31 552 0 0 0 634 1261 0 0 0 1 1223 199 0 0 1139 357 26 1021 0 1261 0 180 10 0 0 0 0 1245 1 1261 1 808 879 10 0 0 877 0 0 1261 0 1261 0 41 0 1261 0 0 1261 0 1261 1261 124
0 127 0 89 0 1115 0 0 0 0 627 0 0 0 0 0 38 26 0 0 0 0 1182 240 0 0 0 436 403 0 0 0 1261 0 0 0 0 0 0 0 0 0 41 0 1261 0 1261 0 0 1019 0 0 1261 0 0 1261 0 0 62
2 1134 0 169 609 22 6 0 0 0 0 0 0 0 0 1 0 1 0 0 8 1 3 0 0 0 0 6 1 0 0 0 0 0 1 0 2 3 7 1238 0 0 6 0 0 0 0 0 0 5 0 0 0 1261 0 0 0 0 1
1197 0 0 88 1 31 552 0 0 0 634 1261 0 0 0 1 1223 199 0 0 1139 357 26 1021 0 1261 0 180 10 0 0 0 0 1245 1 1261 1 808 879 10 0 0 877 0 0 1261 0 1261 0 41 0 1261 0 0 1261 0 1261 1261 124
0 127 0 89 0 1115 0 0 0 0 627 0 0 0 0 0 38 26 0 0 0 0 1182 240 0 0 0 436 403 0 0 0 1261 0 0 0 0 0 0 0 0 0 41 0 1261 0 1261 0 0 1019 0 0 1261 0 0 1261 0 0 62
1197 0 0 88 1 31 552 0 0 0 634 1261 0 0 0 1 1223 199 0 0 1139 357 26 1021 0 1261 0 180 10 0 0 0 0 1245 1 1261 1 808 879 10 0 0 877 0 0 1261 0 1261 0 41 0 1261 0 0 1261 0 1261 1261 124
1197 0 0 88 1 31 552 0 0 0 634 1261 0 0 0 1 1223 199 0 0 1139 357 26 1021 0 1261 0 180 10 0 0 0 0 1245 1 1261 1 808 879 10 0 0 877 0 0 1261 0 1261 0 41 0 1261 0 0 1261 0 1261 1261 124
60 1 1 3 231 63 275 0 843 843 62 124 843 20 843 2 86 939 842 20 132 112 64 62 843 124 20 205 894 843 843 0 62 124 829 124 843 567 359 11 20 0 57 843 62 124 62 124 843 42 20 124 62 1 124 62 124 124 1261
