3865 2856 9 0 3865 0 0 3827 3865 107 0 0 3378 3371 0 3216 141 0 278 3865 3855 3865 0 3016 0 0 0 3865 32 3865 0 3865 3865 3865 3865 0 2972 0 2610 0 3 0 0 0 3865 319 0 3778 0 0 3076 0 60 430 0 3865 3865 697 0
2856 3865 1005 253 2856 0 0 2818 2856 107 996 119 2859 2856 0 2207 483 0 9 2856 2846 2856 19 2858 0 0 129 2856 32 2856 2 2856 2856 2856 2856 0 2492 0 2616 0 1 0 0 8 2856 772 7 2856 0 0 2257 0 10 7 0 2856 2856 11 0
9 1005 3865 253 9 0 0 10 9 4 3856 119 12 9 0 155 2161 0 9 9 0 9 27 11 0 0 128 9 2 9 2 9 9 9 9 0 7 0 13 0 14 0 0 2 9 748 7 9 0 0 0 0 10 7 0 9 9 11 0
0 253 253 3865 0 395 395 8 0 405 253 1 262 0 395 5 36 395 70 0 3 0 45 397 395 395 128 0 402 0 3172 0 0 0 0 3170 308 395 435 396 455 395 395 2 0 308 7 0 3170 395 0 395 397 0 395 0 0 6 395
3865 2856 9 0 3865 0 0 3827 3865 107 0 0 3378 3371 0 3216 141 0 278 3865 3855 3865 0 3016 0 0 0 3865 32 3865 0 3865 3865 3865 3865 0 2972 0 2610 0 3 0 0 0 3865 319 0 3778 0 0 3076 0 60 430 0 3865 3865 697 0
0 0 0 395 0 3865 3865 0 0 1222 0 234 455 0 3865 281 29 3865 3311 0 0 0 1002 655 3865 3865 205 0 3755 0 0 0 0 0 0 0 538 3865 616 3290 1383 3865 3865 15 0 2143 0 87 0 3865 565 3865 3501 2958 3865 0 0 2912 3865
0 0 0 395 0 3865 3865 0 0 1222 0 234 455 0 3865 281 29 3865 3311 0 0 0 1002 655 3865 3865 205 0 3755 0 0 0 0 0 0 0 538 3865 616 3290 1383 3865 3865 15 0 2143 0 87 0 3865 565 3865 3501 2958 3865 0 0 2912 3865
3827 2818 10 8 3827 0 0 3865 3827 107 1 2 3340 3333 0 3217 142 0 278 3827 3817 3827 1 2978 0 0 0 3827 32 3827 8 3827 3827 3827 3827 8 2962 0 2572 1 3 0 0 2 3827 319 0 3740 8 0 3076 0 60 430 0 3827 3827 697 0
3865 2856 9 0 3865 0 0 3827 3865 107 0 0 3378 3371 0 3216 141 0 278 3865 3855 3865 0 3016 0 0 0 3865 32 3865 0 3865 3865 3865 3865 0 2972 0 2610 0 3 0 0 0 3865 319 0 3778 0 0 3076 0 60 430 0 3865 3865 697 0
107 107 4 405 107 1222 1222 107 107 3865 4 153 562 107 1222 18 36 1222 668 107 107 107 424 762 1222 1222 1 107 1214 107 10 107 107 107 107 10 687 1222 723 1098 40 1222 1222 232 107 750 428 194 10 1222 221 1222 893 315 1222 107 107 269 1222
0 996 3856 253 0 0 0 1 0 4 3865 119 3 0 0 146 2170 0 9 0 2 0 27 2 0 0 128 0 2 0 2 0 0 0 0 0 1 0 4 0 14 0 0 2 0 748 7 0 0 0 0 0 10 7 0 0 0 11 0
0 119 119 1 0 234 234 2 0 153 119 3865 15 0 234 206 237 234 277 0 5 0 1139 8 234 234 581 0 263 0 1 0 0 0 0 1 13 234 55 234 317 234 234 2240 0 0 205 0 1 234 0 234 102 234 234 0 0 245 234
3378 2859 12 262 3378 455 455 3340 3378 562 3 15 3865 3371 455 2729 141 455 0 3378 3368 3378 4 3471 455 455 3 3378 487 3378 1 3378 3378 3378 3378 6 3427 455 3065 455 9 455 455 4 3378 322 1 3433 6 455 2783 455 515 421 455 3378 3378 210 455
3371 2856 9 0 3371 0 0 3333 3371 107 0 0 3371 3865 0 2722 605 0 0 3371 3361 3371 0 3016 0 0 0 3371 32 3371 0 3371 3371 3371 3371 0 2972 0 2610 0 3 0 0 0 3371 319 268 3371 0 0 2772 0 60 413 0 3371 3371 203 0
0 0 0 395 0 3865 3865 0 0 1222 0 234 455 0 3865 281 29 3865 3311 0 0 0 1002 655 3865 3865 205 0 3755 0 0 0 0 0 0 0 538 3865 616 3290 1383 3865 3865 15 0 2143 0 87 0 3865 565 3865 3501 2958 3865 0 0 2912 3865
3216 2207 155 5 3216 281 281 3217 3216 18 146 206 2729 2722 281 3865 287 281 559 3216 3206 3216 8 2367 281 281 0 3216 319 3216 5 3216 3216 3216 3216 5 2693 281 1961 0 153 281 281 206 3216 600 0 3129 5 281 3195 281 341 711 281 3216 3216 978 281
141 483 2161 36 141 29 29 142 141 36 2170 237 141 605 29 287 3865 29 6 141 143 141 81 172 29 29 12 141 31 141 0 141 141 141 141 0 142 29 31 29 154 29 29 200 141 80 745 141 0 29 141 29 39 0 29 141 141 11 29
0 0 0 395 0 3865 3865 0 0 1222 0 234 455 0 3865 281 29 3865 3311 0 0 0 1002 655 3865 3865 205 0 3755 0 0 0 0 0 0 0 538 3865 616 3290 1383 3865 3865 15 0 2143 0 87 0 3865 565 3865 3501 2958 3865 0 0 2912 3865
278 9 9 70 278 3311 3311 278 278 668 9 277 0 0 3311 559 6 3311 3865 278 278 278 1089 101 3311 3311 248 278 3201 278 8 278 278 278 278 8 9 3311 62 2736 1391 3311 3311 102 278 2152 0 191 8 3311 653 3311 2947 2962 3311 278 278 3190 3311
3865 2856 9 0 3865 0 0 3827 3865 107 0 0 3378 3371 0 3216 141 0 278 3865 3855 3865 0 3016 0 0 0 3865 32 3865 0 3865 3865 3865 3865 0 2972 0 2610 0 3 0 0 0 3865 319 0 3778 0 0 3076 0 60 430 0 3865 3865 697 0
3855 2846 0 3 3855 0 0 3817 3855 107 2 5 3368 3361 0 3206 143 0 278 3855 3865 3855 5 3006 0 0 0 3855 32 3855 3 3855 3855 3855 3855 3 2965 0 2600 0 8 0 0 0 3855 319 5 3768 3 0 3076 0 60 430 0 3855 3855 697 0
3865 2856 9 0 3865 0 0 3827 3865 107 0 0 3378 3371 0 3216 141 0 278 3865 3855 3865 0 3016 0 0 0 3865 32 3865 0 3865 3865 3865 3865 0 2972 0 2610 0 3 0 0 0 3865 319 0 3778 0 0 3076 0 60 430 0 3865 3865 697 0
0 19 27 45 0 1002 1002 1 0 424 27 1139 4 0 1002 8 81 1002 1089 0 5 0 3865 2 1002 1002 6 0 1002 0 30 0 0 0 0 30 14 1002 6 1006 286 1002 1002 1102 0 20 879 0 30 1002 107 1002 638 748 1002 0 0 702 1002
3016 2858 11 397 3016 655 655 2978 3016 762 2 8 3471 3016 655 2367 172 655 101 3016 3006 3016 2 3865 655 655 6 3016 687 3016 2 3016 3016 3016 3016 2 3181 655 3225 655 5 655 655 180 3016 201 0 3103 2 655 2417 655 661 58 655 3016 3016 92 655
0 0 0 395 0 3865 3865 0 0 1222 0 234 455 0 3865 281 29 3865 3311 0 0 0 1002 655 3865 3865 205 0 3755 0 0 0 0 0 0 0 538 3865 616 3290 1383 3865 3865 15 0 2143 0 87 0 3865 565 3865 3501 2958 3865 0 0 2912 3865
0 0 0 395 0 3865 3865 0 0 1222 0 234 455 0 3865 281 29 3865 3311 0 0 0 1002 655 3865 3865 205 0 3755 0 0 0 0 0 0 0 538 3865 616 3290 1383 3865 3865 15 0 2143 0 87 0 3865 565 3865 3501 2958 3865 0 0 2912 3865
0 129 128 128 0 205 205 0 0 1 128 581 3 0 205 0 12 205 248 0 0 0 6 6 205 205 3865 0 205 0 2 0 0 0 0 0 178 205 0 205 315 205 205 0 0 333 7 0 0 205 0 205 205 205 205 0 0 214 205
3865 2856 9 0 3865 0 0 3827 3865 107 0 0 3378 3371 0 3216 141 0 278 3865 3855 3865 0 3016 0 0 0 3865 32 3865 0 3865 3865 3865 3865 0 2972 0 2610 0 3 0 0 0 3865 319 0 3778 0 0 3076 0 60 430 0 3865 3865 697 0
32 32 2 402 32 3755 3755 32 32 1214 2 263 487 32 3755 319 31 3755 3201 32 32 32 1002 687 3755 3755 205 32 3865 32 7 32 32 32 32 7 570 3755 648 3180 1273 3755 3755 44 32 2033 0 119 7 3755 597 3755 3391 2848 3755 32 32 2802 3755
3865 2856 9 0 3865 0 0 3827 3865 107 0 0 3378 3371 0 3216 141 0 278 3865 3855 3865 0 3016 0 0 0 3865 32 3865 0 3865 3865 3865 3865 0 2972 0 2610 0 3 0 0 0 3865 319 0 3778 0 0 3076 0 60 430 0 3865 3865 697 0
0 2 2 3172 0 0 0 8 0 10 2 1 1 0 0 5 0 0 8 0 3 0 30 2 0 0 2 0 7 0 3865 0 0 0 0 3773 7 0 1 1 1058 0 0 2 0 57 10 0 3773 0 57 0 2 97 0 0 0 6 0
3865 2856 9 0 3865 0 0 3827 3865 107 0 0 3378 3371 0 3216 141 0 278 3865 3855 3865 0 3016 0 0 0 3865 32 3865 0 3865 3865 3865 3865 0 2972 0 2610 0 3 0 0 0 3865 319 0 3778 0 0 3076 0 60 430 0 3865 3865 697 0
3865 2856 9 0 3865 0 0 3827 3865 107 0 0 3378 3371 0 3216 141 0 278 3865 3855 3865 0 3016 0 0 0 3865 32 3865 0 3865 3865 3865 3865 0 2972 0 2610 0 3 0 0 0 3865 319 0 3778 0 0 3076 0 60 430 0 3865 3865 697 0
3865 2856 9 0 3865 0 0 3827 3865 107 0 0 3378 3371 0 3216 141 0 278 3865 3855 3865 0 3016 0 0 0 3865 32 3865 0 3865 3865 3865 3865 0 2972 0 2610 0 3 0 0 0 3865 319 0 3778 0 0 3076 0 60 430 0 3865 3865 697 0
3865 2856 9 0 3865 0 0 3827 3865 107 0 0 3378 3371 0 3216 141 0 278 3865 3855 3865 0 3016 0 0 0 3865 32 3865 0 3865 3865 3865 3865 0 2972 0 2610 0 3 0 0 0 3865 319 0 3778 0 0 3076 0 60 430 0 3865 3865 697 0
0 0 0 3170 0 0 0 8 0 10 0 1 6 0 0 5 0 0 8 0 3 0 30 2 0 0 0 0 7 0 3773 0 0 0 0 3865 7 0 1 1 1150 0 0 2 0 55 0 0 3865 0 57 0 2 7 0 0 0 6 0
2972 2492 7 308 2972 538 538 2962 2972 687 1 13 3427 2972 538 2693 142 538 9 2972 2965 2972 14 3181 538 538 178 2972 570 2972 7 2972 2972 2972 2972 7 3865 538 2775 529 4 538 538 20 2972 328 51 3059 7 538 2746 538 598 387 538 2972 2972 177 538
0 0 0 395 0 3865 3865 0 0 1222 0 234 455 0 3865 281 29 3865 3311 0 0 0 1002 655 3865 3865 205 0 3755 0 0 0 0 0 0 0 538 3865 616 3290 1383 3865 3865 15 0 2143 0 87 0 3865 565 3865 3501 2958 3865 0 0 2912 3865
2610 2616 13 435 2610 616 616 2572 2610 723 4 55 3065 2610 616 1961 31 616 62 2610 2600 2610 6 3225 616 616 0 2610 648 2610 1 2610 2610 2610 2610 1 2775 616 3865 616 50 616 616 233 2610 2 0 2697 1 616 2011 616 807 3 616 2610 2610 11 616
0 0 0 396 0 3290 3290 1 0 1098 0 234 455 0 3290 0 29 3290 2736 0 0 0 1006 655 3290 3290 205 0 3180 0 1 0 0 0 0 1 529 3290 616 3865 1118 3290 3290 15 0 1568 0 87 1 3290 0 3290 2926 2383 3290 0 0 2337 3290
3 1 14 455 3 1383 1383 3 3 40 14 317 9 3 1383 153 154 1383 1391 3 8 3 286 5 1383 1383 315 3 1273 3 1058 3 3 3 3 1150 4 1383 50 1118 3865 1383 1383 150 3 1386 228 3 1150 1383 382 1383 1497 1390 1383 3 3 1389 1383
0 0 0 395 0 3865 3865 0 0 1222 0 234 455 0 3865 281 29 3865 3311 0 0 0 1002 655 3865 3865 205 0 3755 0 0 0 0 0 0 0 538 3865 616 3290 1383 3865 3865 15 0 2143 0 87 0 3865 565 3865 3501 2958 3865 0 0 2912 3865
0 0 0 395 0 3865 3865 0 0 1222 0 234 455 0 3865 281 29 3865 3311 0 0 0 1002 655 3865 3865 205 0 3755 0 0 0 0 0 0 0 538 3865 616 3290 1383 3865 3865 15 0 2143 0 87 0 3865 565 3865 3501 2958 3865 0 0 2912 3865
0 8 2 2 0 15 15 2 0 232 2 2240 4 0 15 206 200 15 102 0 0 0 1102 180 15 15 0 0 44 0 2 0 0 0 0 2 20 15 233 15 150 15 15 3865 0 0 211 0 2 15 107 15 8 15 15 0 0 200 15
3865 2856 9 0 3865 0 0 3827 3865 107 0 0 3378 3371 0 3216 141 0 278 3865 3855 3865 0 3016 0 0 0 3865 32 3865 0 3865 3865 3865 3865 0 2972 0 2610 0 3 0 0 0 3865 319 0 3778 0 0 3076 0 60 430 0 3865 3865 697 0
319 772 748 308 319 2143 2143 319 319 750 748 0 322 319 2143 600 80 2143 2152 319 319 319 20 201 2143 2143 333 319 2033 319 57 319 319 319 319 55 328 2143 2 1568 1386 2143 2143 0 319 3865 7 319 55 2143 884 2143 2201 2326 2143 319 319 2144 2143
0 7 7 7 0 0 0 0 0 428 7 205 1 268 0 0 745 0 0 0 5 0 879 0 0 0 7 0 0 0 10 0 0 0 0 0 51 0 0 0 228 0 0 211 0 7 3865 0 0 0 1 0 0 10 0 0 0 0 0
3778 2856 9 0 3778 87 87 3740 3778 194 0 0 3433 3371 87 3129 141 87 191 3778 3768 3778 0 3103 87 87 0 3778 119 3778 0 3778 3778 3778 3778 0 3059 87 2697 87 3 87 87 0 3778 319 0 3865 0 87 3076 87 147 430 87 3778 3778 610 87
0 0 0 3170 0 0 0 8 0 10 0 1 6 0 0 5 0 0 8 0 3 0 30 2 0 0 0 0 7 0 3773 0 0 0 0 3865 7 0 1 1 1150 0 0 2 0 55 0 0 3865 0 57 0 2 7 0 0 0 6 0
0 0 0 395 0 3865 3865 0 0 1222 0 234 455 0 3865 281 29 3865 3311 0 0 0 1002 655 3865 3865 205 0 3755 0 0 0 0 0 0 0 538 3865 616 3290 1383 3865 3865 15 0 2143 0 87 0 3865 565 3865 3501 2958 3865 0 0 2912 3865
3076 2257 0 0 3076 565 565 3076 3076 221 0 0 2783 2772 565 3195 141 565 653 3076 3076 3076 107 2417 565 565 0 3076 597 3076 57 3076 3076 3076 3076 57 2746 565 2011 0 382 565 565 107 3076 884 1 3076 57 565 3865 565 625 995 565 3076 3076 1072 565
0 0 0 395 0 3865 3865 0 0 1222 0 234 455 0 3865 281 29 3865 3311 0 0 0 1002 655 3865 3865 205 0 3755 0 0 0 0 0 0 0 538 3865 616 3290 1383 3865 3865 15 0 2143 0 87 0 3865 565 3865 3501 2958 3865 0 0 2912 3865
60 10 10 397 60 3501 3501 60 60 893 10 102 515 60 3501 341 39 3501 2947 60 60 60 638 661 3501 3501 205 60 3391 60 2 60 60 60 60 2 598 3501 807 2926 1497 3501 3501 8 60 2201 0 147 2 3501 625 3501 3865 2833 3501 60 60 2781 3501
430 7 7 0 430 2958 2958 430 430 315 7 234 421 413 2958 711 0 2958 2962 430 430 430 748 58 2958 2958 205 430 2848 430 97 430 430 430 430 7 387 2958 3 2383 1390 2958 2958 15 430 2326 10 430 7 2958 995 2958 2833 3865 2958 430 430 3127 2958
0 0 0 395 0 3865 3865 0 0 1222 0 234 455 0 3865 281 29 3865 3311 0 0 0 1002 655 3865 3865 205 0 3755 0 0 0 0 0 0 0 538 3865 616 3290 1383 3865 3865 15 0 2143 0 87 0 3865 565 3865 3501 2958 3865 0 0 2912 3865
3865 2856 9 0 3865 0 0 3827 3865 107 0 0 3378 3371 0 3216 141 0 278 3865 3855 3865 0 3016 0 0 0 3865 32 3865 0 3865 3865 3865 3865 0 2972 0 2610 0 3 0 0 0 3865 319 0 3778 0 0 3076 0 60 430 0 3865 3865 697 0
3865 2856 9 0 3865 0 0 3827 3865 107 0 0 3378 3371 0 3216 141 0 278 3865 3855 3865 0 3016 0 0 0 3865 32 3865 0 3865 3865 3865 3865 0 2972 0 2610 0 3 0 0 0 3865 319 0 3778 0 0 3076 0 60 430 0 3865 3865 697 0
697 11 11 6 697 2912 2912 697 697 269 11 245 210 203 2912 978 11 2912 3190 697 697 697 702 92 2912 2912 214 697 2802 697 6 697 697 697 697 6 177 2912 11 2337 1389 2912 2912 200 697 2144 0 610 6 2912 1072 2912 2781 3127 2912 697 697 3865 2912
0 0 0 395 0 3865 3865 0 0 1222 0 234 455 0 3865 281 29 3865 3311 0 0 0 1002 655 3865 3865 205 0 3755 0 0 0 0 0 0 0 538 3865 616 3290 1383 3865 3865 15 0 2143 0 87 0 3865 565 3865 3501 2958 3865 0 0 2912 3865
