1634 430 617 290 450 451 33 150 21 617 0 617 12 0 12 36 504 689 627 12 539 14 12 546 12 569 556 782 617 59 12 284 12 617 617 12 4 663 617 0 497 147 12 12 12 12 12 1 109 495 509 0 12 617 250 134 617 12 12
430 1634 1409 13 641 17 328 279 10 1409 10 1409 8 0 8 42 1121 57 1381 8 1033 51 8 893 8 625 1317 49 1409 22 8 195 8 1409 1409 8 33 1270 1409 44 989 61 8 6 8 8 100 41 25 1102 1182 7 8 1409 154 152 1409 8 8
617 1409 1634 7 738 10 306 257 0 1634 0 1634 0 0 0 16 1346 50 1606 0 1258 47 0 977 0 733 1542 85 1634 0 0 213 0 1634 1634 0 2 1495 1634 0 1034 59 0 0 0 0 90 33 8 1159 1407 0 0 1634 183 258 1634 0 0
290 13 7 1634 7 0 1 0 52 7 16 7 250 25 28 3 7 274 1 28 31 37 315 1 28 70 7 445 7 0 25 51 22 7 7 319 2 1 7 304 1 28 28 81 41 334 15 323 4 20 7 293 298 7 39 48 7 28 28
450 641 738 7 1634 13 59 438 297 738 0 738 0 0 0 28 670 20 710 0 615 19 0 524 0 522 646 69 738 29 0 173 0 738 738 0 121 599 738 0 527 20 0 0 0 0 369 1 96 685 613 0 0 738 190 192 738 0 0
451 17 10 0 13 1634 4 8 1 10 3 10 3 0 3 1 120 708 18 3 72 3 3 10 3 8 5 409 10 1 3 357 3 10 10 3 39 27 10 0 241 196 3 4 3 3 72 21 94 82 40 6 3 10 604 309 10 3 3
33 328 306 1 59 4 1634 7 20 306 20 306 0 0 0 6 265 5 306 0 218 1 0 266 0 93 306 20 306 47 0 120 0 306 306 0 23 268 306 0 256 41 0 0 0 0 185 50 57 308 306 0 0 306 163 16 306 0 0
150 279 257 0 438 8 7 1634 468 257 0 257 0 0 0 469 76 50 257 0 39 1 0 236 0 374 165 22 257 587 0 251 0 257 257 0 117 257 257 0 289 4 0 0 0 0 72 1 132 276 30 0 0 257 160 113 257 0 0
21 10 0 52 297 1 20 468 1634 0 0 0 0 0 0 400 0 12 0 0 46 1 0 0 0 48 57 32 0 0 0 64 0 0 0 0 300 0 0 0 58 3 0 0 0 0 840 96 181 3 89 0 0 0 145 36 0 0 0
617 1409 1634 7 738 10 306 257 0 1634 0 1634 0 0 0 16 1346 50 1606 0 1258 47 0 977 0 733 1542 85 1634 0 0 213 0 1634 1634 0 2 1495 1634 0 1034 59 0 0 0 0 90 33 8 1159 1407 0 0 1634 183 258 1634 0 0
0 10 0 16 0 3 20 0 0 0 1634 0 0 0 0 20 0 452 0 0 10 0 0 0 0 8 0 30 0 0 0 48 0 0 0 0 191 0 0 0 71 0 0 0 0 0 0 0 486 0 0 0 0 0 8 26 0 0 0
617 1409 1634 7 738 10 306 257 0 1634 0 1634 0 0 0 16 1346 50 1606 0 1258 47 0 977 0 733 1542 85 1634 0 0 213 0 1634 1634 0 2 1495 1634 0 1034 59 0 0 0 0 90 33 8 1159 1407 0 0 1634 183 258 1634 0 0
12 8 0 250 0 3 0 0 0 0 0 0 1634 4 1261 9 0 0 0 1261 9 810 1536 0 1261 10 0 0 0 0 1261 9 1268 0 0 1346 13 0 0 361 0 921 1261 445 1413 1466 0 1084 4 14 15 361 1444 0 1 222 0 1261 1261
0 0 0 25 0 0 0 0 0 0 0 0 4 1634 0 1 0 0 0 0 6 0 17 0 0 5 0 0 0 0 0 11 0 0 0 0 0 0 0 0 0 0 0 440 0 0 15 0 0 3 1 0 0 0 0 29 0 0 0
12 8 0 28 0 3 0 0 0 0 0 0 1261 0 1634 9 0 0 0 1634 9 861 1175 0 1634 10 0 35 0 0 1590 83 1363 0 0 985 13 0 0 0 0 921 1634 420 1472 1105 14 723 4 7 15 0 1083 0 12 53 0 1634 1634
36 42 16 3 28 1 6 469 400 16 20 16 9 1 9 1634 16 0 16 9 28 10 9 16 9 22 16 28 16 610 9 236 9 16 16 9 411 16 16 153 70 9 9 1 9 9 0 43 573 38 21 0 9 16 88 51 16 9 9
504 1121 1346 7 670 120 265 76 0 1346 0 1346 0 0 0 16 1634 0 1318 0 1262 47 0 689 0 445 1346 85 1346 0 0 247 0 1346 1346 0 2 1207 1346 0 746 59 0 0 0 0 90 34 8 871 1352 0 0 1346 401 431 1346 0 0
689 57 50 274 20 708 5 50 12 50 452 50 0 0 0 0 0 1634 50 0 68 0 0 50 0 145 50 733 50 0 0 219 0 50 50 0 192 50 50 0 345 98 0 0 0 0 61 1 48 122 1 0 0 50 182 131 50 0 0
627 1381 1606 1 710 18 306 257 0 1606 0 1606 0 0 0 16 1318 50 1634 0 1230 47 0 981 0 733 1514 85 1606 0 0 213 0 1606 1606 0 3 1503 1606 0 1049 67 0 0 0 0 90 33 8 1131 1379 0 0 1606 180 258 1606 0 0
12 8 0 28 0 3 0 0 0 0 0 0 1261 0 1634 9 0 0 0 1634 9 861 1175 0 1634 10 0 35 0 0 1590 83 1363 0 0 985 13 0 0 0 0 921 1634 420 1472 1105 14 723 4 7 15 0 1083 0 12 53 0 1634 1634
539 1033 1258 31 615 72 218 39 46 1258 10 1258 9 6 9 28 1262 68 1230 9 1634 56 9 601 9 453 1259 123 1258 12 9 223 9 1258 1258 9 30 1119 1258 13 658 68 9 9 9 9 129 90 18 783 1254 7 9 1258 117 325 1258 9 9
14 51 47 37 19 3 1 1 1 47 0 47 810 0 861 10 47 0 47 861 56 1634 810 23 861 13 47 37 47 3 823 58 810 47 47 826 61 49 47 0 40 850 861 426 823 811 34 408 6 13 62 296 812 47 21 83 47 861 861
12 8 0 315 0 3 0 0 0 0 0 0 1536 17 1175 9 0 0 0 1175 9 810 1634 0 1175 10 0 0 0 0 1175 9 1182 0 0 1411 13 0 0 426 0 916 1175 510 1327 1531 0 1149 4 14 15 427 1491 0 1 222 0 1175 1175
546 893 977 1 524 10 266 236 0 977 0 977 0 0 0 16 689 50 981 0 601 23 0 1634 0 721 885 26 977 1 0 133 0 977 977 0 2 1050 977 0 983 75 0 0 0 0 0 33 28 904 750 0 0 977 229 137 977 0 0
12 8 0 28 0 3 0 0 0 0 0 0 1261 0 1634 9 0 0 0 1634 9 861 1175 0 1634 10 0 35 0 0 1590 83 1363 0 0 985 13 0 0 0 0 921 1634 420 1472 1105 14 723 4 7 15 0 1083 0 12 53 0 1634 1634
569 625 733 70 522 8 93 374 48 733 8 733 10 5 10 22 445 145 733 10 453 13 10 721 10 1634 641 125 733 645 10 66 10 733 733 10 166 733 733 14 688 10 10 9 10 10 4 10 54 676 506 6 10 733 198 239 733 10 10
556 1317 1542 7 646 5 306 165 57 1542 0 1542 0 0 0 16 1346 50 1514 0 1259 47 0 885 0 641 1634 85 1542 0 0 227 0 1542 1542 0 14 1403 1542 0 942 59 0 0 0 0 124 42 9 1067 1464 0 0 1542 183 258 1542 0 0
782 49 85 445 69 409 20 22 32 85 30 85 0 0 35 28 85 733 85 35 123 37 0 26 35 125 85 1634 85 17 0 294 0 85 85 0 30 43 85 0 110 65 35 0 0 0 27 0 157 90 85 0 0 85 194 65 85 35 35
617 1409 1634 7 738 10 306 257 0 1634 0 1634 0 0 0 16 1346 50 1606 0 1258 47 0 977 0 733 1542 85 1634 0 0 213 0 1634 1634 0 2 1495 1634 0 1034 59 0 0 0 0 90 33 8 1159 1407 0 0 1634 183 258 1634 0 0
59 22 0 0 29 1 47 587 0 0 0 0 0 0 0 610 0 0 0 0 12 3 0 1 0 645 0 17 0 1634 0 220 0 0 0 0 157 0 0 0 54 0 0 0 0 0 0 34 208 30 5 0 0 0 130 147 0 0 0
12 8 0 25 0 3 0 0 0 0 0 0 1261 0 1590 9 0 0 0 1590 9 823 1175 0 1590 10 0 0 0 0 1634 39 1363 0 0 985 13 0 0 0 0 921 1590 420 1472 1105 14 723 4 7 15 0 1083 0 4 53 0 1590 1590
284 195 213 51 173 357 120 251 64 213 48 213 9 11 83 236 247 219 213 83 223 58 9 133 83 66 227 294 213 220 39 1634 9 213 213 9 66 148 213 151 150 42 83 7 9 9 25 7 57 225 224 0 9 213 227 214 213 83 83
12 8 0 22 0 3 0 0 0 0 0 0 1268 0 1363 9 0 0 0 1363 9 810 1182 0 1363 10 0 0 0 0 1363 9 1634 0 0 992 13 0 0 7 0 921 1363 430 1363 1112 0 730 4 10 15 7 1090 0 1 49 0 1363 1363
617 1409 1634 7 738 10 306 257 0 1634 0 1634 0 0 0 16 1346 50 1606 0 1258 47 0 977 0 733 1542 85 1634 0 0 213 0 1634 1634 0 2 1495 1634 0 1034 59 0 0 0 0 90 33 8 1159 1407 0 0 1634 183 258 1634 0 0
617 1409 1634 7 738 10 306 257 0 1634 0 1634 0 0 0 16 1346 50 1606 0 1258 47 0 977 0 733 1542 85 1634 0 0 213 0 1634 1634 0 2 1495 1634 0 1034 59 0 0 0 0 90 33 8 1159 1407 0 0 1634 183 258 1634 0 0
12 8 0 319 0 3 0 0 0 0 0 0 1346 0 985 9 0 0 0 985 9 826 1411 0 985 10 0 0 0 0 985 9 992 0 0 1634 13 0 0 592 0 942 985 575 1137 1476 0 1068 4 11 15 431 1448 0 1 222 0 985 985
4 33 2 2 121 39 23 117 300 2 191 2 13 0 13 411 2 192 3 13 30 61 13 2 13 166 14 30 2 157 13 66 13 2 2 13 1634 2 2 196 70 23 13 5 13 13 46 129 238 24 55 3 13 2 151 72 2 13 13
663 1270 1495 1 599 27 268 257 0 1495 0 1495 0 0 0 16 1207 50 1503 0 1119 49 0 1050 0 733 1403 43 1495 0 0 148 0 1495 1495 0 2 1634 1495 0 1034 76 0 0 0 0 90 33 8 1020 1268 0 0 1495 248 258 1495 0 0
617 1409 1634 7 738 10 306 257 0 1634 0 1634 0 0 0 16 1346 50 1606 0 1258 47 0 977 0 733 1542 85 1634 0 0 213 0 1634 1634 0 2 1495 1634 0 1034 59 0 0 0 0 90 33 8 1159 1407 0 0 1634 183 258 1634 0 0
0 44 0 304 0 0 0 0 0 0 0 0 361 0 0 153 0 0 0 0 13 0 426 0 0 14 0 0 0 0 0 151 7 0 0 592 196 0 0 1634 0 0 0 119 152 455 0 455 220 44 19 415 499 0 0 173 0 0 0
497 989 1034 1 527 241 256 289 58 1034 71 1034 0 0 0 70 746 345 1049 0 658 40 0 983 0 688 942 110 1034 54 0 150 0 1034 1034 0 70 1034 1034 0 1634 44 0 0 0 0 83 33 59 1032 807 0 0 1034 122 210 1034 0 0
147 61 59 28 20 196 41 4 3 59 0 59 921 0 921 9 59 98 67 921 68 850 916 75 921 10 59 65 59 0 921 42 921 59 59 942 23 76 59 0 44 1634 921 488 921 964 68 536 14 0 74 4 916 59 56 101 59 921 921
12 8 0 28 0 3 0 0 0 0 0 0 1261 0 1634 9 0 0 0 1634 9 861 1175 0 1634 10 0 35 0 0 1590 83 1363 0 0 985 13 0 0 0 0 921 1634 420 1472 1105 14 723 4 7 15 0 1083 0 12 53 0 1634 1634
12 6 0 81 0 4 0 0 0 0 0 0 445 440 420 1 0 0 0 420 9 426 510 0 420 9 0 0 0 0 420 7 430 0 0 575 5 0 0 119 0 488 420 1634 436 597 46 169 0 2 15 86 493 0 1 66 0 420 420
12 8 0 41 0 3 0 0 0 0 0 0 1413 0 1472 9 0 0 0 1472 9 823 1327 0 1472 10 0 0 0 0 1472 9 1363 0 0 1137 13 0 0 152 0 921 1472 436 1634 1257 0 875 4 7 15 152 1235 0 1 205 0 1472 1472
12 8 0 334 0 3 0 0 0 0 0 0 1466 0 1105 9 0 0 0 1105 9 811 1531 0 1105 10 0 0 0 0 1105 9 1112 0 0 1476 13 0 0 455 0 964 1105 597 1257 1634 0 1190 4 11 15 416 1491 0 1 222 0 1105 1105
12 100 90 15 369 72 185 72 840 90 0 90 0 15 14 0 90 61 90 14 129 34 0 0 14 4 124 27 90 0 14 25 0 90 90 0 46 90 90 0 83 68 14 46 0 0 1634 8 50 42 155 0 0 90 153 160 90 14 14
1 41 33 323 1 21 50 1 96 33 0 33 1084 0 723 43 34 1 33 723 90 408 1149 33 723 10 42 0 33 34 723 7 730 33 33 1068 129 33 33 455 33 536 723 169 875 1190 8 1634 40 44 74 421 1083 33 28 176 33 723 723
109 25 8 4 96 94 57 132 181 8 486 8 4 0 4 573 8 48 8 4 18 6 4 28 4 54 9 157 8 208 4 57 4 8 8 4 238 8 8 220 59 14 4 0 4 4 50 40 1634 20 12 11 4 8 87 7 8 4 4
495 1102 1159 20 685 82 308 276 3 1159 0 1159 14 3 7 38 871 122 1131 7 783 13 14 904 7 676 1067 90 1159 30 7 225 10 1159 1159 11 24 1020 1159 44 1032 0 7 2 7 11 42 44 20 1634 932 11 91 1159 155 63 1159 7 7
509 1182 1407 7 613 40 306 30 89 1407 0 1407 15 1 15 21 1352 1 1379 15 1254 62 15 750 15 506 1464 85 1407 5 15 224 15 1407 1407 15 55 1268 1407 19 807 74 15 15 15 15 155 74 12 932 1634 3 15 1407 189 264 1407 15 15
0 7 0 293 0 6 0 0 0 0 0 0 361 0 0 0 0 0 0 0 7 296 427 0 0 6 0 0 0 0 0 0 7 0 0 431 3 0 0 415 0 4 0 86 152 416 0 421 11 11 3 1634 410 0 1 173 0 0 0
12 8 0 298 0 3 0 0 0 0 0 0 1444 0 1083 9 0 0 0 1083 9 812 1491 0 1083 10 0 0 0 0 1083 9 1090 0 0 1448 13 0 0 499 0 916 1083 493 1235 1491 0 1083 4 91 15 410 1634 0 1 222 0 1083 1083
617 1409 1634 7 738 10 306 257 0 1634 0 1634 0 0 0 16 1346 50 1606 0 1258 47 0 977 0 733 1542 85 1634 0 0 213 0 1634 1634 0 2 1495 1634 0 1034 59 0 0 0 0 90 33 8 1159 1407 0 0 1634 183 258 1634 0 0
250 154 183 39 190 604 163 160 145 183 8 183 1 0 12 88 401 182 180 12 117 21 1 229 12 198 183 194 183 130 4 227 1 183 183 1 151 248 183 0 122 56 12 1 1 1 153 28 87 155 189 1 1 183 1634 328 183 12 12
134 152 258 48 192 309 16 113 36 258 26 258 222 29 53 51 431 131 258 53 325 83 222 137 53 239 258 65 258 147 53 214 49 258 258 222 72 258 258 173 210 101 53 66 205 222 160 176 7 63 264 173 222 258 328 1634 258 53 53
617 1409 1634 7 738 10 306 257 0 1634 0 1634 0 0 0 16 1346 50 1606 0 1258 47 0 977 0 733 1542 85 1634 0 0 213 0 1634 1634 0 2 1495 1634 0 1034 59 0 0 0 0 90 33 8 1159 1407 0 0 1634 183 258 1634 0 0
12 8 0 28 0 3 0 0 0 0 0 0 1261 0 1634 9 0 0 0 1634 9 861 1175 0 1634 10 0 35 0 0 1590 83 1363 0 0 985 13 0 0 0 0 921 1634 420 1472 1105 14 723 4 7 15 0 1083 0 12 53 0 1634 1634
12 8 0 28 0 3 0 0 0 0 0 0 1261 0 1634 9 0 0 0 1634 9 861 1175 0 1634 10 0 35 0 0 1590 83 1363 0 0 985 13 0 0 0 0 921 1634 420 1472 1105 14 723 4 7 15 0 1083 0 12 53 0 1634 1634
