8200 1978 4105 2155 1569 571 2683 345 180 4105 396 2380 247 437 4225 4105 606 1084 3583 703 1050 2400 881 3514 489 1846 2728 617 734 1295 1428 1064 3748 1019 1905 1352 1116 4105 129 316 1655 1269 3393 507 2545 1411 4105 1205 796 1015 1034 4001 4105 1210 2676 1911 4105 1064 1064
1978 8200 5274 4490 634 370 2567 116 0 5623 48 213 821 1564 5398 5623 1001 1247 5266 1146 881 582 596 3899 972 4243 2283 1109 662 1942 1071 0 4371 142 3711 2273 2459 5623 11 232 868 868 3805 458 3357 2348 5623 984 1305 15 103 3489 5623 1430 5400 4397 5623 0 0
4105 5274 8200 4723 1663 359 4197 42 0 7851 0 2548 150 649 7626 7851 878 1259 6970 1035 791 2719 609 6476 465 3818 3661 1094 607 2648 945 0 6948 142 3488 1924 2093 7851 0 230 1329 519 4976 531 3997 2348 7851 635 1525 9 103 5717 7851 1081 5579 4048 7851 0 0
2155 4490 4723 8200 688 403 1831 740 15 4724 371 506 423 870 4499 4724 873 1206 4242 842 322 805 338 3910 603 3240 1985 996 350 2215 319 18 4337 160 3014 1422 1703 4724 469 550 613 405 3381 563 2713 2269 4724 496 1253 1 121 2719 4724 579 4383 3467 4724 18 18
1569 634 1663 688 8200 163 4787 379 94 1663 61 2322 321 410 1760 1663 676 392 1188 178 3927 2235 1253 1451 359 582 1133 360 141 713 3383 3751 1663 3751 314 3426 533 1663 376 280 3709 3751 536 453 3868 1900 1663 3751 951 3751 3751 1544 1663 3869 933 2559 1663 3751 3751
571 370 359 403 163 8200 398 1120 273 359 234 252 606 603 359 359 868 401 456 1302 1059 207 49 118 217 1269 458 271 1858 2 1172 1163 184 953 1039 469 773 359 952 847 633 263 456 432 398 50 359 379 286 737 1060 789 359 382 340 468 359 1163 1163
2683 2567 4197 1831 4787 398 8200 154 0 4546 0 3573 177 646 4643 4546 741 838 4071 531 4461 2145 629 2822 385 2666 1210 874 458 254 3900 3580 3294 3722 1770 4704 2299 4546 0 132 4909 4448 1965 427 4864 1494 4546 4564 575 3595 3683 3420 4546 5010 2346 4061 4546 3580 3580
345 116 42 740 379 1120 154 8200 566 42 349 261 573 218 58 42 1129 423 146 674 163 295 188 163 697 235 236 517 498 58 643 580 70 580 401 250 547 42 2531 820 655 350 502 427 203 359 42 266 691 580 580 42 42 154 42 84 42 580 580
180 0 0 15 94 273 0 566 8200 0 0 87 76 54 0 0 395 3 10 62 0 323 65 0 315 0 114 147 0 501 464 464 0 464 45 0 3 0 66 707 464 383 469 80 0 0 0 299 4 464 464 62 0 0 0 0 0 464 464
4105 5623 7851 4724 1663 359 4546 42 0 8200 0 2553 157 746 7975 8200 878 1284 7319 1050 881 2719 609 6476 508 4167 3661 1102 607 2648 945 0 6948 142 3819 2273 2442 8200 0 230 1625 868 5224 596 4132 2348 8200 984 1525 15 103 6066 8200 1430 5928 4397 8200 0 0
396 48 0 371 61 234 0 349 0 0 8200 569 696 189 8 0 152 1360 74 962 0 310 122 0 395 63 0 908 568 16 141 0 444 0 131 173 501 0 0 2464 388 0 4 728 72 0 0 0 679 0 0 0 0 0 0 0 0 0 0
2380 213 2548 506 2322 252 3573 261 87 2553 569 8200 515 242 2553 2553 259 1077 2097 504 2545 2622 384 2378 246 480 1250 954 893 608 3509 2789 2526 2789 364 651 374 2553 80 824 3461 2887 2170 136 1025 60 2553 2887 384 2875 2789 3499 2553 2731 660 191 2553 2789 2789
247 821 150 423 321 606 177 573 76 157 696 515 8200 3901 157 157 1018 1559 232 1169 97 535 265 107 624 886 1292 1061 1169 264 411 97 161 97 479 307 550 157 748 586 363 104 47 873 158 185 157 83 969 97 97 55 157 104 148 148 157 97 97
437 1564 649 870 410 603 646 218 54 746 189 242 3901 8200 746 746 180 539 815 1083 19 357 381 220 620 959 1280 946 1370 464 289 19 229 161 488 812 1080 746 382 887 794 536 665 1594 248 140 746 517 899 34 122 522 746 536 542 637 746 19 19
4225 5398 7626 4499 1760 359 4643 58 0 7975 8 2553 157 746 8200 7975 878 1406 7152 1052 978 2742 609 6251 549 4287 3562 997 607 2423 1042 97 6723 239 3939 2370 2445 7975 0 230 1722 965 4999 596 4229 2184 7975 1081 1300 112 200 5841 7975 1527 5703 4494 7975 97 97
4105 5623 7851 4724 1663 359 4546 42 0 8200 0 2553 157 746 7975 8200 878 1284 7319 1050 881 2719 609 6476 508 4167 3661 1102 607 2648 945 0 6948 142 3819 2273 2442 8200 0 230 1625 868 5224 596 4132 2348 8200 984 1525 15 103 6066 8200 1430 5928 4397 8200 0 0
606 1001 878 873 676 868 741 1129 395 878 152 259 1018 180 878 878 8200 1626 956 732 1034 669 1137 215 1118 1260 557 426 1317 427 525 629 741 629 941 1188 1141 878 1502 1303 262 689 332 1193 1230 784 878 689 861 629 629 307 878 904 1313 1321 878 629 629
1084 1247 1259 1206 392 401 838 423 3 1284 1360 1077 1559 539 1406 1284 1626 8200 1376 1928 491 817 496 659 914 2160 796 1332 1281 445 84 65 1429 75 1380 811 2221 1284 564 387 100 107 767 338 1051 206 1284 107 771 66 65 568 1284 396 1274 1031 1284 65 65
3583 5266 6970 4242 1188 456 4071 146 10 7319 74 2097 232 815 7152 7319 956 1376 8200 1054 946 2316 674 5595 557 4183 3106 1151 791 2249 831 65 6067 207 3642 2338 2288 7319 41 334 1309 933 4883 661 3841 2413 7319 1049 1221 80 168 5185 7319 1495 5587 4462 7319 65 65
703 1146 1035 842 178 1302 531 674 62 1050 962 504 1169 1083 1052 1050 732 1928 1054 8200 483 368 448 698 841 1989 1378 1386 1399 205 244 176 748 176 1259 744 957 1050 1190 445 214 221 827 767 1146 860 1050 221 1213 182 176 880 1050 528 1127 1188 1050 176 176
1050 881 791 322 3927 1059 4461 163 0 881 0 2545 97 19 978 881 1034 491 946 483 8200 869 2918 80 281 971 0 361 1928 0 5080 7319 308 7109 1262 5571 996 881 0 855 4433 6829 1700 1974 4315 3416 881 6682 1795 6893 7216 1149 881 7391 2930 4684 881 7319 7319
2400 582 2719 805 2235 207 2145 295 323 2719 310 2622 535 357 2742 2719 669 817 2316 368 869 8200 1073 2682 1177 351 1669 1089 501 1091 1423 815 2718 815 548 527 582 2719 472 479 1313 815 1537 656 1254 626 2719 815 1368 821 815 2551 2719 869 1453 611 2719 815 815
881 596 609 338 1253 49 629 188 65 609 122 384 265 381 609 609 1137 496 674 448 2918 1073 8200 476 346 382 572 632 1660 713 576 2793 801 2793 637 2680 688 609 1247 500 842 2793 1740 2388 2325 2641 609 2570 3028 2982 2793 603 609 2887 2658 2755 609 2793 2793
3514 3899 6476 3910 1451 118 2822 163 0 6476 0 2378 107 220 6251 6476 215 659 5595 698 80 2682 476 8200 254 2443 3662 813 224 2831 1025 80 6476 103 2558 549 718 6476 47 230 909 0 4536 401 3042 2348 6476 0 1464 30 80 4845 6476 0 4427 2801 6476 80 80
489 972 465 603 359 217 385 697 315 508 395 246 624 620 549 508 1118 914 557 841 281 1177 346 254 8200 602 605 1383 624 694 504 206 516 307 309 621 689 508 863 794 630 466 398 947 344 346 508 466 651 221 268 418 508 517 532 469 508 206 206
1846 4243 3818 3240 582 1269 2666 235 0 4167 63 480 886 959 4287 4167 1260 2160 4183 1989 971 351 382 2443 602 8200 1221 764 981 500 205 90 2915 232 3927 2363 2960 4167 204 274 831 958 2340 512 3456 1622 4167 1219 445 105 193 2252 4167 1520 3935 3982 4167 90 90
2728 2283 3661 1985 1133 458 1210 236 114 3661 0 1250 1292 1280 3562 3661 557 796 3106 1378 0 1669 572 3662 605 1221 8200 722 819 1907 0 0 3661 0 1620 183 418 3661 296 189 225 0 3045 532 1615 2120 3661 0 1495 0 0 3333 3661 0 2451 1406 3661 0 0
617 1109 1094 996 360 271 874 517 147 1102 908 954 1061 946 997 1102 426 1332 1151 1386 361 1089 632 813 1383 764 722 8200 984 778 843 168 1077 162 802 632 934 1102 874 365 594 220 564 403 531 366 1102 248 1140 163 162 877 1102 253 574 605 1102 168 168
734 662 607 350 141 1858 458 498 0 607 568 893 1169 1370 607 607 1317 1281 791 1399 1928 501 1660 224 624 981 819 984 8200 399 474 1841 534 1808 1376 1928 611 607 437 826 447 1805 1703 1912 1255 1606 607 1588 1140 1781 1841 781 607 2001 1995 1995 607 1841 1841
1295 1942 2648 2215 713 2 254 58 501 2648 16 608 264 464 2423 2648 427 445 2249 205 0 1091 713 2831 694 500 1907 778 399 8200 428 0 2648 0 1057 95 256 2648 67 38 7 0 2602 583 310 1312 2648 0 1511 0 0 2262 2648 0 2470 844 2648 0 0
1428 1071 945 319 3383 1172 3900 643 464 945 141 3509 411 289 1042 945 525 84 831 244 5080 1423 576 1025 504 205 0 843 474 428 8200 5961 945 5751 255 2614 472 945 0 868 5394 5061 1863 242 2186 1285 945 4977 411 5535 5858 1700 945 4531 624 1780 945 5961 5961
1064 0 0 18 3751 1163 3580 580 464 0 0 2789 97 19 97 0 629 65 65 176 7319 815 2793 80 206 90 0 168 1841 0 5961 8200 0 7990 381 4690 115 0 0 855 5240 7300 2581 1974 3434 3416 0 6953 1795 7774 8097 946 0 6770 2049 3803 0 8200 8200
3748 4371 6948 4337 1663 184 3294 70 0 6948 444 2526 161 229 6723 6948 741 1429 6067 748 308 2718 801 6476 516 2915 3661 1077 534 2648 945 0 8200 0 3005 1021 1190 6948 397 230 909 0 4556 411 3674 2348 6948 0 1547 48 0 4845 6948 178 4899 3273 6948 0 0
1019 142 142 160 3751 953 3722 580 464 142 0 2789 97 161 239 142 629 75 207 176 7109 815 2793 103 307 232 0 162 1808 0 5751 7990 0 8200 381 4832 257 142 0 855 5382 7442 2723 2114 3434 3416 142 7095 1795 7774 8093 1088 142 6912 2049 3689 142 7990 7990
1905 3711 3488 3014 314 1039 1770 401 45 3819 131 364 479 488 3939 3819 941 1380 3642 1259 1262 548 637 2558 309 3927 1620 802 1376 1057 255 381 3005 381 8200 2044 1861 3819 360 315 515 786 2544 632 3218 2298 3819 761 491 368 381 2166 3819 1348 4053 3850 3819 381 381
1352 2273 1924 1422 3426 469 4704 250 0 2273 173 651 307 812 2370 2273 1188 811 2338 744 5571 527 2680 549 621 2363 183 632 1928 95 2614 4690 1021 4832 2044 8200 2068 2273 178 150 3455 5558 2283 2465 5073 3704 2273 5411 1862 4705 4793 1287 2273 6120 4099 5820 2273 4690 4690
1116 2459 2093 1703 533 773 2299 547 3 2442 501 374 550 1080 2445 2442 1141 2221 2288 957 996 582 688 718 689 2960 418 934 611 256 472 115 1190 257 1861 2068 8200 2442 229 80 1042 983 1181 610 1740 329 2442 1279 448 130 218 1595 2442 1545 2066 2203 2442 115 115
4105 5623 7851 4724 1663 359 4546 42 0 8200 0 2553 157 746 7975 8200 878 1284 7319 1050 881 2719 609 6476 508 4167 3661 1102 607 2648 945 0 6948 142 3819 2273 2442 8200 0 230 1625 868 5224 596 4132 2348 8200 984 1525 15 103 6066 8200 1430 5928 4397 8200 0 0
129 11 0 469 376 952 0 2531 66 0 0 80 748 382 0 0 1502 564 41 1190 0 472 1247 47 863 204 296 874 437 67 0 0 397 0 360 178 229 0 8200 350 173 0 189 1255 277 240 0 0 937 189 0 0 0 0 0 0 0 0 0
316 232 230 550 280 847 132 820 707 230 2464 824 586 887 230 230 1303 387 334 445 855 479 500 230 794 274 189 365 826 38 868 855 230 855 315 150 80 230 350 8200 1150 855 520 741 297 297 230 788 212 855 855 198 230 855 297 297 230 855 855
1655 868 1329 613 3709 633 4909 655 464 1625 388 3461 363 794 1722 1625 262 100 1309 214 4433 1313 842 909 630 831 225 594 447 7 5394 5240 909 5382 515 3455 1042 1625 173 1150 8200 5772 2058 329 2598 1465 1625 5688 508 5255 5343 2545 1625 5242 624 2312 1625 5240 5240
1269 868 519 405 3751 263 4448 350 383 868 0 2887 104 536 965 868 689 107 933 221 6829 815 2793 0 466 958 0 220 1805 0 5061 7300 0 7442 786 5558 983 868 0 855 5772 8200 3017 2110 3668 3416 868 7821 1795 7315 7403 1814 868 7638 2694 4415 868 7300 7300
3393 3805 4976 3381 536 456 1965 502 469 5224 4 2170 47 665 4999 5224 332 767 4883 827 1700 1537 1740 4536 398 2340 3045 564 1703 2602 1863 2581 4556 2723 2544 2283 1181 5224 189 520 2058 3017 8200 1675 2428 3111 5224 2670 1838 2596 2684 4725 5224 2487 5268 3737 5224 2581 2581
507 458 531 563 453 432 427 427 80 596 728 136 873 1594 596 596 1193 338 661 767 1974 656 2388 401 947 512 532 403 1912 583 242 1974 411 2114 632 2465 610 596 1255 741 329 2110 1675 8200 1525 2155 596 1847 2204 1977 2077 356 596 2110 2297 2235 596 1974 1974
2545 3357 3997 2713 3868 398 4864 203 0 4132 72 1025 158 248 4229 4132 1230 1051 3841 1146 4315 1254 2325 3042 344 3456 1615 531 1255 310 2186 3434 3674 3434 3218 5073 1740 4132 277 297 2598 3668 2428 1525 8200 4196 4132 3521 1317 3691 3434 2221 4132 4230 4631 6257 4132 3434 3434
1411 2348 2348 2269 1900 50 1494 359 0 2348 0 60 185 140 2184 2348 784 206 2413 860 3416 626 2641 2348 346 1622 2120 366 1606 1312 1285 3416 2348 3416 2298 3704 329 2348 240 297 1465 3416 3111 2155 4196 8200 2348 3153 2169 3416 3416 1429 2348 3416 4397 5505 2348 3416 3416
4105 5623 7851 4724 1663 359 4546 42 0 8200 0 2553 157 746 7975 8200 878 1284 7319 1050 881 2719 609 6476 508 4167 3661 1102 607 2648 945 0 6948 142 3819 2273 2442 8200 0 230 1625 868 5224 596 4132 2348 8200 984 1525 15 103 6066 8200 1430 5928 4397 8200 0 0
1205 984 635 496 3751 379 4564 266 299 984 0 2887 83 517 1081 984 689 107 1049 221 6682 815 2570 0 466 1219 0 248 1588 0 4977 6953 0 7095 761 5411 1279 984 0 788 5688 7821 2670 1847 3521 3153 984 8200 1884 6968 7056 1930 984 7491 2547 4268 984 6953 6953
796 1305 1525 1253 951 286 575 691 4 1525 679 384 969 899 1300 1525 861 771 1221 1213 1795 1368 3028 1464 651 445 1495 1140 1140 1511 411 1795 1547 1795 491 1862 448 1525 937 212 508 1795 1838 2204 1317 2169 1525 1884 8200 1946 1795 1329 1525 1795 2891 1879 1525 1795 1795
1015 15 9 1 3751 737 3595 580 464 15 0 2875 97 34 112 15 629 66 80 182 6893 821 2982 30 221 105 0 163 1781 0 5535 7774 48 7774 368 4705 130 15 189 855 5255 7315 2596 1977 3691 3416 15 6968 1946 8200 7774 961 15 6785 2064 3690 15 7774 7774
1034 103 103 121 3751 1060 3683 580 464 103 0 2789 97 122 200 103 629 65 168 176 7216 815 2793 80 268 193 0 162 1841 0 5858 8097 0 8093 381 4793 218 103 0 855 5343 7403 2684 2077 3434 3416 103 7056 1795 7774 8200 1049 103 6873 2049 3700 103 8097 8097
4001 3489 5717 2719 1544 789 3420 42 62 6066 0 3499 55 522 5841 6066 307 568 5185 880 1149 2551 603 4845 418 2252 3333 877 781 2262 1700 946 4845 1088 2166 1287 1595 6066 0 198 2545 1814 4725 356 2221 1429 6066 1930 1329 961 1049 8200 6066 1958 3794 2263 6066 946 946
4105 5623 7851 4724 1663 359 4546 42 0 8200 0 2553 157 746 7975 8200 878 1284 7319 1050 881 2719 609 6476 508 4167 3661 1102 607 2648 945 0 6948 142 3819 2273 2442 8200 0 230 1625 868 5224 596 4132 2348 8200 984 1525 15 103 6066 8200 1430 5928 4397 8200 0 0
1210 1430 1081 579 3869 382 5010 154 0 1430 0 2731 104 536 1527 1430 904 396 1495 528 7391 869 2887 0 517 1520 0 253 2001 0 4531 6770 178 6912 1348 6120 1545 1430 0 855 5242 7638 2487 2110 4230 3416 1430 7491 1795 6785 6873 1958 1430 8200 3256 4977 1430 6770 6770
2676 5400 5579 4383 933 340 2346 42 0 5928 0 660 148 542 5703 5928 1313 1274 5587 1127 2930 1453 2658 4427 532 3935 2451 574 1995 2470 624 2049 4899 2049 4053 4099 2066 5928 0 297 624 2694 5268 2297 4631 4397 5928 2547 2891 2064 2049 3794 5928 3256 8200 6351 5928 2049 2049
1911 4397 4048 3467 2559 468 4061 84 0 4397 0 191 148 637 4494 4397 1321 1031 4462 1188 4684 611 2755 2801 469 3982 1406 605 1995 844 1780 3803 3273 3689 3850 5820 2203 4397 0 297 2312 4415 3737 2235 6257 5505 4397 4268 1879 3690 3700 2263 4397 4977 6351 8200 4397 3803 3803
4105 5623 7851 4724 1663 359 4546 42 0 8200 0 2553 157 746 7975 8200 878 1284 7319 1050 881 2719 609 6476 508 4167 3661 1102 607 2648 945 0 6948 142 3819 2273 2442 8200 0 230 1625 868 5224 596 4132 2348 8200 984 1525 15 103 6066 8200 1430 5928 4397 8200 0 0
1064 0 0 18 3751 1163 3580 580 464 0 0 2789 97 19 97 0 629 65 65 176 7319 815 2793 80 206 90 0 168 1841 0 5961 8200 0 7990 381 4690 115 0 0 855 5240 7300 2581 1974 3434 3416 0 6953 1795 7774 8097 946 0 6770 2049 3803 0 8200 8200
1064 0 0 18 3751 1163 3580 580 464 0 0 2789 97 19 97 0 629 65 65 176 7319 815 2793 80 206 90 0 168 1841 0 5961 8200 0 7990 381 4690 115 0 0 855 5240 7300 2581 1974 3434 3416 0 6953 1795 7774 8097 946 0 6770 2049 3803 0 8200 8200
