2644 98 2 600 615 628 1101 109 1289 81 1716 1737 1116 76 1167 443 911 161 152 947 204 1684 1073 1248 99 1492 162 1689 1045 1270 1737 1783 1759 60 1088 947 1393 1127 595 183 999 733 1351 24 929 218 794 1691 1768 43 72 1166 1763 767 1823 644 1258 686 1154
98 2644 0 333 235 830 987 346 375 935 399 220 892 1079 234 778 105 0 0 796 1051 77 742 321 740 60 296 232 742 387 175 375 459 13 503 742 367 436 748 223 954 85 338 1169 1157 169 579 553 342 705 2377 943 409 807 362 963 397 827 386
2 0 2644 323 2 187 0 148 2 0 2 2 0 0 0 33 28 0 106 0 9 2 0 2 11 36 1 2 0 2 2 2 2 87 2 0 78 0 0 2 0 34 2 12 0 173 2 2 2 0 0 18 2 33 2 0 31 0 32
600 333 323 2644 102 364 124 245 269 68 826 549 213 190 314 83 663 86 83 56 211 586 31 575 10 492 289 557 0 569 539 809 799 72 1125 0 435 50 0 325 99 259 799 36 471 95 840 944 577 0 349 297 799 69 744 260 799 115 356
615 235 2 102 2644 261 1007 1275 724 329 491 724 679 112 1496 93 516 778 83 541 419 417 718 1024 176 571 469 713 718 443 706 634 600 45 721 533 571 723 617 108 650 476 242 270 539 551 225 562 894 0 164 519 811 513 659 734 788 1040 502
628 830 187 364 261 2644 1382 284 708 871 722 517 1531 1010 731 1209 338 125 34 1356 981 581 1372 288 891 368 100 565 1340 694 517 708 708 178 398 1340 866 985 1163 257 1364 218 516 869 1560 163 62 715 533 823 932 1546 708 1312 653 1208 412 1222 931
1101 987 0 124 1007 1382 2644 142 1241 1218 1081 1241 1919 883 1259 1124 389 18 0 1953 1355 821 2067 645 904 1131 430 1051 2067 767 1241 1228 1252 38 715 1959 1078 1653 1479 62 2133 439 717 826 1844 146 300 1094 1394 826 1023 1900 1111 1657 1294 1618 594 1608 1368
109 346 148 245 1275 284 142 2644 12 125 29 12 72 58 858 362 276 898 169 40 176 221 12 707 294 104 118 341 12 53 12 12 12 41 54 12 72 24 318 91 12 100 0 787 140 475 2 69 35 0 346 38 12 47 12 32 332 299 100
1289 375 2 269 724 708 1241 12 2644 0 1746 1702 1523 209 1798 462 357 0 79 1121 144 1059 1537 683 21 1263 0 1176 1473 1579 1613 1857 1828 47 837 1133 1542 1517 663 352 1155 662 1590 0 1260 563 489 1563 1742 0 216 1306 1984 928 1822 1153 1334 963 964
81 935 0 68 329 871 1218 125 0 2644 107 17 906 905 0 793 25 0 942 1048 1487 20 905 308 976 66 353 192 905 3 62 0 113 6 265 905 86 399 921 13 1044 2 0 908 886 82 240 103 153 905 994 923 10 921 130 910 23 946 494
1716 399 2 826 491 722 1081 29 1746 107 2644 1945 1257 245 1430 564 881 0 125 1210 175 1622 1169 1246 72 1477 31 1739 1105 1761 1900 2216 2243 88 1405 1057 1780 1148 651 355 1076 857 1752 15 1299 130 1050 2132 1995 0 240 1326 2192 845 2178 925 1792 763 1279
1737 220 2 549 724 517 1241 12 1702 17 1945 2644 1233 60 1386 415 838 179 125 1091 144 1589 1563 1213 110 1713 0 1706 1627 1419 2555 2116 2069 58 1311 1545 1544 1347 1075 104 1295 857 1708 153 1001 71 922 1851 2232 412 71 1042 2102 1258 2128 772 1454 952 1556
1116 892 0 213 679 1531 1919 72 1523 906 1257 1233 2644 1205 1523 1083 425 0 60 1927 966 872 2266 404 1054 960 39 905 2202 1030 1234 1314 1295 38 442 1910 1308 1716 1648 260 1932 439 999 985 2011 123 133 1231 1261 925 957 2088 1515 1853 1297 1801 891 1896 1541
76 1079 0 190 112 1010 883 58 209 905 245 60 1205 2644 209 762 342 5 5 947 817 66 960 0 1198 38 0 1 948 209 105 209 322 14 21 948 292 425 954 233 981 2 209 931 1007 415 63 187 77 948 1154 1091 253 948 209 1208 292 1184 581
1167 234 0 314 1496 731 1259 858 1798 0 1430 1386 1523 209 2644 465 507 846 77 1121 120 815 1537 367 21 1140 0 860 1473 1183 1300 1541 1512 44 521 1133 1240 1514 663 339 1155 443 1274 0 1222 425 173 1247 1426 0 187 1306 1668 928 1506 1153 1018 963 966
443 778 33 83 93 1209 1124 362 462 793 564 415 1083 762 465 2644 282 523 80 1215 822 399 1111 121 808 472 97 213 1111 263 415 462 462 82 19 1111 571 1057 706 82 1128 83 777 851 1027 407 379 388 415 1017 787 1154 379 890 462 763 70 773 597
911 105 28 663 516 338 389 276 357 25 881 838 425 342 507 282 2644 444 124 384 369 988 338 741 440 716 471 849 338 574 838 838 867 32 860 338 712 585 401 173 365 460 577 85 369 740 833 858 915 0 137 346 838 388 877 391 948 589 699
161 0 0 86 778 125 18 898 0 0 0 179 0 5 846 523 444 2644 77 14 80 195 0 10 144 32 0 11 50 40 223 0 0 187 12 390 123 235 244 0 27 4 524 0 0 749 882 0 0 1523 31 0 0 138 0 0 0 30 101
152 0 106 83 83 34 0 169 79 942 125 125 60 5 77 80 124 77 2644 20 329 241 0 228 140 133 49 222 0 128 125 125 125 93 128 0 103 35 97 54 0 133 125 126 97 136 144 199 125 0 27 14 125 79 125 3 133 9 162
947 796 0 56 541 1356 1953 40 1121 1048 1210 1091 1927 947 1121 1215 384 14 20 2644 1018 852 1979 429 959 888 91 930 1979 823 1136 1121 1121 212 525 1979 1070 1481 1574 134 1979 724 597 937 1808 108 152 1042 1129 911 870 1998 1019 1759 1121 1472 644 1533 1474
204 1051 9 211 419 981 1355 176 144 1487 175 144 966 817 120 822 369 80 329 1018 2644 118 927 400 995 167 890 357 927 147 144 144 144 22 329 927 226 526 966 43 1079 24 144 902 1193 137 791 315 297 880 1156 972 144 989 144 840 156 1003 650
1684 77 2 586 417 581 821 221 1059 20 1622 1589 872 66 815 399 988 195 241 852 118 2644 812 1625 467 1287 3 2047 812 1310 1589 1650 1589 58 1142 812 1352 1012 826 106 847 772 1150 317 1121 269 827 1902 1605 0 36 1042 1589 790 1589 461 1299 588 1311
1073 742 0 31 718 1372 2067 12 1537 905 1169 1563 2266 960 1537 1111 338 0 0 1979 927 812 2644 344 998 1108 0 845 2580 882 1564 1280 1251 38 423 2240 1142 1912 1770 78 2183 439 1013 1041 1769 71 34 986 1370 1107 817 1965 1407 2035 1300 1748 757 1840 1645
1248 321 2 575 1024 288 645 707 683 308 1246 1213 404 0 367 121 741 10 228 429 400 1625 344 2644 431 858 366 1975 344 977 1187 1213 1213 58 1428 344 913 355 760 120 417 818 869 611 726 79 1049 1571 1366 0 181 642 1213 407 1213 382 1564 631 843
99 740 11 10 176 891 904 294 21 976 72 110 1054 1198 21 808 440 144 140 959 995 467 998 431 2644 22 1 384 998 6 155 21 98 0 23 998 133 574 1410 21 1025 21 0 1406 1120 451 17 247 98 977 856 948 21 1061 76 1017 256 1336 862
1492 60 36 492 571 368 1131 104 1263 66 1477 1713 960 38 1140 472 716 32 133 888 167 1287 1108 858 22 2644 79 1297 1108 1060 1713 1647 1620 112 870 947 1175 1207 477 134 969 591 1375 40 741 114 645 1388 1736 0 46 851 1583 651 1679 569 1005 649 1055
162 296 1 289 469 100 430 118 0 353 31 0 39 0 0 97 471 0 49 91 890 3 0 366 1 79 2644 208 0 0 0 0 0 20 293 0 10 35 104 448 152 14 0 39 241 328 694 171 153 0 299 45 0 62 0 47 82 119 149
1689 232 2 557 713 565 1051 341 1176 192 1739 1706 905 1 860 213 849 11 222 930 357 2047 845 1975 384 1297 208 2644 845 1384 1688 1706 1706 58 1399 845 1415 853 963 132 845 857 1182 367 1190 84 927 2019 1785 0 55 1116 1706 899 1706 556 1520 697 1344
1045 742 0 0 718 1340 2067 12 1473 905 1105 1627 2202 948 1473 1111 338 50 0 1979 927 812 2580 344 998 1108 0 845 2644 818 1628 1228 1187 38 423 2304 1078 1872 1834 49 2183 439 949 1041 1729 71 34 963 1370 1171 817 1920 1343 2099 1240 1684 693 1840 1709
1270 387 2 569 443 694 767 53 1579 3 1761 1419 1030 209 1183 263 574 40 128 823 147 1310 882 977 6 1060 0 1384 818 2644 1374 1690 1708 60 1277 767 1537 861 561 311 767 774 1315 86 1106 225 749 1661 1433 0 302 1037 1753 745 1643 828 1479 643 984
1737 175 2 539 706 517 1241 12 1613 62 1900 2555 1234 105 1300 415 838 223 125 1136 144 1589 1564 1187 155 1713 0 1688 1628 1374 2644 2071 2024 58 1266 1634 1528 1303 1164 59 1340 857 1619 198 956 71 877 1806 2143 501 26 1077 2013 1259 2083 743 1409 982 1601
1783 375 2 809 634 708 1228 12 1857 0 2216 2116 1314 209 1541 462 838 0 125 1121 144 1650 1280 1213 21 1647 0 1706 1228 1690 2071 2644 2340 58 1367 1133 1793 1259 647 352 1282 857 1863 122 1266 71 1019 2093 2134 0 216 1306 2257 831 2332 1036 1725 876 1226
1759 459 2 799 600 708 1252 12 1828 113 2243 2069 1295 322 1512 462 867 0 125 1121 144 1589 1251 1213 98 1620 0 1706 1187 1708 2024 2340 2644 58 1367 1133 1776 1230 653 352 1182 857 1834 0 1260 184 1019 2093 2084 0 260 1306 2228 846 2495 1045 1746 892 1237
60 13 87 72 45 178 38 41 47 6 88 58 38 14 44 82 32 187 93 212 22 58 38 58 0 112 20 58 38 60 58 58 58 2644 68 38 75 38 38 713 38 739 201 31 38 130 201 58 58 181 13 45 58 65 58 38 58 38 58
1088 503 2 1125 721 398 715 54 837 265 1405 1311 442 21 521 19 860 12 128 525 329 1142 423 1428 23 870 293 1399 423 1277 1266 1367 1367 68 2644 423 994 438 423 184 574 850 944 19 666 29 1202 1490 1509 0 326 536 1367 491 1367 516 1367 423 687
947 742 0 0 533 1340 1959 12 1133 905 1057 1545 1910 948 1133 1111 338 390 0 1979 927 812 2240 344 998 947 0 845 2304 767 1634 1133 1133 38 423 2644 1067 1532 2012 49 2161 439 609 1041 1729 71 34 963 1133 1511 817 1920 1003 2090 1133 1484 566 1658 1756
1393 367 78 435 571 866 1078 72 1542 86 1780 1544 1308 292 1240 571 712 123 103 1070 226 1352 1142 913 133 1175 10 1415 1078 1537 1528 1793 1776 75 994 1067 2644 1195 729 253 1067 966 1241 82 1240 313 617 1691 1559 82 229 1258 1805 924 1719 858 1421 849 1233
1127 436 0 50 723 985 1653 24 1517 399 1148 1347 1716 425 1514 1057 585 235 35 1481 526 1012 1912 355 574 1207 35 853 1872 861 1303 1259 1230 38 438 1532 1195 2644 1062 93 1581 447 992 399 1336 319 54 967 1373 399 430 1457 1386 1327 1279 1272 736 1295 994
595 748 0 0 617 1163 1479 318 663 921 651 1075 1648 954 663 706 401 244 97 1574 966 826 1770 760 1410 477 104 963 1834 561 1164 647 653 38 423 2012 729 1062 2644 49 1675 439 139 1478 1711 90 72 814 663 1365 818 1544 663 1980 648 1403 771 1797 1666
183 223 2 325 108 257 62 91 352 13 355 104 260 233 339 82 173 0 54 134 43 106 78 120 21 134 448 132 49 311 59 352 352 713 184 49 253 93 49 2644 62 720 303 37 352 150 165 347 131 0 213 318 352 49 297 334 352 156 51
999 954 0 99 650 1364 2133 12 1155 1044 1076 1295 1932 981 1155 1128 365 27 0 1979 1079 847 2183 417 1025 969 152 845 2183 767 1340 1282 1182 38 574 2161 1067 1581 1675 62 2644 439 631 1124 1837 151 186 1087 1188 1028 1045 1957 1025 1859 1155 1506 566 1680 1566
733 85 34 259 476 218 439 100 662 2 857 857 439 2 443 83 460 4 133 724 24 772 439 818 21 591 14 857 439 774 857 857 857 739 850 439 966 447 439 720 439 2644 418 34 439 45 418 857 857 0 3 439 857 439 857 439 857 439 700
1351 338 2 799 242 516 717 0 1590 0 1752 1708 999 209 1274 777 577 524 125 597 144 1150 1013 869 0 1375 0 1182 949 1315 1619 1863 1834 201 944 609 1241 992 139 303 631 418 2644 0 736 120 1543 1569 1748 524 216 782 1990 404 1828 629 1340 439 702
24 1169 12 36 270 869 826 787 0 908 15 153 985 931 0 851 85 0 126 937 902 317 1041 611 1406 40 39 367 1041 86 198 122 0 31 19 1041 82 399 1478 37 1124 34 0 2644 1132 125 38 233 0 1041 1343 942 0 1142 0 855 298 1226 890
929 1157 0 471 539 1560 1844 140 1260 886 1299 1001 2011 1007 1222 1027 369 0 97 1808 1193 1121 1769 726 1120 741 241 1190 1729 1106 956 1266 1260 38 666 1729 1240 1336 1711 352 1837 439 736 1132 2644 79 452 1611 1026 808 1235 2063 1260 1704 1205 1650 936 1545 1668
218 169 173 95 551 163 146 475 563 82 130 71 123 415 425 407 740 749 136 108 137 269 71 79 451 114 328 84 71 225 71 71 184 130 29 71 313 319 90 150 151 45 120 125 79 2644 164 90 148 120 207 71 157 75 126 216 154 300 130
794 579 2 840 225 62 300 2 489 240 1050 922 133 63 173 379 833 882 144 152 791 827 34 1049 17 645 694 927 34 749 877 1019 1019 201 1202 34 617 54 72 165 186 418 1543 38 452 164 2644 1190 1079 865 470 181 1019 58 1008 150 1057 110 445
1691 553 2 944 562 715 1094 69 1563 103 2132 1851 1231 187 1247 388 858 0 199 1042 315 1902 986 1571 247 1388 171 2019 963 1661 1806 2093 2093 58 1490 963 1691 967 814 347 1087 857 1569 233 1611 90 1190 2644 1870 0 394 1399 2108 859 2038 832 1727 749 1471
1768 342 2 577 894 533 1394 35 1742 153 1995 2232 1261 77 1426 415 915 0 125 1129 297 1605 1370 1366 98 1736 153 1785 1370 1433 2143 2134 2084 58 1509 1133 1559 1373 663 131 1188 857 1748 0 1026 148 1079 1870 2644 0 165 1063 2142 913 2151 791 1492 898 1279
43 705 0 0 0 823 826 0 0 905 0 412 925 948 0 1017 0 1523 0 911 880 0 1107 0 977 0 0 0 1171 0 501 0 0 181 0 1511 82 399 1365 0 1028 0 524 1041 808 120 865 0 0 2644 817 883 0 1259 0 851 0 984 794
72 2377 0 349 164 932 1023 346 216 994 240 71 957 1154 187 787 137 31 27 870 1156 36 817 181 856 46 299 55 817 302 26 216 260 13 326 817 229 430 818 213 1045 3 216 1343 1235 207 470 394 165 817 2644 1008 250 874 161 1011 242 892 492
1166 943 18 297 519 1546 1900 38 1306 923 1326 1042 2088 1091 1306 1154 346 0 14 1998 972 1042 1965 642 948 851 45 1116 1920 1037 1077 1306 1306 45 536 1920 1258 1457 1544 318 1957 439 782 942 2063 71 181 1399 1063 883 1008 2644 1234 1730 1251 1667 838 1612 1459
1763 409 2 799 811 708 1111 12 1984 10 2192 2102 1515 253 1668 379 838 0 125 1019 144 1589 1407 1213 21 1583 0 1706 1343 1753 2013 2257 2228 58 1367 1003 1805 1386 663 352 1025 857 1990 0 1260 157 1019 2108 2142 0 250 1234 2644 928 2222 1103 1864 970 1226
767 807 33 69 513 1312 1657 47 928 921 845 1258 1853 948 928 890 388 138 79 1759 989 790 2035 407 1061 651 62 899 2099 745 1259 831 846 65 491 2090 924 1327 1980 49 1859 439 404 1142 1704 75 58 859 913 1259 874 1730 928 2644 847 1404 643 1668 1703
1823 362 2 744 659 653 1294 12 1822 130 2178 2128 1297 209 1506 462 877 0 125 1121 144 1589 1300 1213 76 1679 0 1706 1240 1643 2083 2332 2495 58 1367 1133 1719 1279 648 297 1155 857 1828 0 1205 126 1008 2038 2151 0 161 1251 2222 847 2644 1012 1692 924 1237
644 963 0 260 734 1208 1618 32 1153 910 925 772 1801 1208 1153 763 391 0 3 1472 840 461 1748 382 1017 569 47 556 1684 828 743 1036 1045 38 516 1484 858 1272 1403 334 1506 439 629 855 1650 216 150 832 791 851 1011 1667 1103 1404 1012 2644 1063 1719 972
1258 397 31 799 788 412 594 332 1334 23 1792 1454 891 292 1018 70 948 0 133 644 156 1299 757 1564 256 1005 82 1520 693 1479 1409 1725 1746 58 1367 566 1421 736 771 352 566 857 1340 298 936 154 1057 1727 1492 0 242 838 1864 643 1692 1063 2644 978 861
686 827 0 115 1040 1222 1608 299 963 946 763 952 1896 1184 963 773 589 30 9 1533 1003 588 1840 631 1336 649 119 697 1840 643 982 876 892 38 423 1658 849 1295 1797 156 1680 439 439 1226 1545 300 110 749 898 984 892 1612 970 1668 924 1719 978 2644 1219
1154 386 32 356 502 931 1368 100 964 494 1279 1556 1541 581 966 597 699 101 162 1474 650 1311 1645 843 862 1055 149 1344 1709 984 1601 1226 1237 58 687 1756 1233 994 1666 51 1566 700 702 890 1668 130 445 1471 1279 794 492 1459 1226 1703 1237 972 861 1219 2644
