2646 0 0 2508 25 1619 2190 1783 2 28 0 1882 1705 46 647 15 184 394 0 2053 74 2388 767 0 1061 867 1985 1275 1016 209 2508 1473 1501 2508 2508 1334 275 18 18 0 114 2508 1967 303 551 182 1047 2508 0 0 2508 15 0 1857 794 541 2508 0 0
0 2646 2646 0 1408 0 178 0 0 0 2646 503 476 596 0 0 0 0 0 68 0 0 0 2646 1447 1257 328 995 402 0 0 0 0 0 0 0 2233 2183 1088 2646 0 0 0 0 911 0 1461 0 2646 2646 0 2114 2646 651 1714 0 0 2646 2646
0 2646 2646 0 1408 0 178 0 0 0 2646 503 476 596 0 0 0 0 0 68 0 0 0 2646 1447 1257 328 995 402 0 0 0 0 0 0 0 2233 2183 1088 2646 0 0 0 0 911 0 1461 0 2646 2646 0 2114 2646 651 1714 0 0 2646 2646
2508 0 0 2646 25 1757 2190 1783 0 0 0 1904 1843 46 622 0 182 394 0 2191 73 2526 726 0 1199 859 1985 1393 1154 248 2646 1611 1639 2646 2646 1334 413 18 18 0 200 2646 1952 299 551 149 1185 2646 0 0 2646 0 0 1995 932 679 2646 0 0
25 1408 1408 25 2646 28 203 25 108 814 1408 209 41 0 4 25 75 125 77 335 14 25 155 1408 209 19 353 25 26 4 25 25 138 25 25 25 995 1791 1163 1408 343 25 25 324 1089 25 223 25 1408 1408 25 876 1408 217 476 121 25 1408 1408
1619 0 0 1757 28 2646 1301 894 681 36 0 1126 1719 0 64 1 2 591 234 1701 65 1637 14 0 1199 859 1294 1393 667 272 1757 1612 1791 1757 1757 445 413 0 705 0 193 1757 1063 292 57 70 1185 1757 0 0 1757 0 0 1191 932 685 1757 0 0
2190 178 178 2190 203 1301 2646 1855 72 26 178 1558 1387 46 659 21 202 395 1 1735 63 2070 767 178 743 856 1877 969 762 106 2190 1155 1183 2190 2190 1335 0 196 196 178 157 2190 1973 342 729 180 729 2190 178 178 2190 21 178 1539 476 343 2190 178 178
1783 0 0 1783 25 894 1855 2646 612 32 0 1151 980 46 611 15 214 601 96 1328 38 1795 731 0 336 526 1296 633 760 100 1783 748 776 1783 1783 1355 0 18 18 0 46 1783 1783 188 551 89 322 1783 0 0 1783 0 0 1132 69 254 1783 0 0
2 0 0 0 108 681 72 612 2646 0 0 0 27 0 0 0 155 536 1193 27 19 0 0 0 0 0 60 100 0 0 0 0 111 0 0 6 0 0 650 0 121 0 0 0 5 1 0 0 0 0 0 0 0 0 0 340 0 0 0
28 0 0 0 814 36 26 32 0 2646 0 51 16 0 37 0 397 376 0 299 108 14 40 0 0 0 15 11 590 0 0 0 290 0 0 97 0 383 719 0 412 0 0 154 100 73 0 0 0 0 0 0 0 0 0 155 0 0 0
0 2646 2646 0 1408 0 178 0 0 0 2646 503 476 596 0 0 0 0 0 68 0 0 0 2646 1447 1257 328 995 402 0 0 0 0 0 0 0 2233 2183 1088 2646 0 0 0 0 911 0 1461 0 2646 2646 0 2114 2646 651 1714 0 0 2646 2646
1882 503 503 1904 209 1126 1558 1151 0 51 503 2646 1312 86 702 72 182 22 0 1714 73 1784 810 503 1592 1073 1526 976 666 216 1904 1188 1171 1904 1904 784 806 521 69 503 159 1904 1324 292 435 260 1578 1904 503 503 1904 507 503 2346 1325 445 1904 503 503
1705 476 476 1843 41 1719 1387 980 27 16 476 1312 2646 517 191 21 62 258 23 1893 65 1723 153 476 1675 1335 1275 1869 671 253 1843 1632 1654 1843 1843 531 889 510 45 476 322 1843 1149 297 101 90 1661 1843 476 476 1843 476 476 1492 1408 679 1843 476 476
46 596 596 46 0 0 46 46 0 0 596 86 517 2646 46 0 72 19 0 104 24 46 47 596 596 596 52 596 294 0 46 0 0 46 46 46 596 490 0 596 6 46 46 0 50 5 596 46 596 596 46 596 596 195 596 18 46 596 596
647 0 0 622 4 64 659 611 0 37 0 702 191 46 2646 292 219 26 0 543 171 652 1442 0 40 116 430 34 292 841 622 57 42 622 622 855 4 18 9 0 198 622 627 153 382 731 40 622 0 0 622 2 0 622 24 65 622 0 0
15 0 0 0 25 1 21 15 0 0 0 72 21 0 292 2646 63 6 0 11 191 3 30 0 0 97 47 77 6 11 0 1025 170 0 0 493 0 1 9 0 38 0 678 378 58 1761 0 0 0 0 0 532 0 0 0 64 0 0 0
184 0 0 182 75 2 202 214 155 397 0 182 62 72 219 63 2646 160 248 184 79 196 182 0 0 0 186 11 231 7 182 63 38 182 182 196 0 48 6 0 33 182 182 2 223 63 0 182 0 0 182 0 0 182 0 66 182 0 0
394 0 0 394 125 591 395 601 536 376 0 22 258 19 26 6 160 2646 615 235 21 408 38 0 0 0 391 197 385 166 394 159 195 394 394 872 0 99 258 0 38 394 394 84 136 8 0 394 0 0 394 0 0 8 0 36 394 0 0
0 0 0 0 77 234 1 96 1193 0 0 0 23 0 0 0 248 615 2646 21 12 0 0 0 0 0 52 100 44 102 0 0 129 0 0 603 0 0 238 0 161 0 0 0 5 0 0 0 0 0 0 0 0 0 0 546 0 0 0
2053 68 68 2191 335 1701 1735 1328 27 299 68 1714 1893 104 543 11 184 235 21 2646 64 2071 522 68 1267 927 1561 1461 699 256 2191 1622 1749 2191 2191 879 481 86 98 68 324 2191 1497 301 392 80 1253 2191 68 68 2191 68 68 1759 1000 708 2191 68 68
74 0 0 73 14 65 63 38 19 108 0 73 65 24 171 191 79 21 12 64 2646 90 137 0 38 101 66 40 102 110 73 79 48 73 73 43 38 3 1 0 94 73 191 22 160 113 38 73 0 0 73 143 0 73 38 165 73 0 0
2388 0 0 2526 25 1637 2070 1795 0 14 0 1784 1723 46 652 3 196 408 0 2071 90 2646 768 0 1079 739 1865 1318 1154 252 2526 1491 1519 2526 2526 1336 413 18 18 0 161 2526 1832 245 551 152 1065 2526 0 0 2526 0 0 1875 812 593 2526 0 0
767 0 0 726 155 14 767 731 0 40 0 810 153 47 1442 30 182 38 0 522 137 768 2646 0 0 81 527 5 407 68 726 27 32 726 726 731 0 18 67 0 363 726 733 411 800 572 0 726 0 0 726 0 0 690 0 37 726 0 0
0 2646 2646 0 1408 0 178 0 0 0 2646 503 476 596 0 0 0 0 0 68 0 0 0 2646 1447 1257 328 995 402 0 0 0 0 0 0 0 2233 2183 1088 2646 0 0 0 0 911 0 1461 0 2646 2646 0 2114 2646 651 1714 0 0 2646 2646
1061 1447 1447 1199 209 1199 743 336 0 0 1447 1592 1675 596 40 0 0 0 0 1267 38 1079 0 1447 2646 1926 971 1936 796 228 1199 1199 1199 1199 1199 0 1860 984 18 1447 158 1199 505 266 18 69 2632 1199 1447 1447 1199 1447 1447 1834 2379 524 1199 1447 1447
867 1257 1257 859 19 859 856 526 0 0 1257 1073 1335 596 116 97 0 0 0 927 101 739 81 1257 1926 2646 570 1629 410 104 859 859 859 859 859 77 1260 794 18 1257 86 859 792 346 21 83 1912 859 1257 1257 859 1353 1257 1114 1659 349 859 1257 1257
1985 328 328 1985 353 1294 1877 1296 60 15 328 1526 1275 52 430 47 186 391 52 1561 66 1865 527 328 971 570 2646 962 874 121 1985 1192 1176 1985 1985 1064 393 328 196 328 150 1985 1465 247 703 186 985 1985 328 328 1985 154 328 1585 912 262 1985 328 328
1275 995 995 1393 25 1393 969 633 100 11 995 976 1869 596 34 77 11 197 100 1461 40 1318 5 995 1936 1629 962 2646 940 297 1393 1353 1381 1393 1393 376 1376 532 18 995 184 1393 773 200 24 108 1922 1393 995 995 1393 1027 995 1124 1787 667 1393 995 995
1016 402 402 1154 26 667 762 760 0 590 402 666 671 294 292 6 231 385 44 699 102 1154 407 402 796 410 874 940 2646 153 1154 521 549 1154 1154 811 796 18 292 402 207 1154 772 15 277 112 796 1154 402 402 1154 407 402 796 796 471 1154 402 402
209 0 0 248 4 272 106 100 0 0 0 216 253 0 841 11 7 166 102 256 110 252 68 0 228 104 121 297 153 2646 248 248 252 248 248 155 152 61 18 0 132 248 100 139 56 107 220 248 0 0 248 0 0 222 152 257 248 0 0
2508 0 0 2646 25 1757 2190 1783 0 0 0 1904 1843 46 622 0 182 394 0 2191 73 2526 726 0 1199 859 1985 1393 1154 248 2646 1611 1639 2646 2646 1334 413 18 18 0 200 2646 1952 299 551 149 1185 2646 0 0 2646 0 0 1995 932 679 2646 0 0
1473 0 0 1611 25 1612 1155 748 0 0 0 1188 1632 0 57 1025 63 159 0 1622 79 1491 27 0 1199 859 1192 1353 521 248 1611 2646 1781 1611 1611 299 413 1 18 0 183 1611 917 288 71 1012 1185 1611 0 0 1611 0 0 1191 932 700 1611 0 0
1501 0 0 1639 138 1791 1183 776 111 290 0 1171 1654 0 42 170 38 195 129 1749 48 1519 32 0 1199 859 1176 1381 549 252 1639 1781 2646 1639 1639 327 413 3 386 0 302 1639 945 288 25 237 1185 1639 0 0 1639 0 0 1191 932 681 1639 0 0
2508 0 0 2646 25 1757 2190 1783 0 0 0 1904 1843 46 622 0 182 394 0 2191 73 2526 726 0 1199 859 1985 1393 1154 248 2646 1611 1639 2646 2646 1334 413 18 18 0 200 2646 1952 299 551 149 1185 2646 0 0 2646 0 0 1995 932 679 2646 0 0
2508 0 0 2646 25 1757 2190 1783 0 0 0 1904 1843 46 622 0 182 394 0 2191 73 2526 726 0 1199 859 1985 1393 1154 248 2646 1611 1639 2646 2646 1334 413 18 18 0 200 2646 1952 299 551 149 1185 2646 0 0 2646 0 0 1995 932 679 2646 0 0
1334 0 0 1334 25 445 1335 1355 6 97 0 784 531 46 855 493 196 872 603 879 43 1336 731 0 0 77 1064 376 811 155 1334 299 327 1334 1334 2646 0 18 9 0 146 1334 1334 235 538 509 0 1334 0 0 1334 0 0 804 0 261 1334 0 0
275 2233 2233 413 995 413 0 0 0 0 2233 806 889 596 4 0 0 0 0 481 38 413 0 2233 1860 1260 393 1376 796 152 413 413 413 413 413 0 2646 1770 675 2233 106 413 0 0 498 10 1874 413 2233 2233 413 2114 2233 1064 2127 336 413 2233 2233
18 2183 2183 18 1791 0 196 18 0 383 2183 521 510 490 18 1 48 99 0 86 3 18 18 2183 984 794 328 532 18 61 18 1 3 18 18 18 1770 2646 1088 2183 0 18 18 154 926 1 998 18 2183 2183 18 1651 2183 669 1251 19 18 2183 2183
18 1088 1088 18 1163 705 196 18 650 719 1088 69 45 0 9 9 6 258 238 98 1 18 67 1088 18 18 196 18 292 18 18 18 386 18 18 9 675 1088 2646 1088 138 18 18 18 984 9 18 18 1088 1088 18 556 1088 18 156 137 18 1088 1088
0 2646 2646 0 1408 0 178 0 0 0 2646 503 476 596 0 0 0 0 0 68 0 0 0 2646 1447 1257 328 995 402 0 0 0 0 0 0 0 2233 2183 1088 2646 0 0 0 0 911 0 1461 0 2646 2646 0 2114 2646 651 1714 0 0 2646 2646
114 0 0 200 343 193 157 46 121 412 0 159 322 6 198 38 33 38 161 324 94 161 363 0 158 86 150 184 207 132 200 183 302 200 200 146 106 0 138 0 2646 200 104 438 296 275 158 200 0 0 200 10 0 179 158 342 200 0 0
2508 0 0 2646 25 1757 2190 1783 0 0 0 1904 1843 46 622 0 182 394 0 2191 73 2526 726 0 1199 859 1985 1393 1154 248 2646 1611 1639 2646 2646 1334 413 18 18 0 200 2646 1952 299 551 149 1185 2646 0 0 2646 0 0 1995 932 679 2646 0 0
1967 0 0 1952 25 1063 1973 1783 0 0 0 1324 1149 46 627 678 182 394 0 1497 191 1832 733 0 505 792 1465 773 772 100 1952 917 945 1952 1952 1334 0 18 18 0 104 1952 2646 342 551 126 491 1952 0 0 1952 532 0 1301 238 346 1952 0 0
303 0 0 299 324 292 342 188 0 154 0 292 297 0 153 378 2 84 0 301 22 245 411 0 266 346 247 200 15 139 299 288 288 299 299 235 0 154 18 0 438 299 342 2646 449 243 266 299 0 0 299 0 0 285 168 80 299 0 0
551 911 911 551 1089 57 729 551 5 100 911 435 101 50 382 58 223 136 5 392 160 551 800 911 18 21 703 24 277 56 551 71 25 551 551 538 498 926 984 911 296 551 551 449 2646 68 18 551 911 911 551 379 911 448 2 33 551 911 911
182 0 0 149 25 70 180 89 1 73 0 260 90 5 731 1761 63 8 0 80 113 152 572 0 69 83 186 108 112 107 149 1012 237 149 149 509 10 1 9 0 275 149 126 243 68 2646 69 149 0 0 149 27 0 149 69 82 149 0 0
1047 1461 1461 1185 223 1185 729 322 0 0 1461 1578 1661 596 40 0 0 0 0 1253 38 1065 0 1461 2632 1912 985 1922 796 220 1185 1185 1185 1185 1185 0 1874 998 18 1461 158 1185 491 266 18 69 2646 1185 1461 1461 1185 1461 1461 1836 2393 510 1185 1461 1461
2508 0 0 2646 25 1757 2190 1783 0 0 0 1904 1843 46 622 0 182 394 0 2191 73 2526 726 0 1199 859 1985 1393 1154 248 2646 1611 1639 2646 2646 1334 413 18 18 0 200 2646 1952 299 551 149 1185 2646 0 0 2646 0 0 1995 932 679 2646 0 0
0 2646 2646 0 1408 0 178 0 0 0 2646 503 476 596 0 0 0 0 0 68 0 0 0 2646 1447 1257 328 995 402 0 0 0 0 0 0 0 2233 2183 1088 2646 0 0 0 0 911 0 1461 0 2646 2646 0 2114 2646 651 1714 0 0 2646 2646
0 2646 2646 0 1408 0 178 0 0 0 2646 503 476 596 0 0 0 0 0 68 0 0 0 2646 1447 1257 328 995 402 0 0 0 0 0 0 0 2233 2183 1088 2646 0 0 0 0 911 0 1461 0 2646 2646 0 2114 2646 651 1714 0 0 2646 2646
2508 0 0 2646 25 1757 2190 1783 0 0 0 1904 1843 46 622 0 182 394 0 2191 73 2526 726 0 1199 859 1985 1393 1154 248 2646 1611 1639 2646 2646 1334 413 18 18 0 200 2646 1952 299 551 149 1185 2646 0 0 2646 0 0 1995 932 679 2646 0 0
15 2114 2114 0 876 0 21 0 0 0 2114 507 476 596 2 532 0 0 0 68 143 0 0 2114 1447 1353 154 1027 407 0 0 0 0 0 0 0 2114 1651 556 2114 10 0 532 0 379 27 1461 0 2114 2114 0 2646 2114 651 1714 3 0 2114 2114
0 2646 2646 0 1408 0 178 0 0 0 2646 503 476 596 0 0 0 0 0 68 0 0 0 2646 1447 1257 328 995 402 0 0 0 0 0 0 0 2233 2183 1088 2646 0 0 0 0 911 0 1461 0 2646 2646 0 2114 2646 651 1714 0 0 2646 2646
1857 651 651 1995 217 1191 1539 1132 0 0 651 2346 1492 195 622 0 182 8 0 1759 73 1875 690 651 1834 1114 1585 1124 796 222 1995 1191 1191 1995 1995 804 1064 669 18 651 179 1995 1301 285 448 149 1836 1995 651 651 1995 651 651 2646 1583 516 1995 651 651
794 1714 1714 932 476 932 476 69 0 0 1714 1325 1408 596 24 0 0 0 0 1000 38 812 0 1714 2379 1659 912 1787 796 152 932 932 932 932 932 0 2127 1251 156 1714 158 932 238 168 2 69 2393 932 1714 1714 932 1714 1714 1583 2646 428 932 1714 1714
541 0 0 679 121 685 343 254 340 155 0 445 679 18 65 64 66 36 546 708 165 593 37 0 524 349 262 667 471 257 679 700 681 679 679 261 336 19 137 0 342 679 346 80 33 82 510 679 0 0 679 3 0 516 428 2646 679 0 0
2508 0 0 2646 25 1757 2190 1783 0 0 0 1904 1843 46 622 0 182 394 0 2191 73 2526 726 0 1199 859 1985 1393 1154 248 2646 1611 1639 2646 2646 1334 413 18 18 0 200 2646 1952 299 551 149 1185 2646 0 0 2646 0 0 1995 932 679 2646 0 0
0 2646 2646 0 1408 0 178 0 0 0 2646 503 476 596 0 0 0 0 0 68 0 0 0 2646 1447 1257 328 995 402 0 0 0 0 0 0 0 2233 2183 1088 2646 0 0 0 0 911 0 1461 0 2646 2646 0 2114 2646 651 1714 0 0 2646 2646
0 2646 2646 0 1408 0 178 0 0 0 2646 503 476 596 0 0 0 0 0 68 0 0 0 2646 1447 1257 328 995 402 0 0 0 0 0 0 0 2233 2183 1088 2646 0 0 0 0 911 0 1461 0 2646 2646 0 2114 2646 651 1714 0 0 2646 2646
