2747 1410 12 12 0 368 30 1983 1946 258 2533 29 821 49 1355 500 1023 0 2114 14 1232 0 0 29 0 2079 80 2006 65 2527 861 113 797 1124 1861 173 1960 0 1688 0 217 37 23 681 292 2533 65 0 5 151 29 1105 1001 29 1667 0 2533 119 2533
1410 2747 4 60 758 149 584 1853 1452 1042 1601 16 1510 758 2234 229 957 0 1128 772 179 758 758 16 758 1586 157 1074 885 1595 1054 103 1381 1680 929 450 1452 374 582 47 908 10 16 818 958 1601 256 758 2 188 16 776 242 16 1452 758 1601 850 1601
12 4 2747 16 0 4 2 0 0 125 0 1 6 0 21 127 485 2 3 0 73 0 0 1 0 0 752 6 44 0 671 663 47 105 2 2 8 11 10 28 344 18 0 143 29 0 6 0 46 9 44 23 85 16 6 0 0 30 0
12 60 16 2747 1715 88 1902 12 12 0 12 10 663 679 199 1164 1 2489 12 1629 12 1715 1715 10 1715 12 0 12 1208 18 8 34 896 232 12 978 212 1716 12 310 0 423 1164 146 776 12 2004 1715 72 437 75 557 1279 10 134 1715 12 486 12
0 758 0 1715 2747 0 2424 550 0 966 0 0 1695 1711 676 1174 0 1814 0 2661 0 2747 2747 0 2747 134 206 0 2240 6 0 0 1575 0 0 391 0 2214 0 268 851 313 1154 124 1684 0 2094 2747 0 510 0 543 1275 0 0 2747 0 1334 0
368 149 4 88 0 2747 30 0 2 30 334 5 224 0 0 740 175 88 355 0 578 0 0 5 0 14 218 351 325 334 100 386 17 55 442 503 81 7 899 62 690 257 5 374 63 334 55 0 463 714 4 18 334 5 0 0 334 93 334
30 584 2 1902 2424 30 2747 227 1 643 30 5 1372 1388 353 1204 6 1906 30 2338 30 2424 2424 5 2424 137 208 30 1917 36 2 2 1592 21 30 422 12 2214 30 273 706 356 1159 124 1361 30 2193 2424 25 420 1 614 1305 5 30 2424 30 1195 30
1983 1853 0 12 550 0 227 2747 2160 815 2197 0 1302 550 2119 47 909 0 1611 564 628 550 550 0 550 2331 26 1670 677 2191 1015 103 1024 1315 1525 85 2174 17 1178 0 399 10 0 580 926 2197 63 550 5 239 0 913 445 0 1881 550 2197 410 2197
1946 1452 0 12 0 2 1 2160 2747 265 2160 0 752 0 1569 15 909 0 1574 14 591 0 0 0 0 2160 26 1633 127 2154 1015 106 799 1315 1488 85 2166 0 1141 0 27 10 0 656 376 2160 81 0 5 168 0 916 408 0 1881 0 2160 0 2160
258 1042 125 0 966 30 643 815 265 2747 265 188 1114 1555 971 44 453 33 218 980 440 966 966 188 966 399 983 196 989 265 396 407 791 275 172 99 265 433 120 167 873 9 86 172 1035 265 313 966 45 146 188 204 104 187 265 966 265 896 265
2533 1601 0 12 0 334 30 2197 2160 265 2747 0 752 0 1569 500 1026 0 2161 14 1178 0 0 0 0 2293 26 2220 127 2741 1015 109 816 1315 2075 85 2174 0 1728 0 205 10 0 593 376 2747 65 0 5 151 0 1099 995 0 1881 0 2747 92 2747
29 16 1 10 0 5 5 0 0 188 0 2747 7 0 8 60 286 52 8 72 28 0 0 2747 0 2 23 1 4 0 176 234 15 4 1 7 4 39 6 578 325 3 1593 53 82 0 12 0 3 81 2198 95 169 2676 5 0 0 1 0
821 1510 6 663 1695 224 1372 1302 752 1114 752 7 2747 1708 1428 122 812 762 815 1609 8 1695 1695 7 1695 886 214 225 1893 746 752 22 2117 752 80 318 752 1162 205 8 922 10 102 954 1802 752 1042 1695 49 239 7 967 418 7 752 1695 752 1334 752
49 758 0 679 1711 0 1388 550 0 1555 0 0 1708 2747 676 138 23 778 6 1625 378 1711 1711 0 1711 134 1235 7 1714 0 0 432 1386 0 4 52 0 1178 35 51 860 4 118 155 1763 0 1058 1711 0 125 0 251 411 15 0 1711 0 1334 0
1355 2234 21 199 676 0 353 2119 1569 971 1569 8 1428 676 2747 88 856 98 983 690 35 676 676 8 676 1703 0 1042 803 1563 1073 103 1150 1675 897 479 1569 143 550 53 525 10 8 695 1000 1569 23 676 29 252 8 791 86 8 1563 676 1569 536 1569
500 229 127 1164 1174 740 1204 47 15 44 500 60 122 138 88 2747 204 1175 490 1104 496 1174 1174 60 1174 78 256 500 667 506 122 257 344 58 500 444 15 1158 500 381 229 606 1202 84 235 500 1167 1174 43 822 44 567 1484 60 109 1174 500 124 500
1023 957 485 1 0 175 6 909 909 453 1026 286 812 23 856 204 2747 3 1015 0 485 0 0 286 0 936 521 499 91 1020 1176 336 803 835 354 166 917 11 284 148 152 10 261 668 235 1026 31 0 114 185 222 879 267 286 1009 0 1026 162 1026
0 0 2 2489 1814 88 1906 0 0 33 0 52 762 778 98 1175 3 2747 0 1728 0 1814 1814 52 1814 0 23 0 1307 6 8 34 995 132 0 877 279 1815 0 283 96 423 1206 146 875 0 2027 1814 136 424 117 624 1290 52 122 1814 0 585 0
2114 1128 3 12 0 355 30 1611 1574 218 2161 8 815 6 983 490 1015 0 2747 0 1182 0 0 8 0 1707 32 1634 75 2155 951 62 798 1098 1489 566 1588 0 1220 10 181 10 7 710 376 2161 65 0 13 188 8 1045 970 8 1295 0 2161 126 2161
14 772 0 1629 2661 0 2338 564 14 980 14 72 1609 1625 690 1104 0 1728 0 2747 6 2661 2661 72 2661 148 206 14 2154 20 72 0 1489 14 14 391 14 2128 14 268 923 313 1068 54 1598 14 2008 2661 0 510 72 457 1189 72 14 2661 14 1334 14
1232 179 73 12 0 578 30 628 591 440 1178 28 8 378 35 496 485 0 1182 6 2747 0 0 28 0 724 589 1187 65 1178 307 319 17 30 1254 204 605 0 1836 54 429 3 22 82 142 1178 65 0 98 6 28 442 1025 28 312 0 1178 175 1178
0 758 0 1715 2747 0 2424 550 0 966 0 0 1695 1711 676 1174 0 1814 0 2661 0 2747 2747 0 2747 134 206 0 2240 6 0 0 1575 0 0 391 0 2214 0 268 851 313 1154 124 1684 0 2094 2747 0 510 0 543 1275 0 0 2747 0 1334 0
0 758 0 1715 2747 0 2424 550 0 966 0 0 1695 1711 676 1174 0 1814 0 2661 0 2747 2747 0 2747 134 206 0 2240 6 0 0 1575 0 0 391 0 2214 0 268 851 313 1154 124 1684 0 2094 2747 0 510 0 543 1275 0 0 2747 0 1334 0
29 16 1 10 0 5 5 0 0 188 0 2747 7 0 8 60 286 52 8 72 28 0 0 2747 0 2 23 1 4 0 176 234 15 4 1 7 4 39 6 578 325 3 1593 53 82 0 12 0 3 81 2198 95 169 2676 5 0 0 1 0
0 758 0 1715 2747 0 2424 550 0 966 0 0 1695 1711 676 1174 0 1814 0 2661 0 2747 2747 0 2747 134 206 0 2240 6 0 0 1575 0 0 391 0 2214 0 268 851 313 1154 124 1684 0 2094 2747 0 510 0 543 1275 0 0 2747 0 1334 0
2079 1586 0 12 134 14 137 2331 2160 399 2293 2 886 134 1703 78 936 0 1707 148 724 134 134 2 134 2747 26 1766 261 2287 1015 103 953 1315 1621 85 2174 0 1274 2 161 10 2 580 510 2293 63 134 5 145 0 961 541 2 1912 134 2293 134 2293
80 157 752 0 206 218 208 26 26 983 26 23 214 1235 0 256 521 23 32 206 589 206 206 23 206 26 2747 33 209 26 572 1182 217 36 30 87 34 217 61 59 231 129 23 76 268 26 212 206 0 177 66 20 38 38 32 206 26 293 26
2006 1074 6 12 0 351 30 1670 1633 196 2220 1 225 7 1042 500 499 0 1634 14 1187 0 0 1 0 1766 33 2747 89 2220 488 105 289 788 2082 1 1647 0 1737 0 221 0 0 66 199 2220 65 0 15 40 1 572 943 1 1354 0 2220 92 2220
65 885 44 1208 2240 325 1917 677 127 989 127 4 1893 1714 803 667 91 1307 75 2154 65 2240 2240 4 2240 261 209 89 2747 133 127 39 1510 127 161 716 127 1707 325 176 1143 313 647 459 1696 127 1587 2240 69 582 4 356 768 4 127 2240 127 1334 127
2527 1595 0 18 6 334 36 2191 2154 265 2741 0 746 0 1563 506 1020 6 2155 20 1178 6 6 0 6 2287 26 2220 133 2747 1009 109 810 1309 2075 91 2168 6 1728 0 205 10 6 587 376 2741 71 6 5 157 0 1093 995 0 1875 6 2741 92 2741
861 1054 671 8 0 100 2 1015 1015 396 1015 176 752 0 1073 122 1176 8 951 72 307 0 0 176 0 1015 572 488 127 1009 2747 629 810 1086 343 131 1015 11 4 71 115 10 37 637 324 1015 24 0 96 239 252 877 129 176 1184 0 1015 2 1015
113 103 663 34 0 386 2 103 106 407 109 234 22 432 103 257 336 34 62 0 319 0 0 234 0 103 1182 105 39 109 629 2747 36 76 124 172 111 11 272 203 161 172 62 216 84 109 6 0 68 276 239 22 83 234 109 0 109 194 109
797 1381 47 896 1575 17 1592 1024 799 791 816 15 2117 1386 1150 344 803 995 798 1489 17 1575 1575 15 1575 953 217 289 1510 810 810 36 2747 799 144 281 799 1611 17 3 704 222 310 715 1563 816 1279 1575 26 146 27 1181 640 15 848 1575 816 1149 816
1124 1680 105 232 0 55 21 1315 1315 275 1315 4 752 0 1675 58 835 132 1098 14 30 0 0 4 0 1315 36 788 127 1309 1086 76 799 2747 643 723 1380 0 296 52 31 10 4 857 324 1315 34 0 2 210 4 762 52 4 1317 0 1315 21 1315
1861 929 2 12 0 442 30 1525 1488 172 2075 1 80 4 897 500 354 0 1489 14 1254 0 0 1 0 1621 30 2082 161 2075 343 124 144 643 2747 108 1502 0 1836 4 313 7 0 63 187 2075 65 0 46 13 1 439 943 1 1209 0 2075 475 2075
173 450 2 978 391 503 422 85 85 99 85 7 318 52 479 444 166 877 566 391 204 391 391 7 391 85 87 1 716 91 131 172 281 723 108 2747 250 593 427 137 308 599 391 772 81 85 440 391 92 524 8 142 248 7 86 391 85 9 85
1960 1452 8 212 0 81 12 2174 2166 265 2174 4 752 0 1569 15 917 279 1588 14 605 0 0 4 0 2174 34 1647 127 2168 1015 111 799 1380 1502 250 2747 1 1155 1 27 101 4 580 376 2174 201 0 208 149 4 1117 422 4 1881 0 2174 0 2174
0 374 11 1716 2214 7 2214 17 0 433 0 39 1162 1178 143 1158 11 1815 0 2128 0 2214 2214 39 2214 0 217 0 1707 6 11 11 1611 0 0 593 1 2747 0 307 496 527 1193 182 1151 0 2100 2214 2 419 3 549 1275 39 3 2214 0 941 0
1688 582 10 12 0 899 30 1178 1141 120 1728 6 205 35 550 500 284 0 1220 14 1836 0 0 6 0 1274 61 1737 325 1728 4 272 17 296 1836 427 1155 0 2747 73 630 3 0 356 178 1728 65 0 74 13 6 367 998 6 862 0 1728 133 1728
0 47 28 310 268 62 273 0 0 167 0 578 8 51 53 381 148 283 10 268 54 268 268 578 268 2 59 0 176 0 71 203 3 52 4 137 1 307 73 2747 57 13 838 77 119 0 274 268 223 112 29 21 271 597 71 268 0 94 0
217 908 344 0 851 690 706 399 27 873 205 325 922 860 525 229 152 96 181 923 429 851 851 325 851 161 231 221 1143 205 115 161 704 31 313 308 27 496 630 57 2747 0 212 261 790 205 378 851 166 13 325 39 276 325 27 851 205 945 205
37 10 18 423 313 257 356 10 10 9 10 3 10 4 10 606 10 423 10 313 3 313 313 3 313 10 129 0 313 10 10 172 222 10 7 599 101 527 3 13 0 2747 313 534 6 10 427 313 439 568 15 85 204 2 10 313 10 156 10
23 16 0 1164 1154 5 1159 0 0 86 0 1593 102 118 8 1202 261 1206 7 1068 22 1154 1154 1593 1154 2 23 0 647 6 37 62 310 4 0 391 4 1193 0 838 212 313 2747 91 244 0 1166 1154 3 472 1044 493 1177 1593 5 1154 0 1 0
681 818 143 146 124 374 124 580 656 172 593 53 954 155 695 84 668 146 710 54 82 124 124 53 124 580 76 66 459 587 637 216 715 857 63 772 580 182 356 77 261 534 91 2747 383 593 165 124 462 235 63 706 189 53 599 124 593 33 593
292 958 29 776 1684 63 1361 926 376 1035 376 82 1802 1763 1000 235 235 875 376 1598 142 1684 1684 82 1684 510 268 199 1696 376 324 84 1563 324 187 81 376 1151 178 119 790 6 244 383 2747 376 1031 1684 18 105 82 602 583 109 324 1684 376 1210 376
2533 1601 0 12 0 334 30 2197 2160 265 2747 0 752 0 1569 500 1026 0 2161 14 1178 0 0 0 0 2293 26 2220 127 2741 1015 109 816 1315 2075 85 2174 0 1728 0 205 10 0 593 376 2747 65 0 5 151 0 1099 995 0 1881 0 2747 92 2747
65 256 6 2004 2094 55 2193 63 81 313 65 12 1042 1058 23 1167 31 2027 65 2008 65 2094 2094 12 2094 63 212 65 1587 71 24 6 1279 34 65 440 201 2100 65 274 378 427 1166 165 1031 65 2747 2094 78 424 76 594 1340 12 66 2094 65 823 65
0 758 0 1715 2747 0 2424 550 0 966 0 0 1695 1711 676 1174 0 1814 0 2661 0 2747 2747 0 2747 134 206 0 2240 6 0 0 1575 0 0 391 0 2214 0 268 851 313 1154 124 1684 0 2094 2747 0 510 0 543 1275 0 0 2747 0 1334 0
5 2 46 72 0 463 25 5 5 45 5 3 49 0 29 43 114 136 13 0 98 0 0 3 0 5 0 15 69 5 96 68 26 2 46 92 208 2 74 223 166 439 3 462 18 5 78 0 2747 23 16 310 20 3 38 0 5 3 5
151 188 9 437 510 714 420 239 168 146 151 81 239 125 252 822 185 424 188 510 6 510 510 81 510 145 177 40 582 157 239 276 146 210 13 524 149 419 13 112 13 568 472 235 105 151 424 510 23 2747 26 148 279 81 153 510 151 241 151
29 16 44 75 0 4 1 0 0 188 0 2198 7 0 8 44 222 117 8 72 28 0 0 2198 0 0 66 1 4 0 252 239 27 4 1 8 4 3 6 29 325 15 1044 63 82 0 76 0 16 26 2747 92 169 2127 272 0 0 0 0
1105 776 23 557 543 18 614 913 916 204 1099 95 967 251 791 567 879 624 1045 457 442 543 543 95 543 961 20 572 356 1093 877 22 1181 762 439 142 1117 549 367 21 39 85 493 706 602 1099 594 543 310 148 92 2747 823 95 915 543 1099 14 1099
1001 242 85 1279 1275 334 1305 445 408 104 995 169 418 411 86 1484 267 1290 970 1189 1025 1275 1275 169 1275 541 38 943 768 995 129 83 640 52 943 248 422 1275 998 271 276 204 1177 189 583 995 1340 1275 20 279 169 823 2747 169 129 1275 995 237 995
29 16 16 10 0 5 5 0 0 187 0 2676 7 15 8 60 286 52 8 72 28 0 0 2676 0 2 38 1 4 0 176 234 15 4 1 7 4 39 6 597 325 2 1593 53 109 0 12 0 3 81 2127 95 169 2747 5 0 0 1 0
1667 1452 6 134 0 0 30 1881 1881 265 1881 5 752 0 1563 109 1009 122 1295 14 312 0 0 5 0 1912 32 1354 127 1875 1184 109 848 1317 1209 86 1881 3 862 71 27 10 5 599 324 1881 66 0 38 153 272 915 129 5 2747 0 1881 0 1881
0 758 0 1715 2747 0 2424 550 0 966 0 0 1695 1711 676 1174 0 1814 0 2661 0 2747 2747 0 2747 134 206 0 2240 6 0 0 1575 0 0 391 0 2214 0 268 851 313 1154 124 1684 0 2094 2747 0 510 0 543 1275 0 0 2747 0 1334 0
2533 1601 0 12 0 334 30 2197 2160 265 2747 0 752 0 1569 500 1026 0 2161 14 1178 0 0 0 0 2293 26 2220 127 2741 1015 109 816 1315 2075 85 2174 0 1728 0 205 10 0 593 376 2747 65 0 5 151 0 1099 995 0 1881 0 2747 92 2747
119 850 30 486 1334 93 1195 410 0 896 92 1 1334 1334 536 124 162 585 126 1334 175 1334 1334 1 1334 134 293 92 1334 92 2 194 1149 21 475 9 0 941 133 94 945 156 1 33 1210 92 823 1334 3 241 0 14 237 1 0 1334 92 2747 92
2533 1601 0 12 0 334 30 2197 2160 265 2747 0 752 0 1569 500 1026 0 2161 14 1178 0 0 0 0 2293 26 2220 127 2741 1015 109 816 1315 2075 85 2174 0 1728 0 205 10 0 593 376 2747 65 0 5 151 0 1099 995 0 1881 0 2747 92 2747
