4227 3735 683 2331 3735 3090 2800 367 70 3366 3275 646 465 41 2561 3560 3735 376 3735 3735 2545 367 3735 3735 2881 367 3402 1810 3522 0 367 367 367 0 367 92 2384 1121 572 2371 3150 1105 3350 367 2264 1745 2511 797 367 773 107 3735 3565 3013 169 434 381 256 249
3735 4227 316 2331 4227 3582 3292 0 0 3858 3767 279 98 41 2934 4052 4227 9 4227 4227 2692 0 4227 4227 3373 0 3894 1443 4014 0 0 0 0 0 0 92 2377 1114 479 2501 3233 1105 3842 0 2229 1716 2511 914 0 816 100 4227 4057 3356 169 434 619 194 281
683 316 4227 246 316 950 176 2804 0 23 364 3007 2876 539 316 141 316 2389 316 316 955 2799 316 316 122 2804 604 1730 179 615 2665 2804 2804 0 2804 683 461 236 2028 440 1215 223 175 2804 570 359 354 0 2804 325 18 316 222 1066 173 75 228 172 39
2331 2331 246 4227 2331 2416 1884 400 0 2292 2344 207 316 269 2201 2331 2331 400 2331 2331 1280 252 2331 2331 1854 400 2331 1843 2489 342 319 400 400 235 400 275 2088 849 444 1680 2481 1409 2321 400 2256 1138 2187 162 400 330 122 2331 2331 2477 222 524 244 475 245
3735 4227 316 2331 4227 3582 3292 0 0 3858 3767 279 98 41 2934 4052 4227 9 4227 4227 2692 0 4227 4227 3373 0 3894 1443 4014 0 0 0 0 0 0 92 2377 1114 479 2501 3233 1105 3842 0 2229 1716 2511 914 0 816 100 4227 4057 3356 169 434 619 194 281
3090 3582 950 2416 3582 4227 2647 634 0 3213 3630 913 732 41 2920 3407 3582 219 3582 3582 2047 634 3582 3582 2728 634 3870 2077 3369 0 495 634 634 0 634 685 2412 816 155 2503 3867 1131 3197 634 2725 1723 2523 269 634 171 61 3582 3412 3990 163 434 585 76 136
2800 3292 176 1884 3292 2647 4227 69 0 3218 2832 118 95 152 1999 3244 3292 78 3292 3292 2261 84 3292 3292 3333 69 2959 1340 3243 169 73 69 69 0 69 116 1985 985 548 1566 2298 666 3269 69 1934 781 1576 885 69 885 195 3292 3233 2421 95 422 703 263 265
367 0 2804 400 0 634 69 4227 0 0 48 3888 3955 115 0 0 0 3812 0 0 647 3601 0 0 24 4227 288 2391 213 0 4007 4227 4227 0 4227 933 146 236 3451 124 899 111 217 4227 570 43 38 0 4227 1465 18 0 0 750 37 11 228 172 604
70 0 0 0 0 0 0 0 4227 0 44 60 0 0 0 0 0 0 0 0 0 0 0 0 25 0 45 42 0 0 0 0 0 0 0 0 0 0 35 0 72 0 0 0 0 0 6 0 0 0 252 0 0 0 10 0 0 0 26
3366 3858 23 2292 3858 3213 3218 0 0 4227 3398 0 0 0 2565 3879 3858 9 3858 3858 2323 0 3858 3858 3175 0 3525 1443 3858 0 0 0 0 30 0 44 2009 1144 479 2132 2864 1105 3690 0 2409 1347 2142 920 0 816 106 3858 3858 2987 55 362 649 194 281
3275 3767 364 2344 3767 3630 2832 48 44 3398 4227 327 146 45 2934 3592 3767 32 3767 3767 2232 48 3767 3767 2913 48 3807 1491 3554 4 21 48 48 13 48 140 2385 1090 59 2428 3281 1143 3382 48 2281 1744 2511 454 48 356 51 3767 3597 3404 166 455 473 202 440
646 279 3007 207 279 913 118 3888 60 0 327 4227 3986 41 279 114 279 3473 279 279 926 3528 279 279 207 3888 567 2052 66 0 3749 3888 3888 0 3888 612 423 236 3112 403 1178 105 62 3888 570 322 317 0 3888 1126 18 279 109 1029 158 63 228 172 265
465 98 2876 316 98 732 95 3955 0 0 146 3986 4227 27 98 64 98 3540 98 98 745 3594 98 98 119 3955 386 2119 2 111 3816 3955 3955 0 3955 661 242 236 3179 222 997 216 2 3955 570 141 136 0 3955 1193 18 98 30 848 59 8 228 202 332
41 41 539 269 41 41 152 115 0 0 45 41 27 4227 41 41 41 211 41 41 283 117 41 41 45 115 41 319 64 3963 185 115 115 0 115 307 40 146 312 521 41 2302 68 115 583 151 1295 0 115 301 96 41 0 41 97 506 47 0 313
2561 2934 316 2201 2934 2920 1999 0 0 2565 2934 279 98 41 4227 2759 2934 0 2934 2934 1966 0 2934 2934 2080 0 2934 1443 2721 0 0 0 0 119 0 92 2034 808 0 2528 2666 1105 2549 0 1764 1706 2514 485 0 90 80 2934 2764 2789 262 370 402 233 302
3560 4052 141 2331 4052 3407 3244 0 0 3879 3592 114 64 41 2759 4227 4052 9 4052 4052 2517 0 4052 4052 3289 0 3719 1443 3938 0 0 0 0 0 0 92 2202 1114 479 2326 3058 1105 3770 0 2250 1541 2336 921 0 816 115 4052 3938 3181 41 364 619 197 281
3735 4227 316 2331 4227 3582 3292 0 0 3858 3767 279 98 41 2934 4052 4227 9 4227 4227 2692 0 4227 4227 3373 0 3894 1443 4014 0 0 0 0 0 0 92 2377 1114 479 2501 3233 1105 3842 0 2229 1716 2511 914 0 816 100 4227 4057 3356 169 434 619 194 281
376 9 2389 400 9 219 78 3812 0 9 32 3473 3540 211 0 9 9 4227 9 9 656 3186 9 9 33 3812 9 1976 222 96 3803 3812 3812 8 3812 518 146 290 3460 104 484 236 226 3812 155 58 22 9 3812 1474 21 9 9 335 50 107 20 172 632
3735 4227 316 2331 4227 3582 3292 0 0 3858 3767 279 98 41 2934 4052 4227 9 4227 4227 2692 0 4227 4227 3373 0 3894 1443 4014 0 0 0 0 0 0 92 2377 1114 479 2501 3233 1105 3842 0 2229 1716 2511 914 0 816 100 4227 4057 3356 169 434 619 194 281
3735 4227 316 2331 4227 3582 3292 0 0 3858 3767 279 98 41 2934 4052 4227 9 4227 4227 2692 0 4227 4227 3373 0 3894 1443 4014 0 0 0 0 0 0 92 2377 1114 479 2501 3233 1105 3842 0 2229 1716 2511 914 0 816 100 4227 4057 3356 169 434 619 194 281
2545 2692 955 1280 2692 2047 2261 647 0 2323 2232 926 745 283 1966 2517 2692 656 2692 2692 4227 622 2692 2692 2439 647 2359 1820 2479 242 647 647 647 58 647 348 1684 1002 1095 1814 1698 765 2495 647 1248 1114 1701 895 647 843 57 2692 2522 1821 169 203 464 128 295
367 0 2799 252 0 634 84 3601 0 0 48 3528 3594 117 0 0 0 3186 0 0 622 4227 0 0 8 3601 288 1765 7 116 3500 3601 3601 0 3601 684 145 236 2825 124 899 157 7 3601 570 43 38 0 3601 839 18 0 0 750 29 32 228 172 137
3735 4227 316 2331 4227 3582 3292 0 0 3858 3767 279 98 41 2934 4052 4227 9 4227 4227 2692 0 4227 4227 3373 0 3894 1443 4014 0 0 0 0 0 0 92 2377 1114 479 2501 3233 1105 3842 0 2229 1716 2511 914 0 816 100 4227 4057 3356 169 434 619 194 281
3735 4227 316 2331 4227 3582 3292 0 0 3858 3767 279 98 41 2934 4052 4227 9 4227 4227 2692 0 4227 4227 3373 0 3894 1443 4014 0 0 0 0 0 0 92 2377 1114 479 2501 3233 1105 3842 0 2229 1716 2511 914 0 816 100 4227 4057 3356 169 434 619 194 281
2881 3373 122 1854 3373 2728 3333 24 25 3175 2913 207 119 45 2080 3289 3373 33 3373 3373 2439 8 3373 3373 4227 24 3040 1338 3179 0 24 24 24 45 24 299 2049 939 503 1647 2379 626 3248 24 2087 862 1657 845 24 840 100 3373 3203 2502 109 562 619 194 348
367 0 2804 400 0 634 69 4227 0 0 48 3888 3955 115 0 0 0 3812 0 0 647 3601 0 0 24 4227 288 2391 213 0 4007 4227 4227 0 4227 933 146 236 3451 124 899 111 217 4227 570 43 38 0 4227 1465 18 0 0 750 37 11 228 172 604
3402 3894 604 2331 3894 3870 2959 288 45 3525 3807 567 386 41 2934 3719 3894 9 3894 3894 2359 288 3894 3894 3040 288 4227 1731 3681 0 149 288 288 0 288 380 2377 1114 146 2488 3521 1105 3509 288 2517 1716 2523 581 288 483 100 3894 3724 3644 169 434 802 194 281
1810 1443 1730 1843 1443 2077 1340 2391 42 1443 1491 2052 2119 319 1443 1443 1443 1976 1443 1443 1820 1765 1443 1443 1338 2391 1731 4227 1656 204 2171 2391 2391 0 2391 1009 1477 730 1615 1361 2342 946 1530 2391 2013 812 1474 0 2391 809 18 1443 1443 2193 37 147 336 163 610
3522 4014 179 2489 4014 3369 3243 213 0 3858 3554 66 2 64 2721 3938 4014 222 4014 4014 2479 7 4014 4014 3179 213 3681 1656 4227 0 132 213 213 0 213 305 2166 1114 692 2288 3020 1111 4055 213 2229 1503 2298 914 213 1029 100 4014 4014 3143 82 436 619 194 494
0 0 615 342 0 0 169 0 0 0 4 0 111 3963 0 0 0 96 0 0 242 116 0 0 0 0 0 204 0 4227 70 0 0 0 0 192 0 146 197 480 0 2522 0 0 583 110 1254 0 0 186 96 0 0 0 98 498 47 0 198
367 0 2665 319 0 495 73 4007 0 0 21 3749 3816 185 0 0 0 3803 0 0 647 3500 0 0 24 4007 149 2171 132 70 4227 4007 4007 0 4007 713 145 241 3370 130 760 179 136 4007 431 43 27 0 4007 1384 18 0 0 611 37 81 167 172 523
367 0 2804 400 0 634 69 4227 0 0 48 3888 3955 115 0 0 0 3812 0 0 647 3601 0 0 24 4227 288 2391 213 0 4007 4227 4227 0 4227 933 146 236 3451 124 899 111 217 4227 570 43 38 0 4227 1465 18 0 0 750 37 11 228 172 604
367 0 2804 400 0 634 69 4227 0 0 48 3888 3955 115 0 0 0 3812 0 0 647 3601 0 0 24 4227 288 2391 213 0 4007 4227 4227 0 4227 933 146 236 3451 124 899 111 217 4227 570 43 38 0 4227 1465 18 0 0 750 37 11 228 172 604
0 0 0 235 0 0 0 0 0 30 13 0 0 0 119 0 0 8 0 0 58 0 0 0 45 0 0 0 0 0 0 0 0 4227 0 153 0 299 0 47 0 0 0 0 11 0 3 248 0 0 242 0 0 1 27 0 1025 18 736
367 0 2804 400 0 634 69 4227 0 0 48 3888 3955 115 0 0 0 3812 0 0 647 3601 0 0 24 4227 288 2391 213 0 4007 4227 4227 0 4227 933 146 236 3451 124 899 111 217 4227 570 43 38 0 4227 1465 18 0 0 750 37 11 228 172 604
92 92 683 275 92 685 116 933 0 44 140 612 661 307 92 92 92 518 92 92 348 684 92 92 299 933 380 1009 305 192 713 933 933 153 933 4227 103 671 454 191 691 224 380 933 511 1136 110 0 933 772 42 92 92 691 532 1259 424 1137 357
2384 2377 461 2088 2377 2412 1985 146 0 2009 2385 423 242 40 2034 2202 2377 146 2377 2377 1684 145 2377 2377 2049 146 2377 1477 2166 0 145 146 146 0 146 103 4227 617 148 1737 2512 638 2144 146 1876 1178 1978 74 146 11 429 2377 2208 2512 245 745 163 893 29
1121 1114 236 849 1114 816 985 236 0 1144 1090 236 236 146 808 1114 1114 290 1114 1114 1002 236 1114 1114 939 236 1114 730 1114 146 241 236 236 299 236 671 617 4227 355 957 793 559 1191 236 668 565 866 485 236 824 196 1114 1114 793 681 467 544 506 255
572 479 2028 444 479 155 548 3451 35 479 59 3112 3179 312 0 479 479 3460 479 479 1095 2825 479 479 503 3451 146 1615 692 197 3370 3451 3451 0 3451 454 148 355 4227 134 254 282 696 3451 288 36 223 479 3451 1913 82 479 479 254 91 11 149 87 759
2371 2501 440 1680 2501 2503 1566 124 0 2132 2428 403 222 521 2528 2326 2501 104 2501 2501 1814 124 2501 2501 1647 124 2488 1361 2288 480 130 124 124 47 124 191 1737 957 134 4227 2373 1444 2116 124 1597 1726 2346 895 124 160 112 2501 2331 2413 176 568 367 69 432
3150 3233 1215 2481 3233 3867 2298 899 72 2864 3281 1178 997 41 2666 3058 3233 484 3233 3233 1698 899 3233 3233 2379 899 3521 2342 3020 0 760 899 899 0 899 691 2512 793 254 2373 4227 1131 2848 899 2725 1723 2523 69 899 31 114 3233 3063 3983 163 434 467 229 120
1105 1105 223 1409 1105 1131 666 111 0 1105 1143 105 216 2302 1105 1105 1105 236 1105 1105 765 157 1105 1105 626 111 1105 946 1111 2522 179 111 111 0 111 224 638 559 282 1444 1131 4227 943 111 1520 1174 2218 69 111 129 96 1105 1105 1131 121 318 161 0 252
3350 3842 175 2321 3842 3197 3269 217 0 3690 3382 62 2 68 2549 3770 3842 226 3842 3842 2495 7 3842 3842 3248 217 3509 1530 4055 0 136 217 217 0 217 380 2144 1191 696 2116 2848 943 4227 217 2061 1331 2126 914 217 1033 100 3842 3842 2971 78 511 619 194 455
367 0 2804 400 0 634 69 4227 0 0 48 3888 3955 115 0 0 0 3812 0 0 647 3601 0 0 24 4227 288 2391 213 0 4007 4227 4227 0 4227 933 146 236 3451 124 899 111 217 4227 570 43 38 0 4227 1465 18 0 0 750 37 11 228 172 604
2264 2229 570 2256 2229 2725 1934 570 0 2409 2281 570 570 583 1764 2250 2229 155 2229 2229 1248 570 2229 2229 2087 570 2517 2013 2229 583 431 570 570 11 570 511 1876 668 288 1597 2725 1520 2061 570 4227 971 2331 172 570 64 329 2229 2229 2725 126 368 349 66 232
1745 1716 359 1138 1716 1723 781 43 0 1347 1744 322 141 151 1706 1541 1716 58 1716 1716 1114 43 1716 1716 862 43 1716 812 1503 110 43 43 43 0 43 1136 1178 565 36 1726 1723 1174 1331 43 971 4227 1822 69 43 162 36 1716 1546 1723 340 677 108 507 167
2511 2511 354 2187 2511 2523 1576 38 6 2142 2511 317 136 1295 2514 2336 2511 22 2511 2511 1701 38 2511 2511 1657 38 2523 1474 2298 1254 27 38 38 3 38 110 1978 866 223 2346 2523 2218 2126 38 2331 1822 4227 75 38 110 97 2511 2341 2523 232 560 126 84 259
797 914 0 162 914 269 885 0 0 920 454 0 0 0 485 921 914 9 914 914 895 0 914 914 845 0 581 0 914 0 0 0 0 248 0 0 74 485 479 895 69 69 914 0 172 69 75 4227 0 816 429 914 914 122 47 251 691 424 840
367 0 2804 400 0 634 69 4227 0 0 48 3888 3955 115 0 0 0 3812 0 0 647 3601 0 0 24 4227 288 2391 213 0 4007 4227 4227 0 4227 933 146 236 3451 124 899 111 217 4227 570 43 38 0 4227 1465 18 0 0 750 37 11 228 172 604
773 816 325 330 816 171 885 1465 0 816 356 1126 1193 301 90 816 816 1474 816 816 843 839 816 816 840 1465 483 809 1029 186 1384 1465 1465 0 1465 772 11 824 1913 160 31 129 1033 1465 64 162 110 816 1465 4227 50 816 816 53 1562 418 262 573 760
107 100 18 122 100 61 195 18 252 106 51 18 18 96 80 115 100 21 100 100 57 18 100 100 100 18 100 18 100 96 18 18 18 242 18 42 429 196 82 112 114 96 100 18 329 36 97 429 18 50 4227 100 100 61 38 264 251 370 195
3735 4227 316 2331 4227 3582 3292 0 0 3858 3767 279 98 41 2934 4052 4227 9 4227 4227 2692 0 4227 4227 3373 0 3894 1443 4014 0 0 0 0 0 0 92 2377 1114 479 2501 3233 1105 3842 0 2229 1716 2511 914 0 816 100 4227 4057 3356 169 434 619 194 281
3565 4057 222 2331 4057 3412 3233 0 0 3858 3597 109 30 0 2764 3938 4057 9 4057 4057 2522 0 4057 4057 3203 0 3724 1443 4014 0 0 0 0 0 0 92 2208 1114 479 2331 3063 1105 3842 0 2229 1546 2341 914 0 816 100 4057 4227 3186 115 434 619 364 281
3013 3356 1066 2477 3356 3990 2421 750 0 2987 3404 1029 848 41 2789 3181 3356 335 3356 3356 1821 750 3356 3356 2502 750 3644 2193 3143 0 611 750 750 1 750 691 2512 793 254 2413 3983 1131 2971 750 2725 1723 2523 122 750 53 61 3356 3186 4227 163 434 537 161 120
169 169 173 222 169 163 95 37 10 55 166 158 59 97 262 41 169 50 169 169 169 29 169 169 109 37 169 37 82 98 37 37 37 27 37 532 245 681 91 176 163 121 78 37 126 340 232 47 37 1562 38 169 115 163 4227 573 26 518 43
434 434 75 524 434 434 422 11 0 362 455 63 8 506 370 364 434 107 434 434 203 32 434 434 562 11 434 147 436 498 81 11 11 0 11 1259 745 467 11 568 434 318 511 11 368 677 560 251 11 418 264 434 434 434 573 4227 393 1957 107
381 619 228 244 619 585 703 228 0 649 473 228 228 47 402 619 619 20 619 619 464 228 619 619 619 228 802 336 619 47 167 228 228 1025 228 424 163 544 149 367 467 161 619 228 349 108 126 691 228 262 251 619 619 537 26 393 4227 619 627
256 194 172 475 194 76 263 172 0 194 202 172 202 0 233 197 194 172 194 194 128 172 194 194 194 172 194 163 194 0 172 172 172 18 172 1137 893 506 87 69 229 0 194 172 66 507 84 424 172 573 370 194 364 161 518 1957 619 4227 80
249 281 39 245 281 136 265 604 26 281 440 265 332 313 302 281 281 632 281 281 295 137 281 281 348 604 281 610 494 198 523 604 604 736 604 357 29 255 759 432 120 252 455 604 232 167 259 840 604 760 195 281 281 120 43 107 627 80 4227
