11252 89 1304 81 835 2143 837 1582 2202 2311 763 2442 591 476 437 3115 1089 500 34 192 2413 1468 1394 2495 226 663 639 2398 510 2365 1051 233 2303 227 1353 668 1075 384 958 345 2516 728 1084 444 2311 662 1476 2311 1364 259 1742 2389 2311 167 2962 1983 385 988 1922
89 11252 777 903 1098 47 473 1017 491 501 1027 505 3742 111 1532 411 2636 2672 777 806 1507 1317 1201 2216 60 873 36 1302 386 867 198 150 1368 593 752 1223 388 1890 963 1504 1179 1024 3379 689 462 46 63 1090 1020 276 152 243 462 1468 485 1743 847 863 1404
1304 777 11252 849 47 639 592 3016 757 600 668 2374 38 128 1601 1253 1787 581 1268 2871 1193 1612 873 2622 781 2108 491 1738 913 658 894 930 600 440 1402 1811 161 288 1499 38 2636 218 1497 1672 600 1726 98 600 603 1600 2046 38 600 952 2177 877 0 3311 2909
81 903 849 11252 416 2909 930 1020 1598 4686 448 507 19 80 787 1083 326 1504 2034 708 1955 392 1156 1737 1121 924 1522 3517 421 93 326 1656 1480 1326 1826 956 224 1963 293 350 837 2098 794 131 3482 1542 917 1701 736 47 124 391 3482 159 1174 562 2916 1155 0
835 1098 47 416 11252 1770 455 1639 1582 807 1816 179 1820 80 402 644 53 461 874 480 767 711 1263 654 839 123 1959 610 2849 1361 876 1953 577 851 1190 435 2746 1161 366 1832 1830 700 1940 593 1837 714 676 1032 1972 1031 794 885 1837 1362 2020 2004 1222 446 235
2143 47 639 2909 1770 11252 1088 1481 4244 6275 2086 3128 17 67 945 214 178 1617 696 945 3156 447 1657 3933 1919 390 3866 4858 2392 3161 485 2557 2528 1065 1292 124 570 3143 121 2116 1294 2443 3498 533 7271 147 335 3798 1944 111 438 200 7271 55 3594 1211 2830 436 224
837 473 592 930 455 1088 11252 1662 721 73 1476 817 997 146 1014 656 1408 924 1256 358 272 2215 1510 801 1411 934 2175 654 1248 410 927 885 495 449 1808 739 521 1162 2250 1332 842 1658 276 1430 802 1253 2091 12 1944 181 787 793 802 207 1661 640 50 1509 1629
1582 1017 3016 1020 1639 1481 1662 11252 3016 1849 1310 2063 45 39 2026 177 2662 279 590 2448 1489 2689 545 2889 895 1264 1175 1293 2283 1231 2016 1645 1106 1095 1937 1094 762 339 1020 1128 3321 2049 2148 737 2291 2999 2740 1334 2227 675 1596 947 2291 316 5056 1652 148 1072 3072
2202 491 757 1598 1582 4244 721 3016 11252 4152 2325 3281 16 23 0 0 1003 262 225 1453 3434 90 1160 3015 523 471 2225 3197 2568 3008 3229 2245 3370 544 1853 579 541 354 0 2225 1963 3532 2175 28 5828 1817 977 4057 1764 1063 354 380 5828 0 4535 1495 558 603 681
2311 501 600 4686 807 6275 73 1849 4152 11252 806 3218 88 535 1007 0 162 1452 353 1278 4941 322 1275 4733 1600 749 2535 6017 706 2921 729 1020 5988 1397 1699 0 589 4036 0 551 820 3693 2232 27 9173 22 406 6461 676 878 354 380 9173 0 4792 1752 5195 0 0
763 1027 668 448 1816 2086 1476 1310 2325 806 11252 693 3586 835 1504 838 1716 2665 380 411 351 346 99 645 850 3696 3533 782 4880 1903 693 2514 1267 1681 603 1116 836 1090 698 5698 1380 340 833 580 2885 151 505 487 2628 269 1119 1426 2885 435 1600 655 1046 198 498
2442 505 2374 507 179 3128 817 2063 3281 3218 693 11252 555 71 749 39 1075 1235 2427 2002 3826 1566 2836 5245 748 2762 396 3744 1569 2299 1057 777 2823 1054 2635 1828 788 1335 670 644 844 2315 1558 1981 3308 1699 1327 3557 701 1057 2246 605 3308 352 3838 3005 832 1421 146
591 3742 38 19 1820 17 997 45 16 88 3586 555 11252 570 1438 319 2807 5285 93 551 1563 1198 587 1394 230 4372 35 785 4294 97 44 515 907 1602 278 1182 314 3468 1428 4876 14 670 2693 201 99 0 11 129 1154 67 165 2020 99 1607 181 1811 955 623 427
476 111 128 80 80 67 146 39 23 535 835 71 570 11252 221 446 318 0 15 142 134 510 6 23 3 114 212 89 172 3052 279 356 990 218 94 708 59 310 697 290 0 1 38 406 455 0 31 539 102 0 457 0 455 438 331 162 432 66 190
437 1532 1601 787 402 945 1014 2026 0 1007 1504 749 1438 221 11252 582 2491 509 535 1614 630 636 799 239 1271 1330 1009 1600 83 233 1183 224 659 1810 916 877 664 843 731 1354 886 105 1074 678 1007 1831 2351 0 833 536 751 754 1007 1184 729 81 1022 685 2354
3115 411 1253 1083 644 214 656 177 0 0 838 39 319 446 582 11252 475 44 1131 402 264 590 1250 187 1147 219 595 393 187 125 966 772 0 261 287 1506 823 0 1574 0 2639 150 152 951 0 782 1989 0 1510 660 1610 1079 0 396 0 0 0 1535 1563
1089 2636 1787 326 53 178 1408 2662 1003 162 1716 1075 2807 318 2491 475 11252 1461 828 1400 1046 1666 794 1515 765 2418 11 1029 1189 318 723 136 0 925 655 1692 201 1836 1102 2614 1800 2194 1348 270 9 959 1910 9 813 464 362 1628 9 266 1597 1441 727 17 4970
500 2672 581 1504 461 1617 924 279 262 1452 2665 1235 5285 0 509 44 1461 11252 534 99 937 1538 1128 1333 1235 3961 949 1450 3598 149 216 705 2651 1039 702 1210 97 4905 849 4014 173 1166 2477 622 1419 164 205 1558 1375 47 170 1960 1419 1208 57 1387 4076 966 25
34 777 1268 2034 874 696 1256 590 225 353 380 2427 93 15 535 1131 828 534 11252 2010 906 1290 2115 1231 1424 1554 283 1668 523 676 1885 1186 138 1231 1728 2968 1133 275 1685 256 952 621 415 3735 257 2310 1230 106 1258 959 2148 154 257 277 1511 1260 321 1725 341
192 806 2871 708 480 945 358 2448 1453 1278 411 2002 551 142 1614 402 1400 99 2010 11252 782 767 422 1448 852 1918 537 1100 1394 930 777 1886 191 1116 493 1477 1002 432 1271 536 1209 753 1448 2367 697 2243 700 286 1083 1695 2968 285 697 456 1705 526 188 1624 1509
2413 1507 1193 1955 767 3156 272 1489 3434 4941 351 3826 1563 134 630 264 1046 937 906 782 11252 787 1574 5504 458 1394 646 4168 806 2494 482 409 3560 435 1953 346 171 1939 139 83 441 3266 2245 256 4870 648 226 4174 463 174 207 313 4870 891 3606 3229 1395 408 394
1468 1317 1612 392 711 447 2215 2689 90 322 346 1566 1198 510 636 590 1666 1538 1290 767 787 11252 764 2649 422 1407 185 386 1316 99 1492 672 715 212 740 917 954 1422 2790 293 1798 823 1505 1312 322 1137 1441 922 1232 600 2563 555 322 585 2083 1158 1141 601 1634
1394 1201 873 1156 1263 1657 1510 545 1160 1275 99 2836 587 6 799 1250 794 1128 2115 422 1574 764 11252 1503 2152 868 178 2400 135 1182 275 786 2136 2264 2296 949 1105 347 818 1334 788 952 758 1073 1249 406 2611 2118 469 116 800 190 1249 667 1113 1821 1148 1474 1483
2495 2216 2622 1737 654 3933 801 2889 3015 4733 645 5245 1394 23 239 187 1515 1333 1231 1448 5504 2649 1503 11252 1124 1696 846 4877 927 2552 439 883 2811 218 1839 674 260 2760 690 47 1654 3867 3073 914 4662 846 16 4194 220 868 1426 91 4662 721 4434 2672 1199 827 835
226 60 781 1121 839 1919 1411 895 523 1600 850 748 230 3 1271 1147 765 1235 1424 852 458 422 2152 1124 11252 657 866 1607 668 890 1400 1104 47 1754 747 937 1969 1477 395 511 974 1440 760 922 1600 824 3827 449 1821 141 1230 921 1600 576 857 521 1098 1019 1571
663 873 2108 924 123 390 934 1264 471 749 3696 2762 4372 114 1330 219 2418 3961 1554 1918 1394 1407 868 1696 657 11252 343 1872 4808 43 7 856 1254 1909 601 2943 1186 2118 1178 3643 1039 444 26 1852 749 1067 650 507 329 1139 2461 2379 749 183 2198 1270 1621 1037 633
639 36 491 1522 1959 3866 2175 1175 2225 2535 3533 396 35 212 1009 595 11 949 283 537 646 185 178 846 866 343 11252 1524 2428 1648 1027 2143 1149 1296 575 70 734 3068 418 2615 1532 2264 863 43 4614 144 166 745 1789 61 587 0 4614 63 1510 423 1997 59 134
2398 1302 1738 3517 610 4858 654 1293 3197 6017 782 3744 785 89 1600 393 1029 1450 1668 1100 4168 386 2400 4877 1607 1872 1524 11252 166 2346 276 619 3395 1044 3240 1322 543 2907 622 537 340 3086 2071 1546 6017 133 438 4936 315 499 990 435 6017 864 3399 1719 2267 1176 814
510 386 913 421 2849 2392 1248 2283 2568 706 4880 1569 4294 172 83 187 1189 3598 523 1394 806 1316 135 927 668 4808 2428 166 11252 966 538 2473 984 1132 1104 1026 616 2154 106 5456 1493 798 1129 670 2460 1179 324 646 2312 970 1451 2502 2460 452 2143 2243 1039 255 600
2365 867 658 93 1361 3161 410 1231 3008 2921 1903 2299 97 3052 233 125 318 149 676 930 2494 99 1182 2552 890 43 1648 2346 966 11252 538 1707 1768 638 632 352 1112 1019 234 1232 1243 1120 1595 114 3309 22 166 2352 839 443 620 225 3309 438 2686 1344 93 613 248
1051 198 894 326 876 485 927 2016 3229 729 693 1057 44 279 1183 966 723 216 1885 777 482 1492 275 439 1400 7 1027 276 538 538 11252 506 298 773 1042 990 699 644 448 454 2455 2799 160 1116 729 2842 2629 298 896 295 1080 364 729 401 940 274 224 1159 795
233 150 930 1656 1953 2557 885 1645 2245 1020 2514 777 515 356 224 772 136 705 1186 1886 409 672 786 883 1104 856 2143 619 2473 1707 506 11252 594 1115 534 701 1213 792 1648 2547 1455 812 1847 826 2495 1649 1232 1645 1748 1233 1726 305 2495 240 2376 1117 472 1332 292
2303 1368 600 1480 577 2528 495 1106 3370 5988 1267 2823 907 990 659 0 0 2651 138 191 3560 715 2136 2811 47 1254 1149 3395 984 1768 298 594 11252 1060 2270 36 48 1824 0 879 3 1866 1649 134 6231 0 0 7511 238 878 104 380 6231 54 4278 2651 5437 0 0
227 593 440 1326 851 1065 449 1095 544 1397 1681 1054 1602 218 1810 261 925 1039 1231 1116 435 212 2264 218 1754 1909 1296 1044 1132 638 773 1115 1060 11252 961 1945 1668 792 1067 3903 1239 587 1831 957 1318 508 1112 80 461 691 1290 719 1318 1550 1081 492 1547 259 85
1353 752 1402 1826 1190 1292 1808 1937 1853 1699 603 2635 278 94 916 287 655 702 1728 493 1953 740 2296 1839 747 601 575 3240 1104 632 1042 534 2270 961 11252 702 656 722 174 514 413 1607 1321 682 1992 1073 998 2779 1502 69 720 854 1992 789 2327 2513 1966 1467 770
668 1223 1811 956 435 124 739 1094 579 0 1116 1828 1182 708 877 1506 1692 1210 2968 1477 346 917 949 674 937 2943 70 1322 1026 352 990 701 36 1945 702 11252 1143 890 1313 1053 1610 84 468 3081 0 1762 1285 2 839 1018 2296 1139 0 465 1223 209 573 794 598
1075 388 161 224 2746 570 521 762 541 589 836 788 314 59 664 823 201 97 1133 1002 171 954 1105 260 1969 1186 734 543 616 1112 699 1213 48 1668 656 1143 11252 145 211 977 1738 424 1632 679 589 22 977 28 783 1634 1628 1019 589 326 671 419 1061 165 37
384 1890 288 1963 1161 3143 1162 339 354 4036 1090 1335 3468 310 843 0 1836 4905 275 432 1939 1422 347 2760 1477 2118 3068 2907 2154 1019 644 792 1824 792 722 890 145 11252 356 2391 395 3210 2952 27 4257 17 52 2953 1188 878 84 1826 4257 939 1195 1100 4307 344 47
958 963 1499 293 366 121 2250 1020 0 0 698 670 1428 697 731 1574 1102 849 1685 1271 139 2790 818 690 395 1178 418 622 106 234 448 1648 0 1067 174 1313 211 356 11252 723 1044 53 1421 2012 0 1554 2531 0 1974 716 1744 539 0 1580 1922 480 0 1895 912
345 1504 38 350 1832 2116 1332 1128 2225 551 5698 644 4876 290 1354 0 2614 4014 256 536 83 293 1334 47 511 3643 2615 537 5456 1232 454 2547 879 3903 514 1053 977 2391 723 11252 1242 809 2935 75 2438 22 166 470 2349 769 381 1957 2438 1492 1657 940 888 404 926
2516 1179 2636 837 1830 1294 842 3321 1963 820 1380 844 14 0 886 2639 1800 173 952 1209 441 1798 788 1654 974 1039 1532 340 1493 1243 2455 1455 3 1239 413 1610 1738 395 1044 1242 11252 1661 1768 627 1270 900 794 141 1456 611 2203 825 1270 607 1776 220 271 1223 2326
728 1024 218 2098 700 2443 1658 2049 3532 3693 340 2315 670 1 105 150 2194 1166 621 753 3266 823 952 3867 1440 444 2264 3086 798 1120 2799 812 1866 587 1607 84 424 3210 53 809 1661 11252 1594 97 3622 792 419 3092 168 116 400 829 3622 182 1592 1826 1678 99 782
1084 3379 1497 794 1940 3498 276 2148 2175 2232 833 1558 2693 38 1074 152 1348 2477 415 1448 2245 1505 758 3073 760 26 863 2071 1129 1595 160 1847 1649 1831 1321 468 1632 2952 1421 2935 1768 1594 11252 40 2875 127 223 2493 1932 1886 83 93 2875 2159 2406 2208 1472 669 1145
444 689 1672 131 593 533 1430 737 28 27 580 1981 201 406 678 951 270 622 3735 2367 256 1312 1073 914 922 1852 43 1546 670 114 1116 826 134 957 682 3081 679 27 2012 75 627 97 40 11252 27 1813 514 22 1661 1559 2774 124 27 1506 1284 679 27 1568 537
2311 462 600 3482 1837 7271 802 2291 5828 9173 2885 3308 99 455 1007 0 9 1419 257 697 4870 322 1249 4662 1600 749 4614 6017 2460 3309 729 2495 6231 1318 1992 0 589 4257 0 2438 1270 3622 2875 27 11252 22 166 6870 1806 878 354 380 11252 0 5753 1592 5051 0 0
662 46 1726 1542 714 147 1253 2999 1817 22 151 1699 0 0 1831 782 959 164 2310 2243 648 1137 406 846 824 1067 144 133 1179 22 2842 1649 0 508 1073 1762 22 17 1554 22 900 792 127 1813 22 11252 3869 0 1947 1878 1684 871 22 1174 1912 824 0 1784 1473
1476 63 98 917 676 335 2091 2740 977 406 505 1327 11 31 2351 1989 1910 205 1230 700 226 1441 2611 16 3827 650 166 438 324 166 2629 1232 0 1112 998 1285 977 52 2531 166 794 419 223 514 166 3869 11252 0 2320 86 1058 1504 166 796 2094 803 0 1438 2245
2311 1090 600 1701 1032 3798 12 1334 4057 6461 487 3557 129 539 0 0 9 1558 106 286 4174 922 2118 4194 449 507 745 4936 646 2352 298 1645 7511 80 2779 2 28 2953 0 470 141 3092 2493 22 6870 0 0 11252 701 878 104 380 6870 406 5147 2334 4278 0 0
1364 1020 603 736 1972 1944 1944 2227 1764 676 2628 701 1154 102 833 1510 813 1375 1258 1083 463 1232 469 220 1821 329 1789 315 2312 839 896 1748 238 461 1502 839 783 1188 1974 2349 1456 168 1932 1661 1806 1947 2320 701 11252 120 1413 2276 1806 1276 2693 762 166 1945 493
259 276 1600 47 1031 111 181 675 1063 878 269 1057 67 0 536 660 464 47 959 1695 174 600 116 868 141 1139 61 499 970 443 295 1233 878 691 69 1018 1634 878 716 769 611 116 1886 1559 878 1878 86 878 120 11252 1300 898 878 1178 1471 464 1265 1581 1407
1742 152 2046 124 794 438 787 1596 354 354 1119 2246 165 457 751 1610 362 170 2148 2968 207 2563 800 1426 1230 2461 587 990 1451 620 1080 1726 104 1290 720 2296 1628 84 1744 381 2203 400 83 2774 354 1684 1058 104 1413 1300 11252 1058 354 312 1842 239 104 1562 343
2389 243 38 391 885 200 793 947 380 380 1426 605 2020 0 754 1079 1628 1960 154 285 313 555 190 91 921 2379 0 435 2502 225 364 305 380 719 854 1139 1019 1826 539 1957 825 829 93 124 380 871 1504 380 2276 898 1058 11252 380 151 1044 1178 1009 786 24
2311 462 600 3482 1837 7271 802 2291 5828 9173 2885 3308 99 455 1007 0 9 1419 257 697 4870 322 1249 4662 1600 749 4614 6017 2460 3309 729 2495 6231 1318 1992 0 589 4257 0 2438 1270 3622 2875 27 11252 22 166 6870 1806 878 354 380 11252 0 5753 1592 5051 0 0
167 1468 952 159 1362 55 207 316 0 0 435 352 1607 438 1184 396 266 1208 277 456 891 585 667 721 576 183 63 864 452 438 401 240 54 1550 789 465 326 939 1580 1492 607 182 2159 1506 0 1174 796 406 1276 1178 312 151 0 11252 246 434 0 1286 1216
2962 485 2177 1174 2020 3594 1661 5056 4535 4792 1600 3838 181 331 729 0 1597 57 1511 1705 3606 2083 1113 4434 857 2198 1510 3399 2143 2686 940 2376 4278 1081 2327 1223 671 1195 1922 1657 1776 1592 2406 1284 5753 1912 2094 5147 2693 1471 1842 1044 5753 246 11252 2425 1492 1079 1285
1983 1743 877 562 2004 1211 640 1652 1495 1752 655 3005 1811 162 81 0 1441 1387 1260 526 3229 1158 1821 2672 521 1270 423 1719 2243 1344 274 1117 2651 492 2513 209 419 1100 480 940 220 1826 2208 679 1592 824 803 2334 762 464 239 1178 1592 434 2425 11252 1117 51 433
385 847 0 2916 1222 2830 50 148 558 5195 1046 832 955 432 1022 0 727 4076 321 188 1395 1141 1148 1199 1098 1621 1997 2267 1039 93 224 472 5437 1547 1966 573 1061 4307 0 888 271 1678 1472 27 5051 0 0 4278 166 1265 104 1009 5051 0 1492 1117 11252 0 0
988 863 3311 1155 446 436 1509 1072 603 0 198 1421 623 66 685 1535 17 966 1725 1624 408 601 1474 827 1019 1037 59 1176 255 613 1159 1332 0 259 1467 794 165 344 1895 404 1223 99 669 1568 0 1784 1438 0 1945 1581 1562 786 0 1286 1079 51 0 11252 1694
1922 1404 2909 0 235 224 1629 3072 681 0 498 146 427 190 2354 1563 4970 25 341 1509 394 1634 1483 835 1571 633 134 814 600 248 795 292 0 85 770 598 37 47 912 926 2326 782 1145 537 0 1473 2245 0 493 1407 343 24 0 1216 1285 433 0 1694 11252
