7123 0 0 7123 0 7123 0 0 0 0 3125 5667 7051 0 4034 4493 0 6 34 7123 0 7123 176 0 7123 3281 0 58 7123 4909 7123 7123 7123 7107 7123 590 858 0 0 0 158 5917 0 15 0 7123 7123 7123 0 0 7123 0 0 7123 7123 1524 7123 0 0
0 7123 7123 0 7123 0 7123 0 0 0 3943 0 0 0 0 0 0 0 0 0 0 0 6200 7123 0 0 5753 6973 0 2138 0 0 0 0 0 0 0 7123 7123 7123 0 1039 0 3956 7123 0 0 0 7123 7123 0 0 7123 0 0 341 0 7123 7123
0 7123 7123 0 7123 0 7123 0 0 0 3943 0 0 0 0 0 0 0 0 0 0 0 6200 7123 0 0 5753 6973 0 2138 0 0 0 0 0 0 0 7123 7123 7123 0 1039 0 3956 7123 0 0 0 7123 7123 0 0 7123 0 0 341 0 7123 7123
7123 0 0 7123 0 7123 0 0 0 0 3125 5667 7051 0 4034 4493 0 6 34 7123 0 7123 176 0 7123 3281 0 58 7123 4909 7123 7123 7123 7107 7123 590 858 0 0 0 158 5917 0 15 0 7123 7123 7123 0 0 7123 0 0 7123 7123 1524 7123 0 0
0 7123 7123 0 7123 0 7123 0 0 0 3943 0 0 0 0 0 0 0 0 0 0 0 6200 7123 0 0 5753 6973 0 2138 0 0 0 0 0 0 0 7123 7123 7123 0 1039 0 3956 7123 0 0 0 7123 7123 0 0 7123 0 0 341 0 7123 7123
7123 0 0 7123 0 7123 0 0 0 0 3125 5667 7051 0 4034 4493 0 6 34 7123 0 7123 176 0 7123 3281 0 58 7123 4909 7123 7123 7123 7107 7123 590 858 0 0 0 158 5917 0 15 0 7123 7123 7123 0 0 7123 0 0 7123 7123 1524 7123 0 0
0 7123 7123 0 7123 0 7123 0 0 0 3943 0 0 0 0 0 0 0 0 0 0 0 6200 7123 0 0 5753 6973 0 2138 0 0 0 0 0 0 0 7123 7123 7123 0 1039 0 3956 7123 0 0 0 7123 7123 0 0 7123 0 0 341 0 7123 7123
0 0 0 0 0 0 0 7123 13 305 0 7 0 26 144 34 1438 583 46 0 307 0 25 0 0 197 0 14 0 1 0 0 0 0 0 123 0 0 0 0 203 0 0 403 0 0 0 0 0 0 0 0 0 0 0 34 0 0 0
0 0 0 0 0 0 0 13 7123 0 0 29 0 6563 0 0 355 2 8 0 1 0 16 0 0 0 0 0 0 0 0 0 0 0 0 20 6084 0 0 0 265 0 0 0 0 0 0 0 0 0 0 0 0 0 0 792 0 0 0
0 0 0 0 0 0 0 305 0 7123 0 158 0 0 652 9 71 93 319 0 4813 0 36 0 0 202 0 19 0 0 0 0 0 0 0 514 53 0 0 0 439 0 0 187 0 0 0 0 0 0 0 0 0 0 0 2375 0 0 0
3125 3943 3943 3125 3943 3125 3943 0 0 0 7123 2203 3053 0 3125 3125 0 0 34 3125 0 3125 3020 3943 3125 3125 3142 3793 3125 978 3125 3125 3125 3125 3125 0 0 3943 3943 3943 129 1919 7 776 3943 3125 3125 3125 3943 3943 3125 7 3943 3125 3125 173 3125 3943 3943
5667 0 0 5667 0 5667 0 7 29 158 2203 7123 5595 0 3192 3649 29 13 34 5667 88 5667 248 0 5667 2371 0 24 5667 4442 5667 5667 5667 5651 5667 611 324 0 0 0 175 4907 236 81 0 5667 5667 5667 0 0 5667 236 0 5667 5667 1111 5667 0 0
7051 0 0 7051 0 7051 0 0 0 0 3053 5595 7123 0 3962 4421 0 6 34 7051 0 7051 176 0 7051 3209 0 58 7051 4837 7051 7051 7051 7035 7051 590 858 0 0 0 158 5845 0 15 0 7051 7051 7051 0 0 7051 0 0 7051 7051 1524 7051 0 0
0 0 0 0 0 0 0 26 6563 0 0 0 0 7123 0 0 17 2 0 0 1 0 4 0 0 0 0 22 0 0 0 0 0 0 0 0 6084 0 0 0 265 0 0 0 0 0 0 0 0 0 0 0 0 0 0 792 0 0 0
4034 0 0 4034 0 4034 0 144 0 652 3125 3192 3962 0 7123 3928 64 21 34 4034 652 4034 181 0 4034 3297 217 15 4034 1887 4034 4034 4034 4034 4034 736 96 0 0 0 514 2828 342 162 0 4034 4034 4034 0 0 4034 342 0 4034 4034 728 4034 0 0
4493 0 0 4493 0 4493 0 34 0 9 3125 3649 4421 0 3928 7123 59 17 34 4493 9 4493 45 0 4493 3283 0 11 4493 2346 4493 4493 4493 4493 4493 405 30 0 0 0 131 3287 2378 16 0 4493 4493 4493 0 0 4493 2378 0 4493 4493 462 4493 0 0
0 0 0 0 0 0 0 1438 355 71 0 29 0 17 64 59 7123 937 42 0 90 0 16 0 0 10 0 0 0 1 0 0 0 0 0 2459 9 0 0 0 152 0 0 148 0 0 0 0 0 0 0 0 0 0 0 3 0 0 0
6 0 0 6 0 6 0 583 2 93 0 13 6 2 21 17 937 7123 924 6 94 6 47 0 6 631 0 0 6 6 6 6 6 6 6 537 7 0 0 0 154 6 17 387 0 6 6 6 0 0 6 17 0 6 6 123 6 0 0
34 0 0 34 0 34 0 46 8 319 34 34 34 0 34 34 42 924 7123 34 57 34 49 0 34 1165 12 0 34 39 34 34 34 34 34 502 0 0 0 0 95 34 23 60 0 34 34 34 0 0 34 23 0 34 34 224 34 0 0
7123 0 0 7123 0 7123 0 0 0 0 3125 5667 7051 0 4034 4493 0 6 34 7123 0 7123 176 0 7123 3281 0 58 7123 4909 7123 7123 7123 7107 7123 590 858 0 0 0 158 5917 0 15 0 7123 7123 7123 0 0 7123 0 0 7123 7123 1524 7123 0 0
0 0 0 0 0 0 0 307 1 4813 0 88 0 1 652 9 90 94 57 0 7123 0 36 0 0 202 0 19 0 2 0 0 0 0 0 540 54 0 0 0 1372 0 0 187 0 0 0 0 0 0 0 0 0 0 0 2323 0 0 0
7123 0 0 7123 0 7123 0 0 0 0 3125 5667 7051 0 4034 4493 0 6 34 7123 0 7123 176 0 7123 3281 0 58 7123 4909 7123 7123 7123 7107 7123 590 858 0 0 0 158 5917 0 15 0 7123 7123 7123 0 0 7123 0 0 7123 7123 1524 7123 0 0
176 6200 6200 176 6200 176 6200 25 16 36 3020 248 176 4 181 45 16 47 49 176 36 176 7123 6200 176 35 4830 6203 176 2314 176 176 176 173 176 58 162 6200 6200 6200 64 1215 45 4008 6200 176 176 176 6200 6200 176 45 6200 176 176 421 176 6200 6200
0 7123 7123 0 7123 0 7123 0 0 0 3943 0 0 0 0 0 0 0 0 0 0 0 6200 7123 0 0 5753 6973 0 2138 0 0 0 0 0 0 0 7123 7123 7123 0 1039 0 3956 7123 0 0 0 7123 7123 0 0 7123 0 0 341 0 7123 7123
7123 0 0 7123 0 7123 0 0 0 0 3125 5667 7051 0 4034 4493 0 6 34 7123 0 7123 176 0 7123 3281 0 58 7123 4909 7123 7123 7123 7107 7123 590 858 0 0 0 158 5917 0 15 0 7123 7123 7123 0 0 7123 0 0 7123 7123 1524 7123 0 0
3281 0 0 3281 0 3281 0 197 0 202 3125 2371 3209 0 3297 3283 10 631 1165 3281 202 3281 35 0 3281 7123 12 21 3281 1134 3281 3281 3281 3281 3281 45 33 0 0 0 118 2075 57 1300 0 3281 3281 3281 0 0 3281 57 0 3281 3281 206 3281 0 0
0 5753 5753 0 5753 0 5753 0 0 0 3142 0 0 0 217 0 0 0 12 0 0 0 4830 5753 0 12 7123 5603 0 2138 0 0 0 0 0 12 0 5753 5753 5753 17 1039 0 2615 5753 0 0 0 5753 5753 0 0 5753 0 0 341 0 5753 5753
58 6973 6973 58 6973 58 6973 14 0 19 3793 24 58 22 15 11 0 0 0 58 19 58 6203 6973 58 21 5603 7123 58 2199 58 58 58 58 58 0 58 6973 6973 6973 34 1097 11 3957 6973 58 58 58 6973 6973 58 11 6973 58 58 399 58 6973 6973
7123 0 0 7123 0 7123 0 0 0 0 3125 5667 7051 0 4034 4493 0 6 34 7123 0 7123 176 0 7123 3281 0 58 7123 4909 7123 7123 7123 7107 7123 590 858 0 0 0 158 5917 0 15 0 7123 7123 7123 0 0 7123 0 0 7123 7123 1524 7123 0 0
4909 2138 2138 4909 2138 4909 2138 1 0 0 978 4442 4837 0 1887 2346 1 6 39 4909 2 4909 2314 2138 4909 1134 2138 2199 4909 7123 4909 4909 4909 4893 4909 591 791 2138 2138 2138 75 5948 0 2153 2138 4909 4909 4909 2138 2138 4909 0 2138 4909 4909 1627 4909 2138 2138
7123 0 0 7123 0 7123 0 0 0 0 3125 5667 7051 0 4034 4493 0 6 34 7123 0 7123 176 0 7123 3281 0 58 7123 4909 7123 7123 7123 7107 7123 590 858 0 0 0 158 5917 0 15 0 7123 7123 7123 0 0 7123 0 0 7123 7123 1524 7123 0 0
7123 0 0 7123 0 7123 0 0 0 0 3125 5667 7051 0 4034 4493 0 6 34 7123 0 7123 176 0 7123 3281 0 58 7123 4909 7123 7123 7123 7107 7123 590 858 0 0 0 158 5917 0 15 0 7123 7123 7123 0 0 7123 0 0 7123 7123 1524 7123 0 0
7123 0 0 7123 0 7123 0 0 0 0 3125 5667 7051 0 4034 4493 0 6 34 7123 0 7123 176 0 7123 3281 0 58 7123 4909 7123 7123 7123 7107 7123 590 858 0 0 0 158 5917 0 15 0 7123 7123 7123 0 0 7123 0 0 7123 7123 1524 7123 0 0
7107 0 0 7107 0 7107 0 0 0 0 3125 5651 7035 0 4034 4493 0 6 34 7107 0 7107 173 0 7107 3281 0 58 7107 4893 7107 7107 7107 7123 7107 598 842 0 0 0 158 5901 0 15 0 7107 7107 7107 0 0 7107 0 0 7107 7107 1524 7107 0 0
7123 0 0 7123 0 7123 0 0 0 0 3125 5667 7051 0 4034 4493 0 6 34 7123 0 7123 176 0 7123 3281 0 58 7123 4909 7123 7123 7123 7107 7123 590 858 0 0 0 158 5917 0 15 0 7123 7123 7123 0 0 7123 0 0 7123 7123 1524 7123 0 0
590 0 0 590 0 590 0 123 20 514 0 611 590 0 736 405 2459 537 502 590 540 590 58 0 590 45 12 0 590 591 590 590 590 598 590 7123 0 0 0 0 337 590 306 8 0 590 590 590 0 0 590 306 0 590 590 690 590 0 0
858 0 0 858 0 858 0 0 6084 53 0 324 858 6084 96 30 9 7 0 858 54 858 162 0 858 33 0 58 858 791 858 858 858 842 858 0 7123 0 0 0 341 858 30 0 0 858 858 858 0 0 858 30 0 858 858 1363 858 0 0
0 7123 7123 0 7123 0 7123 0 0 0 3943 0 0 0 0 0 0 0 0 0 0 0 6200 7123 0 0 5753 6973 0 2138 0 0 0 0 0 0 0 7123 7123 7123 0 1039 0 3956 7123 0 0 0 7123 7123 0 0 7123 0 0 341 0 7123 7123
0 7123 7123 0 7123 0 7123 0 0 0 3943 0 0 0 0 0 0 0 0 0 0 0 6200 7123 0 0 5753 6973 0 2138 0 0 0 0 0 0 0 7123 7123 7123 0 1039 0 3956 7123 0 0 0 7123 7123 0 0 7123 0 0 341 0 7123 7123
0 7123 7123 0 7123 0 7123 0 0 0 3943 0 0 0 0 0 0 0 0 0 0 0 6200 7123 0 0 5753 6973 0 2138 0 0 0 0 0 0 0 7123 7123 7123 0 1039 0 3956 7123 0 0 0 7123 7123 0 0 7123 0 0 341 0 7123 7123
158 0 0 158 0 158 0 203 265 439 129 175 158 265 514 131 152 154 95 158 1372 158 64 0 158 118 17 34 158 75 158 158 158 158 158 337 341 0 0 0 7123 73 1006 25 0 158 158 158 0 0 158 1006 0 158 158 823 158 0 0
5917 1039 1039 5917 1039 5917 1039 0 0 0 1919 4907 5845 0 2828 3287 0 6 34 5917 0 5917 1215 1039 5917 2075 1039 1097 5917 5948 5917 5917 5917 5901 5917 590 858 1039 1039 1039 73 7123 0 1054 1039 5917 5917 5917 1039 1039 5917 0 1039 5917 5917 1739 5917 1039 1039
0 0 0 0 0 0 0 0 0 0 7 236 0 0 342 2378 0 17 23 0 0 0 45 0 0 57 0 11 0 0 0 0 0 0 0 306 30 0 0 0 1006 0 7123 8 0 0 0 0 0 0 0 7123 0 0 0 653 0 0 0
15 3956 3956 15 3956 15 3956 403 0 187 776 81 15 0 162 16 148 387 60 15 187 15 4008 3956 15 1300 2615 3957 15 2153 15 15 15 15 15 8 0 3956 3956 3956 25 1054 8 7123 3956 15 15 15 3956 3956 15 8 3956 15 15 456 15 3956 3956
0 7123 7123 0 7123 0 7123 0 0 0 3943 0 0 0 0 0 0 0 0 0 0 0 6200 7123 0 0 5753 6973 0 2138 0 0 0 0 0 0 0 7123 7123 7123 0 1039 0 3956 7123 0 0 0 7123 7123 0 0 7123 0 0 341 0 7123 7123
7123 0 0 7123 0 7123 0 0 0 0 3125 5667 7051 0 4034 4493 0 6 34 7123 0 7123 176 0 7123 3281 0 58 7123 4909 7123 7123 7123 7107 7123 590 858 0 0 0 158 5917 0 15 0 7123 7123 7123 0 0 7123 0 0 7123 7123 1524 7123 0 0
7123 0 0 7123 0 7123 0 0 0 0 3125 5667 7051 0 4034 4493 0 6 34 7123 0 7123 176 0 7123 3281 0 58 7123 4909 7123 7123 7123 7107 7123 590 858 0 0 0 158 5917 0 15 0 7123 7123 7123 0 0 7123 0 0 7123 7123 1524 7123 0 0
7123 0 0 7123 0 7123 0 0 0 0 3125 5667 7051 0 4034 4493 0 6 34 7123 0 7123 176 0 7123 3281 0 58 7123 4909 7123 7123 7123 7107 7123 590 858 0 0 0 158 5917 0 15 0 7123 7123 7123 0 0 7123 0 0 7123 7123 1524 7123 0 0
0 7123 7123 0 7123 0 7123 0 0 0 3943 0 0 0 0 0 0 0 0 0 0 0 6200 7123 0 0 5753 6973 0 2138 0 0 0 0 0 0 0 7123 7123 7123 0 1039 0 3956 7123 0 0 0 7123 7123 0 0 7123 0 0 341 0 7123 7123
0 7123 7123 0 7123 0 7123 0 0 0 3943 0 0 0 0 0 0 0 0 0 0 0 6200 7123 0 0 5753 6973 0 2138 0 0 0 0 0 0 0 7123 7123 7123 0 1039 0 3956 7123 0 0 0 7123 7123 0 0 7123 0 0 341 0 7123 7123
7123 0 0 7123 0 7123 0 0 0 0 3125 5667 7051 0 4034 4493 0 6 34 7123 0 7123 176 0 7123 3281 0 58 7123 4909 7123 7123 7123 7107 7123 590 858 0 0 0 158 5917 0 15 0 7123 7123 7123 0 0 7123 0 0 7123 7123 1524 7123 0 0
0 0 0 0 0 0 0 0 0 0 7 236 0 0 342 2378 0 17 23 0 0 0 45 0 0 57 0 11 0 0 0 0 0 0 0 306 30 0 0 0 1006 0 7123 8 0 0 0 0 0 0 0 7123 0 0 0 653 0 0 0
0 7123 7123 0 7123 0 7123 0 0 0 3943 0 0 0 0 0 0 0 0 0 0 0 6200 7123 0 0 5753 6973 0 2138 0 0 0 0 0 0 0 7123 7123 7123 0 1039 0 3956 7123 0 0 0 7123 7123 0 0 7123 0 0 341 0 7123 7123
7123 0 0 7123 0 7123 0 0 0 0 3125 5667 7051 0 4034 4493 0 6 34 7123 0 7123 176 0 7123 3281 0 58 7123 4909 7123 7123 7123 7107 7123 590 858 0 0 0 158 5917 0 15 0 7123 7123 7123 0 0 7123 0 0 7123 7123 1524 7123 0 0
7123 0 0 7123 0 7123 0 0 0 0 3125 5667 7051 0 4034 4493 0 6 34 7123 0 7123 176 0 7123 3281 0 58 7123 4909 7123 7123 7123 7107 7123 590 858 0 0 0 158 5917 0 15 0 7123 7123 7123 0 0 7123 0 0 7123 7123 1524 7123 0 0
1524 341 341 1524 341 1524 341 34 792 2375 173 1111 1524 792 728 462 3 123 224 1524 2323 1524 421 341 1524 206 341 399 1524 1627 1524 1524 1524 1524 1524 690 1363 341 341 341 823 1739 653 456 341 1524 1524 1524 341 341 1524 653 341 1524 1524 7123 1524 341 341
7123 0 0 7123 0 7123 0 0 0 0 3125 5667 7051 0 4034 4493 0 6 34 7123 0 7123 176 0 7123 3281 0 58 7123 4909 7123 7123 7123 7107 7123 590 858 0 0 0 158 5917 0 15 0 7123 7123 7123 0 0 7123 0 0 7123 7123 1524 7123 0 0
0 7123 7123 0 7123 0 7123 0 0 0 3943 0 0 0 0 0 0 0 0 0 0 0 6200 7123 0 0 5753 6973 0 2138 0 0 0 0 0 0 0 7123 7123 7123 0 1039 0 3956 7123 0 0 0 7123 7123 0 0 7123 0 0 341 0 7123 7123
0 7123 7123 0 7123 0 7123 0 0 0 3943 0 0 0 0 0 0 0 0 0 0 0 6200 7123 0 0 5753 6973 0 2138 0 0 0 0 0 0 0 7123 7123 7123 0 1039 0 3956 7123 0 0 0 7123 7123 0 0 7123 0 0 341 0 7123 7123
