7987 1369 1369 332 469 0 2493 0 23 3356 2493 0 332 332 332 3271 3200 21 1369 3081 1477 2493 1369 1492 561 332 332 796 1369 1870 1369 1504 2729 1369 288 2062 0 1456 2235 1369 1369 2891 5966 332 649 332 3867 1459 1881 1369 332 2612 2282 3842 2341 2493 1369 1369 460
1369 7987 7987 0 1856 250 0 0 0 649 0 1132 0 0 0 401 938 0 7987 290 5884 0 7987 5491 4801 0 0 0 7987 925 5877 304 1246 7987 651 4406 0 1408 2393 4500 7987 4752 134 0 522 0 742 1078 256 7987 519 232 941 592 1506 0 7987 7987 877
1369 7987 7987 0 1856 250 0 0 0 649 0 1132 0 0 0 401 938 0 7987 290 5884 0 7987 5491 4801 0 0 0 7987 925 5877 304 1246 7987 651 4406 0 1408 2393 4500 7987 4752 134 0 522 0 742 1078 256 7987 519 232 941 592 1506 0 7987 7987 877
332 0 0 7987 36 206 0 66 0 169 0 766 6024 6024 6024 0 61 1911 0 0 254 0 0 28 253 6024 6024 887 0 387 2110 2947 1060 0 2 1214 38 818 0 43 0 237 858 6024 1349 6024 1893 1287 2078 0 5505 271 32 3020 30 0 0 0 3081
469 1856 1856 36 7987 73 5963 0 85 2592 5963 6452 36 36 36 3715 1498 815 1856 0 2014 5963 1856 695 1856 36 36 0 1856 239 36 2755 1725 1856 4913 682 0 1009 510 3888 1856 3243 1072 36 2334 36 1156 2741 36 1856 1607 3656 2159 36 4585 5963 1856 1856 1406
0 250 250 206 73 7987 0 645 4 1099 0 136 206 206 206 0 0 4 250 0 560 0 250 97 258 206 206 0 250 143 313 206 73 250 83 402 52 149 30 250 250 250 0 206 781 206 73 127 1501 250 206 138 60 206 80 0 250 250 273
2493 0 0 0 5963 0 7987 0 0 4616 7987 5455 0 0 0 5739 1498 730 0 0 158 7987 0 52 0 0 0 0 0 239 0 2719 456 0 4349 0 0 707 508 2032 0 1387 3096 0 2653 0 378 3485 0 0 1571 5680 1232 0 3239 7987 0 0 1370
0 0 0 66 0 645 0 7987 0 12 0 32 0 0 0 0 0 0 0 0 175 0 0 222 45 0 0 0 0 106 0 0 0 0 41 364 7 77 150 0 0 0 0 0 115 0 0 904 782 0 0 0 83 90 105 0 0 0 2
23 0 0 0 85 4 0 0 7987 0 0 0 0 0 0 36 338 3348 0 93 24 0 0 76 107 0 0 6 0 0 0 738 1195 0 25 325 0 247 0 0 0 11 70 0 569 0 7 132 26 0 78 0 186 0 784 0 0 0 67
3356 649 649 169 2592 1099 4616 12 0 7987 4616 2084 49 49 49 4605 863 779 649 1011 89 4616 649 441 142 49 49 473 649 1379 649 1160 1261 649 978 220 12 839 98 0 649 65 3959 49 355 49 1241 3540 283 649 40 4680 2095 423 2366 4616 649 649 1349
2493 0 0 0 5963 0 7987 0 0 4616 7987 5455 0 0 0 5739 1498 730 0 0 158 7987 0 52 0 0 0 0 0 239 0 2719 456 0 4349 0 0 707 508 2032 0 1387 3096 0 2653 0 378 3485 0 0 1571 5680 1232 0 3239 7987 0 0 1370
0 1132 1132 766 6452 136 5455 32 0 2084 5455 7987 766 766 766 3384 1498 730 1132 119 1290 5455 1132 693 1132 766 766 119 1132 640 828 3485 1453 1132 4763 933 0 547 544 3164 1132 2519 564 766 2593 766 1279 2217 628 1132 2337 3148 1778 766 3426 5455 1132 1132 1872
332 0 0 6024 36 206 0 0 0 49 0 766 7987 7987 7987 160 61 3874 0 82 24 0 0 202 226 7987 7987 2850 0 387 2110 2947 1060 0 2 1371 0 1054 21 43 0 237 858 7987 1349 7987 1893 492 2091 0 5733 1311 1057 3020 30 0 0 0 3816
332 0 0 6024 36 206 0 0 0 49 0 766 7987 7987 7987 160 61 3874 0 82 24 0 0 202 226 7987 7987 2850 0 387 2110 2947 1060 0 2 1371 0 1054 21 43 0 237 858 7987 1349 7987 1893 492 2091 0 5733 1311 1057 3020 30 0 0 0 3816
332 0 0 6024 36 206 0 0 0 49 0 766 7987 7987 7987 160 61 3874 0 82 24 0 0 202 226 7987 7987 2850 0 387 2110 2947 1060 0 2 1371 0 1054 21 43 0 237 858 7987 1349 7987 1893 492 2091 0 5733 1311 1057 3020 30 0 0 0 3816
3271 401 401 0 3715 0 5739 0 36 4605 5739 3384 160 160 160 7987 177 890 401 1356 158 5739 401 295 47 160 160 337 401 425 401 3409 928 401 2325 991 0 2078 390 27 401 1141 3874 160 582 160 1333 3308 968 401 136 5703 1597 955 3249 5739 401 401 2085
3200 938 938 61 1498 0 1498 0 338 863 1498 1498 61 61 61 177 7987 261 938 4487 1096 1498 938 1100 219 61 61 3155 938 2094 938 305 1542 938 2290 938 15 334 1505 2436 938 2136 1962 61 1872 61 2223 68 383 938 1559 0 2625 1969 1018 1498 938 938 83
21 0 0 1911 815 4 730 0 3348 779 730 730 3874 3874 3874 890 261 7987 0 97 24 730 0 202 0 3874 3874 2865 0 254 0 523 431 0 78 1158 0 898 21 43 0 237 268 3874 620 3874 22 1104 13 0 1620 2041 1816 0 746 730 0 0 1740
1369 7987 7987 0 1856 250 0 0 0 649 0 1132 0 0 0 401 938 0 7987 290 5884 0 7987 5491 4801 0 0 0 7987 925 5877 304 1246 7987 651 4406 0 1408 2393 4500 7987 4752 134 0 522 0 742 1078 256 7987 519 232 941 592 1506 0 7987 7987 877
3081 290 290 0 0 0 0 0 93 1011 0 119 82 82 82 1356 4487 97 290 7987 108 0 290 415 70 82 82 5052 290 2415 290 1180 2713 290 2332 719 0 1554 326 0 290 930 3048 82 200 82 4298 68 1227 290 0 128 3460 2339 1524 0 290 290 1873
1477 5884 5884 254 2014 560 158 175 24 89 158 1290 24 24 24 158 1096 24 5884 108 7987 158 5884 3984 4825 24 24 24 5884 94 3774 412 1270 5884 809 3878 0 1352 2494 4658 5884 4910 242 24 680 24 850 1052 252 5884 521 123 1029 700 1530 158 5884 5884 175
2493 0 0 0 5963 0 7987 0 0 4616 7987 5455 0 0 0 5739 1498 730 0 0 158 7987 0 52 0 0 0 0 0 239 0 2719 456 0 4349 0 0 707 508 2032 0 1387 3096 0 2653 0 378 3485 0 0 1571 5680 1232 0 3239 7987 0 0 1370
1369 7987 7987 0 1856 250 0 0 0 649 0 1132 0 0 0 401 938 0 7987 290 5884 0 7987 5491 4801 0 0 0 7987 925 5877 304 1246 7987 651 4406 0 1408 2393 4500 7987 4752 134 0 522 0 742 1078 256 7987 519 232 941 592 1506 0 7987 7987 877
1492 5491 5491 28 695 97 52 222 76 441 52 693 202 202 202 295 1100 202 5491 415 3984 52 5491 7987 2936 202 202 202 5491 1059 4864 392 723 5491 646 3522 0 864 2589 2687 5491 3010 257 202 774 202 243 1022 296 5491 724 171 471 715 577 52 5491 5491 1053
561 4801 4801 253 1856 258 0 45 107 142 0 1132 226 226 226 47 219 0 4801 70 4825 0 4801 2936 7987 226 226 70 4801 165 2691 346 1246 4801 721 2655 0 1598 1167 3692 4801 3759 372 226 266 226 812 1287 90 4801 745 86 941 101 1506 0 4801 4801 137
332 0 0 6024 36 206 0 0 0 49 0 766 7987 7987 7987 160 61 3874 0 82 24 0 0 202 226 7987 7987 2850 0 387 2110 2947 1060 0 2 1371 0 1054 21 43 0 237 858 7987 1349 7987 1893 492 2091 0 5733 1311 1057 3020 30 0 0 0 3816
332 0 0 6024 36 206 0 0 0 49 0 766 7987 7987 7987 160 61 3874 0 82 24 0 0 202 226 7987 7987 2850 0 387 2110 2947 1060 0 2 1371 0 1054 21 43 0 237 858 7987 1349 7987 1893 492 2091 0 5733 1311 1057 3020 30 0 0 0 3816
796 0 0 887 0 0 0 0 6 473 0 119 2850 2850 2850 337 3155 2865 0 5052 24 0 0 202 70 2850 2850 7987 0 1411 0 0 1162 0 2332 1044 0 1145 21 22 0 0 693 2850 135 2850 2013 68 13 0 596 1311 2901 0 386 0 0 0 2866
1369 7987 7987 0 1856 250 0 0 0 649 0 1132 0 0 0 401 938 0 7987 290 5884 0 7987 5491 4801 0 0 0 7987 925 5877 304 1246 7987 651 4406 0 1408 2393 4500 7987 4752 134 0 522 0 742 1078 256 7987 519 232 941 592 1506 0 7987 7987 877
1870 925 925 387 239 143 239 106 0 1379 239 640 387 387 387 425 2094 254 925 2415 94 239 925 1059 165 387 387 1411 925 7987 1297 626 1396 925 192 126 202 316 2 27 925 263 1587 387 215 387 2699 261 539 925 387 332 1949 1526 889 239 925 925 1217
1369 5877 5877 2110 36 313 0 0 0 649 0 828 2110 2110 2110 401 938 0 5877 290 3774 0 5877 4864 2691 2110 2110 0 5877 1297 7987 2414 384 5877 2 3701 0 458 2393 2390 5877 2642 134 2110 1320 2110 1368 980 2322 5877 2629 232 32 2702 30 0 5877 5877 2917
1504 304 304 2947 2755 206 2719 0 738 1160 2719 3485 2947 2947 2947 3409 305 523 304 1180 412 2719 304 392 346 2947 2947 0 304 626 2414 7987 1899 304 2251 1187 0 994 388 524 304 1674 1254 2947 1308 2947 3050 1211 3235 304 2947 2263 1448 3852 2452 2719 304 304 3344
2729 1246 1246 1060 1725 73 456 0 1195 1261 456 1453 1060 1060 1060 928 1542 431 1246 2713 1270 456 1246 723 1246 1060 1060 1162 1246 1396 384 1899 7987 1246 1240 1361 0 1268 918 1246 1246 2570 2511 1060 297 1060 4711 804 1688 1246 1060 575 3130 3117 3614 456 1246 1246 1101
1369 7987 7987 0 1856 250 0 0 0 649 0 1132 0 0 0 401 938 0 7987 290 5884 0 7987 5491 4801 0 0 0 7987 925 5877 304 1246 7987 651 4406 0 1408 2393 4500 7987 4752 134 0 522 0 742 1078 256 7987 519 232 941 592 1506 0 7987 7987 877
288 651 651 2 4913 83 4349 41 25 978 4349 4763 2 2 2 2325 2290 78 651 2332 809 4349 651 646 721 2 2 2332 651 192 2 2251 1240 651 7987 785 0 1127 522 2683 651 2038 468 2 2309 2 1115 1071 2 651 1573 2042 1972 2 2671 4349 651 651 1850
2062 4406 4406 1214 682 402 0 364 325 220 0 933 1371 1371 1371 991 938 1158 4406 719 3878 0 4406 3522 2655 1371 1371 1044 4406 126 3701 1187 1361 4406 785 7987 0 1185 2590 3308 4406 3979 827 1371 761 1371 772 348 1049 4406 830 510 426 1498 978 0 4406 4406 1435
0 0 0 38 0 52 0 7 0 12 0 0 0 0 0 0 15 0 0 0 0 0 0 0 0 0 0 0 0 202 0 0 0 0 0 0 7987 0 650 0 0 0 0 0 105 0 0 85 4 0 0 0 169 45 0 0 0 0 0
1456 1408 1408 818 1009 149 707 77 247 839 707 547 1054 1054 1054 2078 334 898 1408 1554 1352 707 1408 864 1598 1054 1054 1145 1408 316 458 994 1268 1408 1127 1185 0 7987 307 1263 1408 1250 1883 1054 209 1054 1556 1180 913 1408 1080 925 1792 804 1142 707 1408 1408 991
2235 2393 2393 0 510 30 508 150 0 98 508 544 21 21 21 390 1505 21 2393 326 2494 508 2393 2589 1167 21 21 21 2393 2 2393 388 918 2393 522 2590 650 307 7987 2126 2393 3217 1052 21 1453 21 918 119 1066 2393 508 123 170 1510 722 508 2393 2393 26
1369 4500 4500 43 3888 250 2032 0 0 0 2032 3164 43 43 43 27 2436 43 4500 0 4658 2032 4500 2687 3692 43 43 22 4500 27 2390 524 1246 4500 2683 3308 0 1263 2126 7987 4500 5122 138 43 2480 43 742 304 74 4500 1614 60 941 592 1506 2032 4500 4500 67
1369 7987 7987 0 1856 250 0 0 0 649 0 1132 0 0 0 401 938 0 7987 290 5884 0 7987 5491 4801 0 0 0 7987 925 5877 304 1246 7987 651 4406 0 1408 2393 4500 7987 4752 134 0 522 0 742 1078 256 7987 519 232 941 592 1506 0 7987 7987 877
2891 4752 4752 237 3243 250 1387 0 11 65 1387 2519 237 237 237 1141 2136 237 4752 930 4910 1387 4752 3010 3759 237 237 0 4752 263 2642 1674 2570 4752 2038 3979 0 1250 3217 5122 4752 7987 1656 237 1600 237 2264 483 1327 4752 824 656 1604 2114 3128 1387 4752 4752 70
5966 134 134 858 1072 0 3096 0 70 3959 3096 564 858 858 858 3874 1962 268 134 3048 242 3096 134 257 372 858 858 693 134 1587 134 1254 2511 134 468 827 0 1883 1052 138 134 1656 7987 858 554 858 4018 2070 1819 134 858 3215 2197 2958 2576 3096 134 134 1062
332 0 0 6024 36 206 0 0 0 49 0 766 7987 7987 7987 160 61 3874 0 82 24 0 0 202 226 7987 7987 2850 0 387 2110 2947 1060 0 2 1371 0 1054 21 43 0 237 858 7987 1349 7987 1893 492 2091 0 5733 1311 1057 3020 30 0 0 0 3816
649 522 522 1349 2334 781 2653 115 569 355 2653 2593 1349 1349 1349 582 1872 620 522 200 680 2653 522 774 266 1349 1349 135 522 215 1320 1308 297 522 2309 761 105 209 1453 2480 522 1600 554 1349 7987 1349 561 502 1235 522 2920 355 76 1090 86 2653 522 522 883
332 0 0 6024 36 206 0 0 0 49 0 766 7987 7987 7987 160 61 3874 0 82 24 0 0 202 226 7987 7987 2850 0 387 2110 2947 1060 0 2 1371 0 1054 21 43 0 237 858 7987 1349 7987 1893 492 2091 0 5733 1311 1057 3020 30 0 0 0 3816
3867 742 742 1893 1156 73 378 0 7 1241 378 1279 1893 1893 1893 1333 2223 22 742 4298 850 378 742 243 812 1893 1893 2013 742 2699 1368 3050 4711 742 1115 772 0 1556 918 742 742 2264 4018 1893 561 1893 7987 509 3155 742 1893 497 3050 4824 2540 378 742 742 2996
1459 1078 1078 1287 2741 127 3485 904 132 3540 3485 2217 492 492 492 3308 68 1104 1078 68 1052 3485 1078 1022 1287 492 492 68 1078 261 980 1211 804 1078 1071 348 85 1180 119 304 1078 483 2070 492 502 492 509 7987 148 1078 1011 3485 1434 148 2444 3485 1078 1078 1031
1881 256 256 2078 36 1501 0 782 26 283 0 628 2091 2091 2091 968 383 13 256 1227 252 0 256 296 90 2091 2091 13 256 539 2322 3235 1688 256 2 1049 4 913 1066 74 256 1327 1819 2091 1235 2091 3155 148 7987 256 2091 153 569 3920 1081 0 256 256 2454
1369 7987 7987 0 1856 250 0 0 0 649 0 1132 0 0 0 401 938 0 7987 290 5884 0 7987 5491 4801 0 0 0 7987 925 5877 304 1246 7987 651 4406 0 1408 2393 4500 7987 4752 134 0 522 0 742 1078 256 7987 519 232 941 592 1506 0 7987 7987 877
332 519 519 5505 1607 206 1571 0 78 40 1571 2337 5733 5733 5733 136 1559 1620 519 0 521 1571 519 724 745 5733 5733 596 519 387 2629 2947 1060 519 1573 830 0 1080 508 1614 519 824 858 5733 2920 5733 1893 1011 2091 519 7987 198 32 3020 30 1571 519 519 2790
2612 232 232 271 3656 138 5680 0 0 4680 5680 3148 1311 1311 1311 5703 0 2041 232 128 123 5680 232 171 86 1311 1311 1311 232 332 232 2263 575 232 2042 510 0 925 123 60 232 656 3215 1311 355 1311 497 3485 153 232 198 7987 1980 119 3358 5680 232 232 1823
2282 941 941 32 2159 60 1232 83 186 2095 1232 1778 1057 1057 1057 1597 2625 1816 941 3460 1029 1232 941 471 941 1057 1057 2901 941 1949 32 1448 3130 941 1972 426 169 1792 170 941 941 1604 2197 1057 76 1057 3050 1434 569 941 32 1980 7987 1681 3494 1232 941 941 843
3842 592 592 3020 36 206 0 90 0 423 0 766 3020 3020 3020 955 1969 0 592 2339 700 0 592 715 101 3020 3020 0 592 1526 2702 3852 3117 592 2 1498 45 804 1510 592 592 2114 2958 3020 1090 3020 4824 148 3920 592 3020 119 1681 7987 1760 0 592 592 2483
2341 1506 1506 30 4585 80 3239 105 784 2366 3239 3426 30 30 30 3249 1018 746 1506 1524 1530 3239 1506 577 1506 30 30 386 1506 889 30 2452 3614 1506 2671 978 0 1142 722 1506 1506 3128 2576 30 86 30 2540 2444 1081 1506 30 3358 3494 1760 7987 3239 1506 1506 1278
2493 0 0 0 5963 0 7987 0 0 4616 7987 5455 0 0 0 5739 1498 730 0 0 158 7987 0 52 0 0 0 0 0 239 0 2719 456 0 4349 0 0 707 508 2032 0 1387 3096 0 2653 0 378 3485 0 0 1571 5680 1232 0 3239 7987 0 0 1370
1369 7987 7987 0 1856 250 0 0 0 649 0 1132 0 0 0 401 938 0 7987 290 5884 0 7987 5491 4801 0 0 0 7987 925 5877 304 1246 7987 651 4406 0 1408 2393 4500 7987 4752 134 0 522 0 742 1078 256 7987 519 232 941 592 1506 0 7987 7987 877
1369 7987 7987 0 1856 250 0 0 0 649 0 1132 0 0 0 401 938 0 7987 290 5884 0 7987 5491 4801 0 0 0 7987 925 5877 304 1246 7987 651 4406 0 1408 2393 4500 7987 4752 134 0 522 0 742 1078 256 7987 519 232 941 592 1506 0 7987 7987 877
460 877 877 3081 1406 273 1370 2 67 1349 1370 1872 3816 3816 3816 2085 83 1740 877 1873 175 1370 877 1053 137 3816 3816 2866 877 1217 2917 3344 1101 877 1850 1435 0 991 26 67 877 70 1062 3816 883 3816 2996 1031 2454 877 2790 1823 843 2483 1278 1370 877 877 7987
