2806 2780 0 2501 7 2780 0 2587 0 1033 220 2664 23 0 2780 2780 624 0 2780 2780 69 2538 2119 2780 2780 1573 102 2780 0 2780 714 2780 2780 1150 209 1044 2641 2780 2780 2148 429 21 2048 1176 2780 2195 2298 2780 2780 0 0 0 2780 558 2780 0 2780 0 1951
2780 2806 0 2501 0 2806 0 2613 0 1059 220 2690 23 0 2806 2806 650 0 2806 2806 69 2564 2119 2806 2806 1569 102 2806 0 2806 740 2806 2806 1176 208 1044 2647 2806 2806 2148 429 21 2074 1176 2806 2221 2298 2806 2806 0 0 0 2806 560 2806 0 2806 0 1951
0 0 2806 0 0 0 873 0 0 0 890 0 850 849 0 0 78 873 0 0 473 0 62 0 0 4 771 0 873 0 82 0 0 17 1297 593 0 0 0 100 882 794 22 745 0 2 40 0 0 873 873 873 0 199 0 873 0 873 250
2501 2501 0 2806 13 2501 0 2308 0 754 220 2407 23 0 2501 2501 519 0 2501 2501 69 2476 2400 2501 2501 1334 102 2501 0 2501 592 2501 2501 871 214 1044 2418 2501 2501 2429 429 21 1769 1176 2501 1916 2579 2501 2501 0 0 0 2501 759 2501 0 2501 0 2138
7 0 0 13 2806 0 0 13 0 0 48 9 0 0 0 0 1363 0 0 0 441 12 61 0 0 295 0 0 0 0 358 0 0 168 53 21 17 0 0 1 20 4 2 80 0 1 15 0 0 0 0 0 0 653 0 0 0 0 13
2780 2806 0 2501 0 2806 0 2613 0 1059 220 2690 23 0 2806 2806 650 0 2806 2806 69 2564 2119 2806 2806 1569 102 2806 0 2806 740 2806 2806 1176 208 1044 2647 2806 2806 2148 429 21 2074 1176 2806 2221 2298 2806 2806 0 0 0 2806 560 2806 0 2806 0 1951
0 0 873 0 0 0 2806 171 138 1747 1125 0 2783 2782 0 0 0 2806 0 0 0 0 62 0 0 140 2704 0 2806 0 964 0 0 366 0 1664 0 0 0 100 1641 782 98 741 0 0 40 0 0 2806 2806 2806 0 190 0 2806 0 2806 250
2587 2613 0 2308 13 2613 171 2806 138 1208 220 2497 194 171 2613 2613 628 171 2613 2613 69 2371 1926 2613 2613 1547 273 2613 171 2613 911 2613 2613 1183 208 1095 2454 2613 2613 1955 258 21 2052 1005 2613 2028 2105 2613 2613 171 171 171 2613 402 2613 171 2613 171 1780
0 0 0 0 0 0 138 138 2806 138 0 0 138 138 0 0 2 138 0 0 48 0 0 0 0 124 138 0 138 0 138 0 0 0 0 79 21 0 0 0 0 81 60 84 0 3 0 0 0 138 138 138 0 0 0 138 0 138 0
1033 1059 0 754 0 1059 1747 1208 138 2806 66 950 1770 1747 1059 1059 588 1747 1059 1059 11 817 389 1059 1059 975 1849 1059 1747 1059 1355 1059 1059 1352 104 1459 900 1059 1059 401 582 3 1157 2 1059 874 551 1059 1059 1747 1747 1747 1059 22 1059 1747 1059 1747 204
220 220 890 220 48 220 1125 220 0 66 2806 220 1102 1101 220 220 69 1125 220 220 38 220 282 220 220 16 1023 220 1125 220 24 220 220 333 18 593 220 220 220 320 1288 1299 343 1259 220 516 260 220 220 1125 1125 1125 220 260 220 1125 220 1125 470
2664 2690 0 2407 9 2690 0 2497 0 950 220 2806 23 0 2690 2690 546 0 2690 2690 77 2538 2112 2690 2690 1460 102 2690 0 2690 711 2690 2690 1070 208 1044 2531 2690 2690 2141 429 14 1958 1169 2690 2105 2253 2690 2690 0 0 0 2690 563 2690 0 2690 0 1944
23 23 850 23 0 23 2783 194 138 1770 1102 23 2806 2782 23 23 0 2783 23 23 0 23 62 23 23 140 2727 23 2783 23 987 23 23 389 13 1641 23 23 23 77 1618 759 121 718 23 23 49 23 23 2783 2783 2783 23 167 23 2783 23 2783 227
0 0 849 0 0 0 2782 171 138 1747 1101 0 2782 2806 0 0 0 2782 0 0 0 0 62 0 0 140 2704 0 2782 0 964 0 0 366 0 1640 0 0 0 76 1617 758 98 717 0 0 32 0 0 2782 2782 2782 0 166 0 2782 0 2782 226
2780 2806 0 2501 0 2806 0 2613 0 1059 220 2690 23 0 2806 2806 650 0 2806 2806 69 2564 2119 2806 2806 1569 102 2806 0 2806 740 2806 2806 1176 208 1044 2647 2806 2806 2148 429 21 2074 1176 2806 2221 2298 2806 2806 0 0 0 2806 560 2806 0 2806 0 1951
2780 2806 0 2501 0 2806 0 2613 0 1059 220 2690 23 0 2806 2806 650 0 2806 2806 69 2564 2119 2806 2806 1569 102 2806 0 2806 740 2806 2806 1176 208 1044 2647 2806 2806 2148 429 21 2074 1176 2806 2221 2298 2806 2806 0 0 0 2806 560 2806 0 2806 0 1951
624 650 78 519 1363 650 0 628 2 588 69 546 0 0 650 650 2806 0 650 650 432 476 266 650 650 756 70 650 0 650 336 650 650 730 207 208 532 650 650 219 20 140 652 188 650 695 348 650 650 0 0 0 650 462 650 0 650 0 115
0 0 873 0 0 0 2806 171 138 1747 1125 0 2783 2782 0 0 0 2806 0 0 0 0 62 0 0 140 2704 0 2806 0 964 0 0 366 0 1664 0 0 0 100 1641 782 98 741 0 0 40 0 0 2806 2806 2806 0 190 0 2806 0 2806 250
2780 2806 0 2501 0 2806 0 2613 0 1059 220 2690 23 0 2806 2806 650 0 2806 2806 69 2564 2119 2806 2806 1569 102 2806 0 2806 740 2806 2806 1176 208 1044 2647 2806 2806 2148 429 21 2074 1176 2806 2221 2298 2806 2806 0 0 0 2806 560 2806 0 2806 0 1951
2780 2806 0 2501 0 2806 0 2613 0 1059 220 2690 23 0 2806 2806 650 0 2806 2806 69 2564 2119 2806 2806 1569 102 2806 0 2806 740 2806 2806 1176 208 1044 2647 2806 2806 2148 429 21 2074 1176 2806 2221 2298 2806 2806 0 0 0 2806 560 2806 0 2806 0 1951
69 69 473 69 441 69 0 69 48 11 38 77 0 0 69 69 432 0 69 69 2806 76 66 69 69 201 0 69 0 69 119 69 69 58 651 70 69 69 69 68 17 146 64 24 69 42 65 69 69 0 0 0 69 137 69 0 69 0 96
2538 2564 0 2476 12 2564 0 2371 0 817 220 2538 23 0 2564 2564 476 0 2564 2564 76 2806 2310 2564 2564 1327 102 2564 0 2564 871 2564 2564 934 316 1044 2405 2564 2564 2238 429 21 1832 1176 2564 1979 2401 2564 2564 0 0 0 2564 751 2564 0 2564 0 2142
2119 2119 62 2400 61 2119 62 1926 0 389 282 2112 62 62 2119 2119 266 62 2119 2119 66 2310 2806 2119 2119 1122 82 2119 62 2119 624 2119 2119 511 298 954 2094 2119 2119 2345 491 21 1387 1176 2119 1551 2432 2119 2119 62 62 62 2119 867 2119 62 2119 62 2231
2780 2806 0 2501 0 2806 0 2613 0 1059 220 2690 23 0 2806 2806 650 0 2806 2806 69 2564 2119 2806 2806 1569 102 2806 0 2806 740 2806 2806 1176 208 1044 2647 2806 2806 2148 429 21 2074 1176 2806 2221 2298 2806 2806 0 0 0 2806 560 2806 0 2806 0 1951
2780 2806 0 2501 0 2806 0 2613 0 1059 220 2690 23 0 2806 2806 650 0 2806 2806 69 2564 2119 2806 2806 1569 102 2806 0 2806 740 2806 2806 1176 208 1044 2647 2806 2806 2148 429 21 2074 1176 2806 2221 2298 2806 2806 0 0 0 2806 560 2806 0 2806 0 1951
1573 1569 4 1334 295 1569 140 1547 124 975 16 1460 140 140 1569 1569 756 140 1569 1569 201 1327 1122 1569 1569 2806 140 1569 140 1569 304 1569 1569 889 180 1043 1599 1569 1569 1158 191 3 1468 177 1569 984 1307 1569 1569 140 140 140 1569 335 1569 140 1569 140 938
102 102 771 102 0 102 2704 273 138 1849 1023 102 2727 2704 102 102 70 2704 102 102 0 102 82 102 102 140 2806 102 2704 102 1066 102 102 468 41 1562 52 102 102 0 1539 680 200 639 102 102 25 102 102 2704 2704 2704 102 88 102 2704 102 2704 148
2780 2806 0 2501 0 2806 0 2613 0 1059 220 2690 23 0 2806 2806 650 0 2806 2806 69 2564 2119 2806 2806 1569 102 2806 0 2806 740 2806 2806 1176 208 1044 2647 2806 2806 2148 429 21 2074 1176 2806 2221 2298 2806 2806 0 0 0 2806 560 2806 0 2806 0 1951
0 0 873 0 0 0 2806 171 138 1747 1125 0 2783 2782 0 0 0 2806 0 0 0 0 62 0 0 140 2704 0 2806 0 964 0 0 366 0 1664 0 0 0 100 1641 782 98 741 0 0 40 0 0 2806 2806 2806 0 190 0 2806 0 2806 250
2780 2806 0 2501 0 2806 0 2613 0 1059 220 2690 23 0 2806 2806 650 0 2806 2806 69 2564 2119 2806 2806 1569 102 2806 0 2806 740 2806 2806 1176 208 1044 2647 2806 2806 2148 429 21 2074 1176 2806 2221 2298 2806 2806 0 0 0 2806 560 2806 0 2806 0 1951
714 740 82 592 358 740 964 911 138 1355 24 711 987 964 740 740 336 964 740 740 119 871 624 740 740 304 1066 740 964 740 2806 740 740 837 427 1150 581 740 740 433 0 141 838 390 740 707 517 740 740 964 964 964 740 438 740 964 740 964 695
2780 2806 0 2501 0 2806 0 2613 0 1059 220 2690 23 0 2806 2806 650 0 2806 2806 69 2564 2119 2806 2806 1569 102 2806 0 2806 740 2806 2806 1176 208 1044 2647 2806 2806 2148 429 21 2074 1176 2806 2221 2298 2806 2806 0 0 0 2806 560 2806 0 2806 0 1951
2780 2806 0 2501 0 2806 0 2613 0 1059 220 2690 23 0 2806 2806 650 0 2806 2806 69 2564 2119 2806 2806 1569 102 2806 0 2806 740 2806 2806 1176 208 1044 2647 2806 2806 2148 429 21 2074 1176 2806 2221 2298 2806 2806 0 0 0 2806 560 2806 0 2806 0 1951
1150 1176 17 871 168 1176 366 1183 0 1352 333 1070 389 366 1176 1176 730 366 1176 1176 58 934 511 1176 1176 889 468 1176 366 1176 837 1176 1176 2806 163 770 1017 1176 1176 518 30 331 1233 388 1176 1162 668 1176 1176 366 366 366 1176 281 1176 366 1176 366 388
209 208 1297 214 53 208 0 208 0 104 18 208 13 0 208 208 207 0 208 208 651 316 298 208 208 180 41 208 0 208 427 208 208 163 2806 204 187 208 208 179 9 12 230 5 208 121 258 208 208 0 0 0 208 344 208 0 208 0 425
1044 1044 593 1044 21 1044 1664 1095 79 1459 593 1044 1641 1640 1044 1044 208 1664 1044 1044 70 1044 954 1044 1044 1043 1562 1044 1664 1044 1150 1044 1044 770 204 2806 1044 1044 1044 1145 632 596 1103 678 1044 459 1084 1044 1044 1664 1664 1664 1044 310 1044 1664 1044 1664 1153
2641 2647 0 2418 17 2647 0 2454 21 900 220 2531 23 0 2647 2647 532 0 2647 2647 69 2405 2094 2647 2647 1599 52 2647 0 2647 581 2647 2647 1017 187 1044 2806 2647 2647 2193 429 21 1915 1176 2647 2062 2342 2647 2647 0 0 0 2647 551 2647 0 2647 0 1951
2780 2806 0 2501 0 2806 0 2613 0 1059 220 2690 23 0 2806 2806 650 0 2806 2806 69 2564 2119 2806 2806 1569 102 2806 0 2806 740 2806 2806 1176 208 1044 2647 2806 2806 2148 429 21 2074 1176 2806 2221 2298 2806 2806 0 0 0 2806 560 2806 0 2806 0 1951
2780 2806 0 2501 0 2806 0 2613 0 1059 220 2690 23 0 2806 2806 650 0 2806 2806 69 2564 2119 2806 2806 1569 102 2806 0 2806 740 2806 2806 1176 208 1044 2647 2806 2806 2148 429 21 2074 1176 2806 2221 2298 2806 2806 0 0 0 2806 560 2806 0 2806 0 1951
2148 2148 100 2429 1 2148 100 1955 0 401 320 2141 77 76 2148 2148 219 100 2148 2148 68 2238 2345 2148 2148 1158 0 2148 100 2148 433 2148 2148 518 179 1145 2193 2148 2148 2806 529 121 1416 1276 2148 1563 2538 2148 2148 100 100 100 2148 865 2148 100 2148 100 2244
429 429 882 429 20 429 1641 258 0 582 1288 429 1618 1617 429 429 20 1641 429 429 17 429 491 429 429 191 1539 429 1641 429 0 429 429 30 9 632 429 429 429 529 2806 791 17 1170 429 429 469 429 429 1641 1641 1641 429 603 429 1641 429 1641 679
21 21 794 21 4 21 782 21 81 3 1299 14 759 758 21 21 140 782 21 21 146 21 21 21 21 3 680 21 782 21 141 21 21 331 12 596 21 21 21 121 791 2806 21 1401 21 582 61 21 21 782 782 782 21 223 21 782 21 782 283
2048 2074 22 1769 2 2074 98 2052 60 1157 343 1958 121 98 2074 2074 652 98 2074 2074 64 1832 1387 2074 2074 1468 200 2074 98 2074 838 2074 2074 1233 230 1103 1915 2074 2074 1416 17 21 2806 444 2074 1489 1566 2074 2074 98 98 98 2074 152 2074 98 2074 98 1219
1176 1176 745 1176 80 1176 741 1005 84 2 1259 1169 718 717 1176 1176 188 741 1176 1176 24 1176 1176 1176 1176 177 639 1176 741 1176 390 1176 1176 388 5 678 1176 1176 1176 1276 1170 1401 444 2806 1176 1737 1216 1176 1176 741 741 741 1176 713 1176 741 1176 741 1441
2780 2806 0 2501 0 2806 0 2613 0 1059 220 2690 23 0 2806 2806 650 0 2806 2806 69 2564 2119 2806 2806 1569 102 2806 0 2806 740 2806 2806 1176 208 1044 2647 2806 2806 2148 429 21 2074 1176 2806 2221 2298 2806 2806 0 0 0 2806 560 2806 0 2806 0 1951
2195 2221 2 1916 1 2221 0 2028 3 874 516 2105 23 0 2221 2221 695 0 2221 2221 42 1979 1551 2221 2221 984 102 2221 0 2221 707 2221 2221 1162 121 459 2062 2221 2221 1563 429 582 1489 1737 2221 2806 1713 2221 2221 0 0 0 2221 527 2221 0 2221 0 1369
2298 2298 40 2579 15 2298 40 2105 0 551 260 2253 49 32 2298 2298 348 40 2298 2298 65 2401 2432 2298 2298 1307 25 2298 40 2298 517 2298 2298 668 258 1084 2342 2298 2298 2538 469 61 1566 1216 2298 1713 2806 2298 2298 40 40 40 2298 864 2298 40 2298 40 2243
2780 2806 0 2501 0 2806 0 2613 0 1059 220 2690 23 0 2806 2806 650 0 2806 2806 69 2564 2119 2806 2806 1569 102 2806 0 2806 740 2806 2806 1176 208 1044 2647 2806 2806 2148 429 21 2074 1176 2806 2221 2298 2806 2806 0 0 0 2806 560 2806 0 2806 0 1951
2780 2806 0 2501 0 2806 0 2613 0 1059 220 2690 23 0 2806 2806 650 0 2806 2806 69 2564 2119 2806 2806 1569 102 2806 0 2806 740 2806 2806 1176 208 1044 2647 2806 2806 2148 429 21 2074 1176 2806 2221 2298 2806 2806 0 0 0 2806 560 2806 0 2806 0 1951
0 0 873 0 0 0 2806 171 138 1747 1125 0 2783 2782 0 0 0 2806 0 0 0 0 62 0 0 140 2704 0 2806 0 964 0 0 366 0 1664 0 0 0 100 1641 782 98 741 0 0 40 0 0 2806 2806 2806 0 190 0 2806 0 2806 250
0 0 873 0 0 0 2806 171 138 1747 1125 0 2783 2782 0 0 0 2806 0 0 0 0 62 0 0 140 2704 0 2806 0 964 0 0 366 0 1664 0 0 0 100 1641 782 98 741 0 0 40 0 0 2806 2806 2806 0 190 0 2806 0 2806 250
0 0 873 0 0 0 2806 171 138 1747 1125 0 2783 2782 0 0 0 2806 0 0 0 0 62 0 0 140 2704 0 2806 0 964 0 0 366 0 1664 0 0 0 100 1641 782 98 741 0 0 40 0 0 2806 2806 2806 0 190 0 2806 0 2806 250
2780 2806 0 2501 0 2806 0 2613 0 1059 220 2690 23 0 2806 2806 650 0 2806 2806 69 2564 2119 2806 2806 1569 102 2806 0 2806 740 2806 2806 1176 208 1044 2647 2806 2806 2148 429 21 2074 1176 2806 2221 2298 2806 2806 0 0 0 2806 560 2806 0 2806 0 1951
558 560 199 759 653 560 190 402 0 22 260 563 167 166 560 560 462 190 560 560 137 751 867 560 560 335 88 560 190 560 438 560 560 281 344 310 551 560 560 865 603 223 152 713 560 527 864 560 560 190 190 190 560 2806 560 190 560 190 1159
2780 2806 0 2501 0 2806 0 2613 0 1059 220 2690 23 0 2806 2806 650 0 2806 2806 69 2564 2119 2806 2806 1569 102 2806 0 2806 740 2806 2806 1176 208 1044 2647 2806 2806 2148 429 21 2074 1176 2806 2221 2298 2806 2806 0 0 0 2806 560 2806 0 2806 0 1951
0 0 873 0 0 0 2806 171 138 1747 1125 0 2783 2782 0 0 0 2806 0 0 0 0 62 0 0 140 2704 0 2806 0 964 0 0 366 0 1664 0 0 0 100 1641 782 98 741 0 0 40 0 0 2806 2806 2806 0 190 0 2806 0 2806 250
2780 2806 0 2501 0 2806 0 2613 0 1059 220 2690 23 0 2806 2806 650 0 2806 2806 69 2564 2119 2806 2806 1569 102 2806 0 2806 740 2806 2806 1176 208 1044 2647 2806 2806 2148 429 21 2074 1176 2806 2221 2298 2806 2806 0 0 0 2806 560 2806 0 2806 0 1951
0 0 873 0 0 0 2806 171 138 1747 1125 0 2783 2782 0 0 0 2806 0 0 0 0 62 0 0 140 2704 0 2806 0 964 0 0 366 0 1664 0 0 0 100 1641 782 98 741 0 0 40 0 0 2806 2806 2806 0 190 0 2806 0 2806 250
1951 1951 250 2138 13 1951 250 1780 0 204 470 1944 227 226 1951 1951 115 250 1951 1951 96 2142 2231 1951 1951 938 148 1951 250 1951 695 1951 1951 388 425 1153 1951 1951 1951 2244 679 283 1219 1441 1951 1369 2243 1951 1951 250 250 250 1951 1159 1951 250 1951 250 2806
