6272 5841 5841 3375 5549 98 16 0 5841 5320 98 2775 5 98 5742 551 5841 456 3336 4737 1277 5196 279 4874 98 585 3998 98 5493 814 5979 3033 98 5841 5841 4 4126 5621 98 5841 4 5841 5841 227 5713 5 5841 98 98 5841 5841 1 5841 4912 5760 5509 5841 98 123
5841 6272 5997 3714 5888 0 0 0 6272 5751 0 2770 0 0 6173 890 6272 887 3616 4458 1273 5299 0 5305 0 521 3997 0 5579 1245 6094 3372 0 6272 6272 0 4557 6052 0 6272 0 6272 5971 270 6052 0 6272 0 0 6229 6200 0 6272 5343 6184 5595 6272 0 25
5841 5997 6272 3439 5613 176 176 49 5997 5476 176 2771 1 176 5898 615 5997 612 3341 4458 1281 5200 0 5030 176 534 3997 176 5755 970 5997 3097 176 5997 5997 8 4282 5777 176 5997 8 5997 5971 226 5805 1 5997 176 176 5997 5997 0 5997 5068 5909 5771 5997 176 201
3375 3714 3439 6272 3737 0 62 62 3714 3759 0 2770 0 0 3615 1073 3714 1601 3845 3213 1033 3254 81 2747 0 530 3106 0 3021 608 3536 3376 0 3714 3714 0 1999 3494 0 3714 0 3714 3413 378 3494 0 3714 0 0 3671 3642 336 3714 2785 3626 3106 3714 0 25
5549 5888 5613 3737 6272 0 0 0 5888 5367 0 2777 7 0 5789 893 5888 673 3658 4500 1323 5082 57 4921 0 546 4019 0 5195 861 5710 3375 0 5888 5888 138 4173 5668 0 5888 138 5888 5587 270 5668 7 5888 0 0 5845 5816 42 5888 4959 5800 5221 5888 0 25
98 0 176 0 0 6272 5552 0 0 40 6272 15 0 6272 0 1325 0 76 93 0 1159 77 355 0 6272 262 0 6261 512 0 0 388 6272 0 0 0 0 0 6272 0 0 0 0 3964 0 0 0 6272 6272 43 72 2681 0 36 0 677 0 6272 6063
16 0 176 62 0 5552 6272 132 0 40 5552 69 54 5552 0 1380 0 145 114 25 1205 15 396 0 5552 247 22 5552 489 17 10 16 5552 0 0 33 0 0 5552 0 33 0 2 4018 0 54 0 5552 5552 20 49 2718 0 36 0 588 0 5552 5343
0 0 49 62 0 0 132 6272 0 25 0 0 0 0 20 64 0 63 0 77 241 4 1758 2 0 94 0 0 4 0 0 0 0 0 0 0 11 0 0 0 0 0 0 84 0 0 0 0 0 0 0 95 0 0 0 0 0 0 0
5841 6272 5997 3714 5888 0 0 0 6272 5751 0 2770 0 0 6173 890 6272 887 3616 4458 1273 5299 0 5305 0 521 3997 0 5579 1245 6094 3372 0 6272 6272 0 4557 6052 0 6272 0 6272 5971 270 6052 0 6272 0 0 6229 6200 0 6272 5343 6184 5595 6272 0 25
5320 5751 5476 3759 5367 40 40 25 5751 6272 40 2770 0 40 5652 918 5751 1004 3644 4079 1281 4886 25 4784 40 549 4025 40 5058 1245 5573 3393 40 5751 5751 0 4036 5531 40 5751 0 5751 5450 226 5531 0 5751 40 40 5708 5679 28 5751 4822 5663 5074 5751 40 65
98 0 176 0 0 6272 5552 0 0 40 6272 15 0 6272 0 1325 0 76 93 0 1159 77 355 0 6272 262 0 6261 512 0 0 388 6272 0 0 0 0 0 6272 0 0 0 0 3964 0 0 0 6272 6272 43 72 2681 0 36 0 677 0 6272 6063
2775 2770 2771 2770 2777 15 69 0 2770 2770 15 6272 3305 15 2671 591 2770 13 2770 2852 419 2784 26 1803 15 706 3412 15 2589 1408 2770 3195 15 2770 2770 0 1055 2550 15 2770 0 2770 2771 59 2770 3305 2770 15 15 2770 2770 37 2770 1841 2776 2770 2770 15 40
5 0 1 0 7 0 54 0 0 0 0 3305 6272 0 8 231 0 16 0 82 92 14 61 3 0 238 642 0 1 4375 0 422 0 0 0 0 57 1 0 0 0 0 1 44 0 6272 0 0 0 0 0 0 0 7 6 0 0 0 1
98 0 176 0 0 6272 5552 0 0 40 6272 15 0 6272 0 1325 0 76 93 0 1159 77 355 0 6272 262 0 6261 512 0 0 388 6272 0 0 0 0 0 6272 0 0 0 0 3964 0 0 0 6272 6272 43 72 2681 0 36 0 677 0 6272 6063
5742 6173 5898 3615 5789 0 0 20 6173 5652 0 2671 8 0 6272 791 6173 893 3517 4359 1273 5200 0 5309 0 422 3898 0 5579 1253 5995 3273 0 6173 6173 4 4458 6057 0 6173 4 6173 5872 270 5953 8 6173 0 0 6130 6101 0 6173 5244 6085 5496 6173 0 30
551 890 615 1073 893 1325 1380 64 890 918 1325 591 231 1325 791 6272 890 660 1128 473 2101 502 412 667 1325 2230 658 1325 197 643 712 1215 1325 890 890 550 750 670 1325 890 550 890 589 1181 670 231 890 1325 1325 847 818 1266 890 1036 802 372 890 1325 1350
5841 6272 5997 3714 5888 0 0 0 6272 5751 0 2770 0 0 6173 890 6272 887 3616 4458 1273 5299 0 5305 0 521 3997 0 5579 1245 6094 3372 0 6272 6272 0 4557 6052 0 6272 0 6272 5971 270 6052 0 6272 0 0 6229 6200 0 6272 5343 6184 5595 6272 0 25
456 887 612 1601 673 76 145 63 887 1004 76 13 16 76 893 660 887 6272 669 157 302 167 60 890 76 284 189 76 382 1020 709 673 76 887 887 151 921 888 76 887 151 887 586 329 667 16 887 76 76 844 815 444 887 897 799 210 887 76 77
3336 3616 3341 3845 3658 93 114 0 3616 3644 93 2770 0 93 3517 1128 3616 669 6272 3796 1147 3293 64 2649 93 2524 4068 93 3109 480 3438 3586 93 3616 3616 0 1901 3396 93 3616 0 3616 3330 186 3489 0 3616 93 93 3573 3544 1807 3616 2687 3575 3229 3616 93 118
4737 4458 4458 3213 4500 0 25 77 4458 4079 0 2852 82 0 4359 473 4458 157 3796 6272 1362 4469 741 3491 0 1450 4518 0 4277 0 4596 2778 0 4458 4458 0 2743 4238 0 4458 0 4458 4458 29 4458 82 4458 0 0 4458 4458 669 4458 3529 4458 4458 4458 0 25
1277 1273 1281 1033 1323 1159 1205 241 1273 1281 1159 419 92 1159 1273 2101 1273 302 1147 1362 6272 1261 649 1231 1159 1677 1531 1167 1273 149 1273 401 1159 1273 1273 737 1114 1273 1159 1273 737 1273 1284 1001 1273 92 1273 1159 1159 1273 1273 1118 1273 1263 1273 1255 1273 1159 950
5196 5299 5200 3254 5082 77 15 4 5299 4886 77 2784 14 77 5200 502 5299 167 3293 4469 1261 6272 11 4332 77 544 4006 77 5019 477 5193 2996 77 5299 5299 216 3584 5079 77 5299 216 5299 5194 88 5455 14 5299 77 77 5256 5227 9 5299 4370 5299 5200 5299 77 102
279 0 0 81 57 355 396 1758 0 25 355 26 61 355 0 412 0 60 64 741 649 11 6272 85 355 383 0 355 0 61 138 168 355 0 0 26 11 0 355 0 26 0 0 408 0 61 0 355 355 0 0 803 0 106 0 0 0 355 146
4874 5305 5030 2747 4921 0 0 2 5305 4784 0 1803 3 0 5309 667 5305 890 2649 3491 1231 4332 85 6272 0 27 3030 0 4797 1248 5127 2405 0 5305 5305 282 3604 5306 0 5305 282 5305 5004 270 5085 3 5305 0 0 5262 5233 0 5305 5118 5217 4628 5305 0 1
98 0 176 0 0 6272 5552 0 0 40 6272 15 0 6272 0 1325 0 76 93 0 1159 77 355 0 6272 262 0 6261 512 0 0 388 6272 0 0 0 0 0 6272 0 0 0 0 3964 0 0 0 6272 6272 43 72 2681 0 36 0 677 0 6272 6063
585 521 534 530 546 262 247 94 521 549 262 706 238 262 422 2230 521 284 2524 1450 1677 544 383 27 262 6272 1247 251 450 139 519 970 262 521 521 245 533 301 262 521 245 521 514 224 521 238 521 262 262 564 593 1865 521 383 521 631 521 262 287
3998 3997 3997 3106 4019 0 22 0 3997 4025 0 3412 642 0 3898 658 3997 189 4068 4518 1531 4006 0 3030 0 1247 6272 0 3816 92 3997 3121 0 3997 3997 0 2282 3777 0 3997 0 3997 4281 462 3997 642 3997 0 0 3997 3997 1347 3997 3068 4058 3997 3997 0 25
98 0 176 0 0 6261 5552 0 0 40 6261 15 0 6261 0 1325 0 76 93 0 1167 77 355 0 6261 251 0 6272 501 0 0 388 6261 0 0 8 0 0 6261 0 8 0 0 3964 0 0 0 6261 6261 32 61 2681 0 36 0 666 0 6261 6052
5493 5579 5755 3021 5195 512 489 4 5579 5058 512 2589 1 512 5579 197 5579 382 3109 4277 1273 5019 0 4797 512 450 3816 501 6272 734 5579 2679 512 5579 5579 4 3864 5542 512 5579 4 5579 5579 226 5579 1 5579 512 512 5622 5651 0 5579 4650 5579 5926 5579 512 539
814 1245 970 608 861 0 17 0 1245 1245 0 1408 4375 0 1253 643 1245 1020 480 0 149 477 61 1248 0 139 92 0 734 6272 1067 815 0 1245 1245 343 1302 1246 0 1245 343 1245 944 51 1025 4375 1245 0 0 1202 1173 0 1245 1252 1157 568 1245 0 1
5979 6094 5997 3536 5710 0 10 0 6094 5573 0 2770 0 0 5995 712 6094 709 3438 4596 1273 5193 138 5127 0 519 3997 0 5579 1067 6272 3194 0 6094 6094 0 4379 5874 0 6094 0 6094 5971 226 5874 0 6094 0 0 6094 6094 0 6094 5165 6006 5595 6094 0 25
3033 3372 3097 3376 3375 388 16 0 3372 3393 388 3195 422 388 3273 1215 3372 673 3586 2778 401 2996 168 2405 388 970 3121 388 2679 815 3194 6272 388 3372 3372 153 1657 3152 388 3372 153 3372 3071 81 3152 422 3372 388 388 3329 3300 635 3372 2443 3284 2752 3372 388 413
98 0 176 0 0 6272 5552 0 0 40 6272 15 0 6272 0 1325 0 76 93 0 1159 77 355 0 6272 262 0 6261 512 0 0 388 6272 0 0 0 0 0 6272 0 0 0 0 3964 0 0 0 6272 6272 43 72 2681 0 36 0 677 0 6272 6063
5841 6272 5997 3714 5888 0 0 0 6272 5751 0 2770 0 0 6173 890 6272 887 3616 4458 1273 5299 0 5305 0 521 3997 0 5579 1245 6094 3372 0 6272 6272 0 4557 6052 0 6272 0 6272 5971 270 6052 0 6272 0 0 6229 6200 0 6272 5343 6184 5595 6272 0 25
5841 6272 5997 3714 5888 0 0 0 6272 5751 0 2770 0 0 6173 890 6272 887 3616 4458 1273 5299 0 5305 0 521 3997 0 5579 1245 6094 3372 0 6272 6272 0 4557 6052 0 6272 0 6272 5971 270 6052 0 6272 0 0 6229 6200 0 6272 5343 6184 5595 6272 0 25
4 0 8 0 138 0 33 0 0 0 0 0 0 0 4 550 0 151 0 0 737 216 26 282 0 245 0 8 4 343 0 153 0 0 0 6272 20 1 0 0 6272 0 11 63 0 0 0 0 0 0 0 28 0 755 0 0 0 0 1
4126 4557 4282 1999 4173 0 0 11 4557 4036 0 1055 57 0 4458 750 4557 921 1901 2743 1114 3584 11 3604 0 533 2282 0 3864 1302 4379 1657 0 4557 4557 20 6272 4337 0 4557 20 4557 4256 270 4337 57 4557 0 0 4514 4485 0 4557 3839 4469 3880 4557 0 25
5621 6052 5777 3494 5668 0 0 0 6052 5531 0 2550 1 0 6057 670 6052 888 3396 4238 1273 5079 0 5306 0 301 3777 0 5542 1246 5874 3152 0 6052 6052 1 4337 6272 0 6052 1 6052 5751 270 5832 1 6052 0 0 6009 5980 0 6052 5123 5964 5375 6052 0 182
98 0 176 0 0 6272 5552 0 0 40 6272 15 0 6272 0 1325 0 76 93 0 1159 77 355 0 6272 262 0 6261 512 0 0 388 6272 0 0 0 0 0 6272 0 0 0 0 3964 0 0 0 6272 6272 43 72 2681 0 36 0 677 0 6272 6063
5841 6272 5997 3714 5888 0 0 0 6272 5751 0 2770 0 0 6173 890 6272 887 3616 4458 1273 5299 0 5305 0 521 3997 0 5579 1245 6094 3372 0 6272 6272 0 4557 6052 0 6272 0 6272 5971 270 6052 0 6272 0 0 6229 6200 0 6272 5343 6184 5595 6272 0 25
4 0 8 0 138 0 33 0 0 0 0 0 0 0 4 550 0 151 0 0 737 216 26 282 0 245 0 8 4 343 0 153 0 0 0 6272 20 1 0 0 6272 0 11 63 0 0 0 0 0 0 0 28 0 755 0 0 0 0 1
5841 6272 5997 3714 5888 0 0 0 6272 5751 0 2770 0 0 6173 890 6272 887 3616 4458 1273 5299 0 5305 0 521 3997 0 5579 1245 6094 3372 0 6272 6272 0 4557 6052 0 6272 0 6272 5971 270 6052 0 6272 0 0 6229 6200 0 6272 5343 6184 5595 6272 0 25
5841 5971 5971 3413 5587 0 2 0 5971 5450 0 2771 1 0 5872 589 5971 586 3330 4458 1284 5194 0 5004 0 514 4281 0 5579 944 5971 3071 0 5971 5971 11 4256 5751 0 5971 11 5971 6272 464 5805 1 5971 0 0 5971 5971 284 5971 5042 5883 5595 5971 0 25
227 270 226 378 270 3964 4018 84 270 226 3964 59 44 3964 270 1181 270 329 186 29 1001 88 408 270 3964 224 462 3964 226 51 226 81 3964 270 270 63 270 270 3964 270 63 270 464 6272 270 44 270 3964 3964 227 226 3352 270 306 345 226 270 3964 3755
5713 6052 5805 3494 5668 0 0 0 6052 5531 0 2770 0 0 5953 670 6052 667 3489 4458 1273 5455 0 5085 0 521 3997 0 5579 1025 5874 3152 0 6052 6052 0 4337 5832 0 6052 0 6052 5805 270 6272 0 6052 0 0 6009 5980 0 6052 5123 6052 5595 6052 0 25
5 0 1 0 7 0 54 0 0 0 0 3305 6272 0 8 231 0 16 0 82 92 14 61 3 0 238 642 0 1 4375 0 422 0 0 0 0 57 1 0 0 0 0 1 44 0 6272 0 0 0 0 0 0 0 7 6 0 0 0 1
5841 6272 5997 3714 5888 0 0 0 6272 5751 0 2770 0 0 6173 890 6272 887 3616 4458 1273 5299 0 5305 0 521 3997 0 5579 1245 6094 3372 0 6272 6272 0 4557 6052 0 6272 0 6272 5971 270 6052 0 6272 0 0 6229 6200 0 6272 5343 6184 5595 6272 0 25
98 0 176 0 0 6272 5552 0 0 40 6272 15 0 6272 0 1325 0 76 93 0 1159 77 355 0 6272 262 0 6261 512 0 0 388 6272 0 0 0 0 0 6272 0 0 0 0 3964 0 0 0 6272 6272 43 72 2681 0 36 0 677 0 6272 6063
98 0 176 0 0 6272 5552 0 0 40 6272 15 0 6272 0 1325 0 76 93 0 1159 77 355 0 6272 262 0 6261 512 0 0 388 6272 0 0 0 0 0 6272 0 0 0 0 3964 0 0 0 6272 6272 43 72 2681 0 36 0 677 0 6272 6063
5841 6229 5997 3671 5845 43 20 0 6229 5708 43 2770 0 43 6130 847 6229 844 3573 4458 1273 5256 0 5262 43 564 3997 32 5622 1202 6094 3329 43 6229 6229 0 4514 6009 43 6229 0 6229 5971 227 6009 0 6229 43 43 6272 6243 0 6229 5300 6141 5638 6229 43 68
5841 6200 5997 3642 5816 72 49 0 6200 5679 72 2770 0 72 6101 818 6200 815 3544 4458 1273 5227 0 5233 72 593 3997 61 5651 1173 6094 3300 72 6200 6200 0 4485 5980 72 6200 0 6200 5971 226 5980 0 6200 72 72 6243 6272 0 6200 5271 6112 5667 6200 72 97
1 0 0 336 42 2681 2718 95 0 28 2681 37 0 2681 0 1266 0 444 1807 669 1118 9 803 0 2681 1865 1347 2681 0 0 0 635 2681 0 0 28 0 0 2681 0 28 0 284 3352 0 0 0 2681 2681 0 0 6272 0 36 75 0 0 2681 2472
5841 6272 5997 3714 5888 0 0 0 6272 5751 0 2770 0 0 6173 890 6272 887 3616 4458 1273 5299 0 5305 0 521 3997 0 5579 1245 6094 3372 0 6272 6272 0 4557 6052 0 6272 0 6272 5971 270 6052 0 6272 0 0 6229 6200 0 6272 5343 6184 5595 6272 0 25
4912 5343 5068 2785 4959 36 36 0 5343 4822 36 1841 7 36 5244 1036 5343 897 2687 3529 1263 4370 106 5118 36 383 3068 36 4650 1252 5165 2443 36 5343 5343 755 3839 5123 36 5343 755 5343 5042 306 5123 7 5343 36 36 5300 5271 36 5343 6272 5255 4666 5343 36 61
5760 6184 5909 3626 5800 0 0 0 6184 5663 0 2776 6 0 6085 802 6184 799 3575 4458 1273 5299 0 5217 0 521 4058 0 5579 1157 6006 3284 0 6184 6184 0 4469 5964 0 6184 0 6184 5883 345 6052 6 6184 0 0 6141 6112 75 6184 5255 6272 5595 6184 0 25
5509 5595 5771 3106 5221 677 588 0 5595 5074 677 2770 0 677 5496 372 5595 210 3229 4458 1255 5200 0 4628 677 631 3997 666 5926 568 5595 2752 677 5595 5595 0 3880 5375 677 5595 0 5595 5595 226 5595 0 5595 677 677 5638 5667 0 5595 4666 5595 6272 5595 677 702
5841 6272 5997 3714 5888 0 0 0 6272 5751 0 2770 0 0 6173 890 6272 887 3616 4458 1273 5299 0 5305 0 521 3997 0 5579 1245 6094 3372 0 6272 6272 0 4557 6052 0 6272 0 6272 5971 270 6052 0 6272 0 0 6229 6200 0 6272 5343 6184 5595 6272 0 25
98 0 176 0 0 6272 5552 0 0 40 6272 15 0 6272 0 1325 0 76 93 0 1159 77 355 0 6272 262 0 6261 512 0 0 388 6272 0 0 0 0 0 6272 0 0 0 0 3964 0 0 0 6272 6272 43 72 2681 0 36 0 677 0 6272 6063
123 25 201 25 25 6063 5343 0 25 65 6063 40 1 6063 30 1350 25 77 118 25 950 102 146 1 6063 287 25 6052 539 1 25 413 6063 25 25 1 25 182 6063 25 1 25 25 3755 25 1 25 6063 6063 68 97 2472 25 61 25 702 25 6063 6272
