1487 274 89 411 936 22 89 936 206 363 936 888 936 936 387 695 54 936 89 740 89 89 206 936 36 936 89 180 3 4 89 815 936 936 89 89 736 936 22 694 936 231 936 89 97 308 89 89 231 89 89 936 89 744 781 899 713 696 89
274 1487 758 1254 729 8 758 729 0 1302 729 531 729 729 859 2 758 729 758 70 758 758 0 729 771 729 627 324 59 636 758 572 729 729 758 758 342 729 0 180 729 1184 729 758 763 1384 758 758 1329 758 758 729 758 108 731 299 289 207 758
89 758 1487 525 0 0 1487 0 0 573 0 47 0 0 145 2 1452 0 1487 625 1487 1487 0 0 873 0 1356 11 59 1187 1487 74 0 0 1487 1487 382 0 0 432 0 724 0 1487 1165 655 1487 1487 684 1487 1487 0 1487 621 2 20 13 419 1487
411 1254 525 1487 962 8 525 962 0 1439 962 764 962 962 1000 43 525 962 525 303 525 525 0 962 538 962 394 324 6 525 525 805 962 962 525 525 575 962 0 413 962 1023 962 525 530 1357 525 525 1254 525 525 962 525 341 819 532 522 440 525
936 729 0 962 1487 8 0 1487 0 914 1487 1289 1487 1487 923 568 0 1487 0 828 0 0 0 1487 17 1487 0 326 1 0 0 1330 1487 1487 0 0 1100 1487 0 938 1487 498 1487 0 5 832 0 0 729 0 0 1487 0 866 1275 1057 1047 965 0
22 8 0 8 8 1487 0 8 452 8 8 70 8 8 10 108 0 8 0 0 0 0 452 8 16 8 0 215 10 0 0 1 8 8 0 0 0 8 332 0 8 13 8 0 33 8 0 0 0 0 0 8 0 0 9 41 0 0 0
89 758 1487 525 0 0 1487 0 0 573 0 47 0 0 145 2 1452 0 1487 625 1487 1487 0 0 873 0 1356 11 59 1187 1487 74 0 0 1487 1487 382 0 0 432 0 724 0 1487 1165 655 1487 1487 684 1487 1487 0 1487 621 2 20 13 419 1487
936 729 0 962 1487 8 0 1487 0 914 1487 1289 1487 1487 923 568 0 1487 0 828 0 0 0 1487 17 1487 0 326 1 0 0 1330 1487 1487 0 0 1100 1487 0 938 1487 498 1487 0 5 832 0 0 729 0 0 1487 0 866 1275 1057 1047 965 0
206 0 0 0 0 452 0 0 1487 0 0 0 0 0 0 583 0 0 0 0 0 0 1487 0 8 0 0 779 0 0 0 0 0 0 0 0 0 0 2 0 0 23 0 0 1 0 0 0 0 0 0 0 0 0 32 288 0 0 0
363 1302 573 1439 914 8 573 914 0 1487 914 716 914 914 1044 4 573 914 573 255 573 573 0 914 586 914 442 324 33 532 573 757 914 914 573 573 527 914 0 365 914 1071 914 573 578 1405 573 573 1302 573 573 914 573 293 804 484 474 392 573
936 729 0 962 1487 8 0 1487 0 914 1487 1289 1487 1487 923 568 0 1487 0 828 0 0 0 1487 17 1487 0 326 1 0 0 1330 1487 1487 0 0 1100 1487 0 938 1487 498 1487 0 5 832 0 0 729 0 0 1487 0 866 1275 1057 1047 965 0
888 531 47 764 1289 70 47 1289 0 716 1289 1487 1289 1289 741 568 47 1289 47 875 47 47 0 1289 10 1289 47 326 4 16 47 1156 1289 1289 47 47 909 1289 2 907 1289 391 1289 47 52 634 47 47 562 47 47 1289 47 913 1077 932 909 914 47
936 729 0 962 1487 8 0 1487 0 914 1487 1289 1487 1487 923 568 0 1487 0 828 0 0 0 1487 17 1487 0 326 1 0 0 1330 1487 1487 0 0 1100 1487 0 938 1487 498 1487 0 5 832 0 0 729 0 0 1487 0 866 1275 1057 1047 965 0
936 729 0 962 1487 8 0 1487 0 914 1487 1289 1487 1487 923 568 0 1487 0 828 0 0 0 1487 17 1487 0 326 1 0 0 1330 1487 1487 0 0 1100 1487 0 938 1487 498 1487 0 5 832 0 0 729 0 0 1487 0 866 1275 1057 1047 965 0
387 859 145 1000 923 10 145 923 0 1044 923 741 923 923 1487 28 145 923 145 279 145 145 0 923 162 923 147 316 30 106 145 766 923 923 145 145 536 923 1 389 923 628 923 145 150 962 145 145 859 145 145 923 145 317 810 508 498 416 145
695 2 2 43 568 108 2 568 583 4 568 568 568 568 28 1487 2 568 2 568 2 2 583 568 4 568 2 449 3 1 2 569 568 568 2 2 568 568 24 568 568 25 568 2 134 2 2 2 2 2 2 568 2 568 508 677 568 568 2
54 758 1452 525 0 0 1452 0 0 573 0 47 0 0 145 2 1487 0 1452 590 1452 1452 0 0 873 0 1321 11 59 1187 1452 74 0 0 1452 1452 382 0 0 432 0 724 0 1452 1130 655 1452 1452 684 1452 1452 0 1452 586 2 20 13 419 1452
936 729 0 962 1487 8 0 1487 0 914 1487 1289 1487 1487 923 568 0 1487 0 828 0 0 0 1487 17 1487 0 326 1 0 0 1330 1487 1487 0 0 1100 1487 0 938 1487 498 1487 0 5 832 0 0 729 0 0 1487 0 866 1275 1057 1047 965 0
89 758 1487 525 0 0 1487 0 0 573 0 47 0 0 145 2 1452 0 1487 625 1487 1487 0 0 873 0 1356 11 59 1187 1487 74 0 0 1487 1487 382 0 0 432 0 724 0 1487 1165 655 1487 1487 684 1487 1487 0 1487 621 2 20 13 419 1487
740 70 625 303 828 0 625 828 0 255 828 875 828 828 279 568 590 828 625 1487 625 625 0 828 19 828 625 13 1 531 625 902 828 828 625 625 1210 828 0 1260 828 9 828 625 303 173 625 625 154 625 625 828 625 1449 616 848 841 1247 625
89 758 1487 525 0 0 1487 0 0 573 0 47 0 0 145 2 1452 0 1487 625 1487 1487 0 0 873 0 1356 11 59 1187 1487 74 0 0 1487 1487 382 0 0 432 0 724 0 1487 1165 655 1487 1487 684 1487 1487 0 1487 621 2 20 13 419 1487
89 758 1487 525 0 0 1487 0 0 573 0 47 0 0 145 2 1452 0 1487 625 1487 1487 0 0 873 0 1356 11 59 1187 1487 74 0 0 1487 1487 382 0 0 432 0 724 0 1487 1165 655 1487 1487 684 1487 1487 0 1487 621 2 20 13 419 1487
206 0 0 0 0 452 0 0 1487 0 0 0 0 0 0 583 0 0 0 0 0 0 1487 0 8 0 0 779 0 0 0 0 0 0 0 0 0 0 2 0 0 23 0 0 1 0 0 0 0 0 0 0 0 0 32 288 0 0 0
936 729 0 962 1487 8 0 1487 0 914 1487 1289 1487 1487 923 568 0 1487 0 828 0 0 0 1487 17 1487 0 326 1 0 0 1330 1487 1487 0 0 1100 1487 0 938 1487 498 1487 0 5 832 0 0 729 0 0 1487 0 866 1275 1057 1047 965 0
36 771 873 538 17 16 873 17 8 586 17 10 17 17 162 4 873 17 873 19 873 873 8 17 1487 17 749 19 69 670 873 17 17 17 873 873 17 17 5 65 17 722 17 873 873 668 873 873 692 873 873 17 873 21 19 17 17 34 873
936 729 0 962 1487 8 0 1487 0 914 1487 1289 1487 1487 923 568 0 1487 0 828 0 0 0 1487 17 1487 0 326 1 0 0 1330 1487 1487 0 0 1100 1487 0 938 1487 498 1487 0 5 832 0 0 729 0 0 1487 0 866 1275 1057 1047 965 0
89 627 1356 394 0 0 1356 0 0 442 0 47 0 0 147 2 1321 0 1356 625 1356 1356 0 0 749 0 1487 12 59 1056 1356 74 0 0 1356 1356 382 0 0 432 0 593 0 1356 1034 524 1356 1356 553 1356 1356 0 1356 621 4 20 13 419 1356
180 324 11 324 326 215 11 326 779 324 326 326 326 326 316 449 11 326 11 13 11 11 779 326 19 326 12 1487 0 11 11 255 326 326 11 11 13 326 3 13 326 347 326 11 12 324 11 11 324 11 11 326 11 13 360 107 13 13 11
3 59 59 6 1 10 59 1 0 33 1 4 1 1 30 3 59 1 59 1 59 59 0 1 69 1 59 0 1487 46 59 1 1 1 59 59 1 1 0 1 1 61 1 59 59 59 59 59 60 59 59 1 59 1 1 1 1 6 59
4 636 1187 525 0 0 1187 0 0 532 0 16 0 0 106 1 1187 0 1187 531 1187 1187 0 0 670 0 1056 11 46 1487 1187 74 0 0 1187 1187 382 0 0 432 0 635 0 1187 865 533 1187 1187 562 1187 1187 0 1187 525 5 20 13 419 1187
89 758 1487 525 0 0 1487 0 0 573 0 47 0 0 145 2 1452 0 1487 625 1487 1487 0 0 873 0 1356 11 59 1187 1487 74 0 0 1487 1487 382 0 0 432 0 724 0 1487 1165 655 1487 1487 684 1487 1487 0 1487 621 2 20 13 419 1487
815 572 74 805 1330 1 74 1330 0 757 1330 1156 1330 1330 766 569 74 1330 74 902 74 74 0 1330 17 1330 74 255 1 74 74 1487 1330 1330 74 74 1135 1330 0 1012 1330 341 1330 74 115 675 74 74 648 74 74 1330 74 940 1118 1057 1053 1039 74
936 729 0 962 1487 8 0 1487 0 914 1487 1289 1487 1487 923 568 0 1487 0 828 0 0 0 1487 17 1487 0 326 1 0 0 1330 1487 1487 0 0 1100 1487 0 938 1487 498 1487 0 5 832 0 0 729 0 0 1487 0 866 1275 1057 1047 965 0
936 729 0 962 1487 8 0 1487 0 914 1487 1289 1487 1487 923 568 0 1487 0 828 0 0 0 1487 17 1487 0 326 1 0 0 1330 1487 1487 0 0 1100 1487 0 938 1487 498 1487 0 5 832 0 0 729 0 0 1487 0 866 1275 1057 1047 965 0
89 758 1487 525 0 0 1487 0 0 573 0 47 0 0 145 2 1452 0 1487 625 1487 1487 0 0 873 0 1356 11 59 1187 1487 74 0 0 1487 1487 382 0 0 432 0 724 0 1487 1165 655 1487 1487 684 1487 1487 0 1487 621 2 20 13 419 1487
89 758 1487 525 0 0 1487 0 0 573 0 47 0 0 145 2 1452 0 1487 625 1487 1487 0 0 873 0 1356 11 59 1187 1487 74 0 0 1487 1487 382 0 0 432 0 724 0 1487 1165 655 1487 1487 684 1487 1487 0 1487 621 2 20 13 419 1487
736 342 382 575 1100 0 382 1100 0 527 1100 909 1100 1100 536 568 382 1100 382 1210 382 382 0 1100 17 1100 382 13 1 382 382 1135 1100 1100 382 382 1487 1100 0 1320 1100 111 1100 382 60 445 382 382 397 382 382 1100 382 1248 888 1053 1053 1347 382
936 729 0 962 1487 8 0 1487 0 914 1487 1289 1487 1487 923 568 0 1487 0 828 0 0 0 1487 17 1487 0 326 1 0 0 1330 1487 1487 0 0 1100 1487 0 938 1487 498 1487 0 5 832 0 0 729 0 0 1487 0 866 1275 1057 1047 965 0
22 0 0 0 0 332 0 0 2 0 0 2 0 0 1 24 0 0 0 0 0 0 2 0 5 0 0 3 0 0 0 0 0 0 0 0 0 0 1487 0 0 0 0 0 0 0 0 0 15 0 0 0 0 0 16 4 0 0 0
694 180 432 413 938 0 432 938 0 365 938 907 938 938 389 568 432 938 432 1260 432 432 0 938 65 938 432 13 1 432 432 1012 938 938 432 432 1320 938 0 1487 938 9 938 432 110 283 432 432 264 432 432 938 432 1298 726 958 946 1354 432
936 729 0 962 1487 8 0 1487 0 914 1487 1289 1487 1487 923 568 0 1487 0 828 0 0 0 1487 17 1487 0 326 1 0 0 1330 1487 1487 0 0 1100 1487 0 938 1487 498 1487 0 5 832 0 0 729 0 0 1487 0 866 1275 1057 1047 965 0
231 1184 724 1023 498 13 724 498 23 1071 498 391 498 498 628 25 724 498 724 9 724 724 23 498 722 498 593 347 61 635 724 341 498 498 724 724 111 498 0 9 498 1487 498 724 729 1119 724 724 1040 724 724 498 724 9 500 68 58 9 724
936 729 0 962 1487 8 0 1487 0 914 1487 1289 1487 1487 923 568 0 1487 0 828 0 0 0 1487 17 1487 0 326 1 0 0 1330 1487 1487 0 0 1100 1487 0 938 1487 498 1487 0 5 832 0 0 729 0 0 1487 0 866 1275 1057 1047 965 0
89 758 1487 525 0 0 1487 0 0 573 0 47 0 0 145 2 1452 0 1487 625 1487 1487 0 0 873 0 1356 11 59 1187 1487 74 0 0 1487 1487 382 0 0 432 0 724 0 1487 1165 655 1487 1487 684 1487 1487 0 1487 621 2 20 13 419 1487
97 763 1165 530 5 33 1165 5 1 578 5 52 5 5 150 134 1130 5 1165 303 1165 1165 1 5 873 5 1034 12 59 865 1165 115 5 5 1165 1165 60 5 0 110 5 729 5 1165 1487 660 1165 1165 689 1165 1165 5 1165 299 7 5 13 97 1165
308 1384 655 1357 832 8 655 832 0 1405 832 634 832 832 962 2 655 832 655 173 655 655 0 832 668 832 524 324 59 533 655 675 832 832 655 655 445 832 0 283 832 1119 832 655 660 1487 655 655 1384 655 655 832 655 211 804 402 392 310 655
89 758 1487 525 0 0 1487 0 0 573 0 47 0 0 145 2 1452 0 1487 625 1487 1487 0 0 873 0 1356 11 59 1187 1487 74 0 0 1487 1487 382 0 0 432 0 724 0 1487 1165 655 1487 1487 684 1487 1487 0 1487 621 2 20 13 419 1487
89 758 1487 525 0 0 1487 0 0 573 0 47 0 0 145 2 1452 0 1487 625 1487 1487 0 0 873 0 1356 11 59 1187 1487 74 0 0 1487 1487 382 0 0 432 0 724 0 1487 1165 655 1487 1487 684 1487 1487 0 1487 621 2 20 13 419 1487
231 1329 684 1254 729 0 684 729 0 1302 729 562 729 729 859 2 684 729 684 154 684 684 0 729 692 729 553 324 60 562 684 648 729 729 684 684 397 729 15 264 729 1040 729 684 689 1384 684 684 1487 684 684 729 684 192 725 378 368 291 684
89 758 1487 525 0 0 1487 0 0 573 0 47 0 0 145 2 1452 0 1487 625 1487 1487 0 0 873 0 1356 11 59 1187 1487 74 0 0 1487 1487 382 0 0 432 0 724 0 1487 1165 655 1487 1487 684 1487 1487 0 1487 621 2 20 13 419 1487
89 758 1487 525 0 0 1487 0 0 573 0 47 0 0 145 2 1452 0 1487 625 1487 1487 0 0 873 0 1356 11 59 1187 1487 74 0 0 1487 1487 382 0 0 432 0 724 0 1487 1165 655 1487 1487 684 1487 1487 0 1487 621 2 20 13 419 1487
936 729 0 962 1487 8 0 1487 0 914 1487 1289 1487 1487 923 568 0 1487 0 828 0 0 0 1487 17 1487 0 326 1 0 0 1330 1487 1487 0 0 1100 1487 0 938 1487 498 1487 0 5 832 0 0 729 0 0 1487 0 866 1275 1057 1047 965 0
89 758 1487 525 0 0 1487 0 0 573 0 47 0 0 145 2 1452 0 1487 625 1487 1487 0 0 873 0 1356 11 59 1187 1487 74 0 0 1487 1487 382 0 0 432 0 724 0 1487 1165 655 1487 1487 684 1487 1487 0 1487 621 2 20 13 419 1487
744 108 621 341 866 0 621 866 0 293 866 913 866 866 317 568 586 866 621 1449 621 621 0 866 21 866 621 13 1 525 621 940 866 866 621 621 1248 866 0 1298 866 9 866 621 299 211 621 621 192 621 621 866 621 1487 654 886 879 1285 621
781 731 2 819 1275 9 2 1275 32 804 1275 1077 1275 1275 810 508 2 1275 2 616 2 2 32 1275 19 1275 4 360 1 5 2 1118 1275 1275 2 2 888 1275 16 726 1275 500 1275 2 7 804 2 2 725 2 2 1275 2 654 1487 845 835 753 2
899 299 20 532 1057 41 20 1057 288 484 1057 932 1057 1057 508 677 20 1057 20 848 20 20 288 1057 17 1057 20 107 1 20 20 1057 1057 1057 20 20 1053 1057 4 958 1057 68 1057 20 5 402 20 20 378 20 20 1057 20 886 845 1487 1033 985 20
713 289 13 522 1047 0 13 1047 0 474 1047 909 1047 1047 498 568 13 1047 13 841 13 13 0 1047 17 1047 13 13 1 13 13 1053 1047 1047 13 13 1053 1047 0 946 1047 58 1047 13 13 392 13 13 368 13 13 1047 13 879 835 1033 1487 973 13
696 207 419 440 965 0 419 965 0 392 965 914 965 965 416 568 419 965 419 1247 419 419 0 965 34 965 419 13 6 419 419 1039 965 965 419 419 1347 965 0 1354 965 9 965 419 97 310 419 419 291 419 419 965 419 1285 753 985 973 1487 419
89 758 1487 525 0 0 1487 0 0 573 0 47 0 0 145 2 1452 0 1487 625 1487 1487 0 0 873 0 1356 11 59 1187 1487 74 0 0 1487 1487 382 0 0 432 0 724 0 1487 1165 655 1487 1487 684 1487 1487 0 1487 621 2 20 13 419 1487
