2840 387 298 531 0 289 298 696 12 536 148 714 0 298 0 392 298 116 120 384 137 444 330 920 675 527 298 298 0 298 80 298 472 301 298 144 0 21 298 130 229 872 0 298 298 147 178 591 578 514 617 0 338 298 8 298 0 298 0
387 2840 1558 396 0 680 1558 829 305 536 1259 630 138 1558 0 260 1515 148 1673 45 1174 1220 1428 536 569 54 1558 1615 0 1210 917 1361 1344 235 1560 307 35 52 1558 27 595 11 0 1558 1558 1577 1408 331 1689 631 542 958 468 1558 5 1558 0 1558 0
298 1558 2840 0 0 361 2840 0 0 0 1002 1865 138 2840 0 0 2797 9 1151 45 2456 2502 2710 0 0 2 2840 2472 0 1208 1710 2443 1305 307 2819 307 1 97 2840 0 147 11 0 2840 2840 1178 2239 42 1153 1288 139 958 668 2840 0 2840 0 2840 0
531 396 0 2840 0 86 0 516 44 659 13 0 0 0 0 553 0 153 85 0 0 0 0 659 867 143 0 42 0 58 107 30 392 23 0 143 11 48 0 42 88 1114 0 0 0 208 0 820 659 0 811 0 602 0 0 0 0 0 0
0 0 0 0 2840 0 0 0 0 821 8 47 2702 0 2840 0 0 0 0 1939 244 0 0 0 0 119 0 0 2840 0 0 236 0 297 0 1990 2744 1046 0 348 41 0 2840 0 0 0 461 247 0 749 0 1882 71 0 0 0 2840 0 2840
289 680 361 86 0 2840 361 434 315 14 287 343 0 361 0 147 361 30 1317 103 124 405 361 122 76 130 361 418 0 1238 197 431 540 271 363 29 35 39 361 410 1117 405 0 361 361 1188 361 76 308 198 108 38 124 361 45 361 0 361 0
298 1558 2840 0 0 361 2840 0 0 0 1002 1865 138 2840 0 0 2797 9 1151 45 2456 2502 2710 0 0 2 2840 2472 0 1208 1710 2443 1305 307 2819 307 1 97 2840 0 147 11 0 2840 2840 1178 2239 42 1153 1288 139 958 668 2840 0 2840 0 2840 0
696 829 0 516 0 434 0 2840 266 1636 502 453 0 0 0 935 0 106 293 314 0 14 46 1973 1987 619 0 37 0 293 303 70 438 141 2 155 35 115 0 202 219 117 0 0 0 170 0 1237 1242 313 977 0 329 0 0 0 0 0 0
12 305 0 44 0 315 0 266 2840 0 275 3 0 0 0 0 0 41 305 0 20 1 0 0 50 9 0 10 0 305 74 70 0 5 2 0 35 47 0 75 261 27 0 0 0 182 0 8 0 4 234 0 37 0 0 0 0 0 0
536 536 0 659 821 14 0 1636 0 2840 282 130 683 0 821 1164 0 476 0 0 0 0 0 1983 1949 1035 0 194 821 0 303 266 785 127 0 1016 832 433 0 524 44 0 821 0 0 123 0 1543 1589 15 1066 0 307 0 23 0 821 0 821
148 1259 1002 13 8 287 1002 502 275 282 2840 212 146 1002 8 285 959 302 1266 53 875 664 872 282 315 208 1002 954 8 684 547 765 1007 187 1004 307 35 38 1002 10 413 11 8 1002 1002 1176 948 158 940 310 184 948 405 1002 11 1002 8 1002 8
714 630 1865 0 47 343 1865 453 3 130 212 2840 165 1865 47 207 1865 17 223 755 1726 1889 1913 861 352 356 1865 1544 47 807 1084 1664 377 749 1865 118 1 70 1865 6 443 11 47 1865 1865 250 1358 470 225 1626 361 165 871 1865 8 1865 47 1865 47
0 138 138 0 2702 0 138 0 0 683 146 165 2840 138 2702 0 138 0 138 1939 382 0 138 0 0 2 138 138 2702 137 4 102 138 297 138 2128 2606 908 138 210 17 11 2702 138 138 138 599 109 138 880 138 2020 209 138 0 138 2702 138 2702
298 1558 2840 0 0 361 2840 0 0 0 1002 1865 138 2840 0 0 2797 9 1151 45 2456 2502 2710 0 0 2 2840 2472 0 1208 1710 2443 1305 307 2819 307 1 97 2840 0 147 11 0 2840 2840 1178 2239 42 1153 1288 139 958 668 2840 0 2840 0 2840 0
0 0 0 0 2840 0 0 0 0 821 8 47 2702 0 2840 0 0 0 0 1939 244 0 0 0 0 119 0 0 2840 0 0 236 0 297 0 1990 2744 1046 0 348 41 0 2840 0 0 0 461 247 0 749 0 1882 71 0 0 0 2840 0 2840
392 260 0 553 0 147 0 935 0 1164 285 207 0 0 0 2840 0 322 0 159 6 12 34 1323 1131 745 0 192 0 274 364 30 332 178 0 332 11 131 0 245 79 66 0 0 0 123 0 775 945 169 442 0 400 0 0 0 0 0 0
298 1515 2797 0 0 361 2797 0 0 0 959 1865 138 2797 0 0 2840 9 1108 45 2413 2459 2667 0 0 2 2797 2429 0 1175 1667 2400 1262 307 2776 307 1 123 2797 0 144 11 0 2797 2797 1135 2196 42 1110 1288 139 915 668 2797 0 2797 0 2797 0
116 148 9 153 0 30 9 106 41 476 302 17 0 9 0 322 9 2840 150 6 48 52 32 453 419 466 9 203 0 9 306 67 442 149 9 424 11 95 9 22 185 88 0 9 9 274 149 634 457 26 201 0 174 9 1385 9 0 9 0
120 1673 1151 85 0 1317 1151 293 305 0 1266 223 138 1151 0 0 1108 150 2840 45 817 813 1021 0 33 2 1151 1208 0 1729 588 954 1688 448 1153 336 35 84 1151 17 1755 11 0 1151 1151 2644 1151 98 1237 368 139 958 198 1151 1 1151 0 1151 0
384 45 45 0 1939 103 45 314 0 0 53 755 1939 45 1939 159 45 6 45 2840 305 313 93 834 199 318 45 45 1939 45 45 45 45 786 45 1396 1843 724 45 6 402 10 1939 45 45 45 506 408 45 1277 243 1927 362 45 6 45 1939 45 1939
137 1174 2456 0 244 124 2456 0 20 0 875 1726 382 2456 244 6 2413 48 817 305 2840 2135 2326 16 0 18 2456 2088 244 960 1575 2059 935 323 2435 551 245 98 2456 7 163 11 244 2456 2456 817 1881 55 817 1123 143 1047 684 2456 39 2456 244 2456 244
444 1220 2502 0 0 405 2502 14 1 0 664 1889 0 2502 0 12 2459 52 813 313 2135 2840 2386 268 0 77 2502 2134 0 1071 1699 2372 967 589 2481 9 1 104 2502 0 300 10 0 2502 2502 840 1901 73 815 1052 104 620 478 2502 43 2502 0 2502 0
330 1428 2710 0 0 361 2710 46 0 0 872 1913 138 2710 0 34 2667 32 1021 93 2326 2386 2840 48 15 44 2710 2342 0 1208 1580 2313 1175 327 2689 307 1 97 2710 0 34 11 0 2710 2710 1048 2109 84 1023 1336 139 828 706 2710 23 2710 0 2710 0
920 536 0 659 0 122 0 1973 0 1983 282 861 0 0 0 1323 0 453 0 834 16 268 48 2840 2171 1223 0 194 0 0 303 30 785 605 0 502 11 115 0 182 394 10 0 0 0 123 0 1714 1589 541 1309 0 598 0 0 0 0 0 0
675 569 0 867 0 76 0 1987 50 1949 315 352 0 0 0 1131 0 419 33 199 0 0 15 2171 2840 882 0 194 0 91 303 51 751 127 1 468 11 115 0 176 3 129 0 0 0 89 0 1493 1555 212 1070 0 273 0 0 0 0 0 0
527 54 2 143 119 130 2 619 9 1035 208 356 2 2 119 745 2 466 2 318 18 77 44 1223 882 2840 2 196 119 2 200 149 583 385 2 504 130 228 2 263 545 4 119 2 2 125 2 1184 749 235 534 2 244 2 3 2 119 2 119
298 1558 2840 0 0 361 2840 0 0 0 1002 1865 138 2840 0 0 2797 9 1151 45 2456 2502 2710 0 0 2 2840 2472 0 1208 1710 2443 1305 307 2819 307 1 97 2840 0 147 11 0 2840 2840 1178 2239 42 1153 1288 139 958 668 2840 0 2840 0 2840 0
298 1615 2472 42 0 418 2472 37 10 194 954 1544 138 2472 0 192 2429 203 1208 45 2088 2134 2342 194 194 196 2472 2840 0 1265 1342 2205 1499 236 2472 501 1 117 2472 15 248 11 0 2472 2472 1257 2239 236 1347 920 222 958 300 2472 1 2472 0 2472 0
0 0 0 0 2840 0 0 0 0 821 8 47 2702 0 2840 0 0 0 0 1939 244 0 0 0 0 119 0 0 2840 0 0 236 0 297 0 1990 2744 1046 0 348 41 0 2840 0 0 0 461 247 0 749 0 1882 71 0 0 0 2840 0 2840
298 1210 1208 58 0 1238 1208 293 305 0 684 807 137 1208 0 274 1175 9 1729 45 960 1071 1208 0 91 2 1208 1265 0 2840 395 1141 1098 0 1210 166 35 109 1208 55 1048 11 0 1208 1208 1633 1068 42 626 672 137 431 142 1208 0 1208 0 1208 0
80 917 1710 107 0 197 1710 303 74 303 547 1084 4 1710 0 364 1667 306 588 45 1575 1699 1580 303 303 200 1710 1342 0 395 2840 1576 585 345 1689 9 1 281 1710 44 167 4 0 1710 1710 588 1249 339 882 535 4 508 552 1710 368 1710 0 1710 0
298 1361 2443 30 236 431 2443 70 70 266 765 1664 102 2443 236 30 2400 67 954 45 2059 2372 2313 30 51 149 2443 2205 236 1141 1576 2840 1068 307 2443 70 241 333 2443 236 200 0 236 2443 2443 941 1972 263 916 946 2 691 392 2443 34 2443 236 2443 236
472 1344 1305 392 0 540 1305 438 0 785 1007 377 138 1305 0 332 1262 442 1688 45 935 967 1175 785 751 583 1305 1499 0 1098 585 1068 2840 210 1305 809 11 52 1305 138 687 11 0 1305 1305 1821 1305 786 1982 522 697 958 198 1305 19 1305 0 1305 0
301 235 307 23 297 271 307 141 5 127 187 749 297 307 297 178 307 149 448 786 323 589 327 605 127 385 307 236 297 0 345 307 210 2840 307 8 201 59 307 102 1215 10 297 307 307 382 440 95 137 360 294 297 472 307 295 307 297 307 297
298 1560 2819 0 0 363 2819 2 2 0 1004 1865 138 2819 0 0 2776 9 1153 45 2435 2481 2689 0 1 2 2819 2472 0 1210 1689 2443 1305 307 2840 307 1 97 2819 0 147 11 0 2819 2819 1178 2239 42 1153 1267 139 958 647 2819 6 2819 0 2819 0
144 307 307 143 1990 29 307 155 0 1016 307 118 2128 307 1990 332 307 424 336 1396 551 9 307 502 468 504 307 501 1990 166 9 70 809 8 307 2840 2001 663 307 135 49 11 1990 307 307 459 307 502 809 972 414 1646 193 307 8 307 1990 307 1990
0 35 1 11 2744 35 1 35 35 832 35 1 2606 1 2744 11 1 11 35 1843 245 1 1 11 11 130 1 1 2744 35 1 241 11 201 1 2001 2840 1046 1 348 67 0 2744 1 1 11 365 258 11 750 0 1786 72 1 1 1 2744 1 2744
21 52 97 48 1046 39 97 115 47 433 38 70 908 97 1046 131 123 95 84 724 98 104 97 115 115 228 97 117 1046 109 281 333 52 59 97 663 1046 2840 97 603 116 55 1046 97 97 84 99 406 142 625 169 734 64 97 200 97 1046 97 1046
298 1558 2840 0 0 361 2840 0 0 0 1002 1865 138 2840 0 0 2797 9 1151 45 2456 2502 2710 0 0 2 2840 2472 0 1208 1710 2443 1305 307 2819 307 1 97 2840 0 147 11 0 2840 2840 1178 2239 42 1153 1288 139 958 668 2840 0 2840 0 2840 0
130 27 0 42 348 410 0 202 75 524 10 6 210 0 348 245 0 22 17 6 7 0 0 182 176 263 0 15 348 55 44 236 138 102 0 135 348 603 0 2840 64 32 348 0 0 17 0 450 176 6 364 0 90 0 138 0 348 0 348
229 595 147 88 41 1117 147 219 261 44 413 443 17 147 41 79 144 185 1755 402 163 300 34 394 3 545 147 248 41 1048 167 200 687 1215 147 49 67 116 147 64 2840 30 41 147 147 1643 147 241 236 217 260 147 260 147 33 147 41 147 41
872 11 11 1114 0 405 11 117 27 0 11 11 11 11 0 66 11 88 11 10 11 10 11 10 129 4 11 11 0 11 4 0 11 10 11 11 0 55 11 32 30 2840 0 11 11 11 11 282 11 18 308 11 574 11 67 11 0 11 0
0 0 0 0 2840 0 0 0 0 821 8 47 2702 0 2840 0 0 0 0 1939 244 0 0 0 0 119 0 0 2840 0 0 236 0 297 0 1990 2744 1046 0 348 41 0 2840 0 0 0 461 247 0 749 0 1882 71 0 0 0 2840 0 2840
298 1558 2840 0 0 361 2840 0 0 0 1002 1865 138 2840 0 0 2797 9 1151 45 2456 2502 2710 0 0 2 2840 2472 0 1208 1710 2443 1305 307 2819 307 1 97 2840 0 147 11 0 2840 2840 1178 2239 42 1153 1288 139 958 668 2840 0 2840 0 2840 0
298 1558 2840 0 0 361 2840 0 0 0 1002 1865 138 2840 0 0 2797 9 1151 45 2456 2502 2710 0 0 2 2840 2472 0 1208 1710 2443 1305 307 2819 307 1 97 2840 0 147 11 0 2840 2840 1178 2239 42 1153 1288 139 958 668 2840 0 2840 0 2840 0
147 1577 1178 208 0 1188 1178 170 182 123 1176 250 138 1178 0 123 1135 274 2644 45 817 840 1048 123 89 125 1178 1257 0 1633 588 941 1821 382 1178 459 11 84 1178 17 1643 11 0 1178 1178 2840 1178 221 1303 395 139 958 198 1178 2 1178 0 1178 0
178 1408 2239 0 461 361 2239 0 0 0 948 1358 599 2239 461 0 2196 149 1151 506 1881 1901 2109 0 0 2 2239 2239 461 1068 1249 1972 1305 440 2239 307 365 99 2239 0 147 11 461 2239 2239 1178 2840 42 1153 704 139 1419 281 2239 140 2239 461 2239 461
591 331 42 820 247 76 42 1237 8 1543 158 470 109 42 247 775 42 634 98 408 55 73 84 1714 1493 1184 42 236 247 42 339 263 786 95 42 502 258 406 42 450 241 282 247 42 42 221 42 2840 1175 418 939 0 577 42 175 42 247 42 247
578 1689 1153 659 0 308 1153 1242 0 1589 940 225 138 1153 0 945 1110 457 1237 45 817 815 1023 1589 1555 749 1153 1347 0 626 882 916 1982 137 1153 809 11 142 1153 176 236 11 0 1153 1153 1303 1153 1175 2840 370 1167 958 466 1153 4 1153 0 1153 0
514 631 1288 0 749 198 1288 313 4 15 310 1626 880 1288 749 169 1288 26 368 1277 1123 1052 1336 541 212 235 1288 920 749 672 535 946 522 360 1267 972 750 625 1288 6 217 18 749 1288 1288 395 704 418 370 2840 233 986 925 1288 37 1288 749 1288 749
617 542 139 811 0 108 139 977 234 1066 184 361 138 139 0 442 139 201 139 243 143 104 139 1309 1070 534 139 222 0 137 4 2 697 294 139 414 0 169 139 364 260 308 0 139 139 139 139 939 1167 233 2840 139 771 139 2 139 0 139 0
0 958 958 0 1882 38 958 0 0 0 948 165 2020 958 1882 0 915 0 958 1927 1047 620 828 0 0 2 958 958 1882 431 508 691 958 297 958 1646 1786 734 958 0 147 11 1882 958 958 958 1419 0 958 986 139 2840 230 958 0 958 1882 958 1882
338 468 668 602 71 124 668 329 37 307 405 871 209 668 71 400 668 174 198 362 684 478 706 598 273 244 668 300 71 142 552 392 198 472 647 193 72 64 668 90 260 574 71 668 668 198 281 577 466 925 771 230 2840 668 5 668 71 668 71
298 1558 2840 0 0 361 2840 0 0 0 1002 1865 138 2840 0 0 2797 9 1151 45 2456 2502 2710 0 0 2 2840 2472 0 1208 1710 2443 1305 307 2819 307 1 97 2840 0 147 11 0 2840 2840 1178 2239 42 1153 1288 139 958 668 2840 0 2840 0 2840 0
8 5 0 0 0 45 0 0 0 23 11 8 0 0 0 0 0 1385 1 6 39 43 23 0 0 3 0 1 0 0 368 34 19 295 6 8 1 200 0 138 33 67 0 0 0 2 140 175 4 37 2 0 5 0 2840 0 0 0 0
298 1558 2840 0 0 361 2840 0 0 0 1002 1865 138 2840 0 0 2797 9 1151 45 2456 2502 2710 0 0 2 2840 2472 0 1208 1710 2443 1305 307 2819 307 1 97 2840 0 147 11 0 2840 2840 1178 2239 42 1153 1288 139 958 668 2840 0 2840 0 2840 0
0 0 0 0 2840 0 0 0 0 821 8 47 2702 0 2840 0 0 0 0 1939 244 0 0 0 0 119 0 0 2840 0 0 236 0 297 0 1990 2744 1046 0 348 41 0 2840 0 0 0 461 247 0 749 0 1882 71 0 0 0 2840 0 2840
298 1558 2840 0 0 361 2840 0 0 0 1002 1865 138 2840 0 0 2797 9 1151 45 2456 2502 2710 0 0 2 2840 2472 0 1208 1710 2443 1305 307 2819 307 1 97 2840 0 147 11 0 2840 2840 1178 2239 42 1153 1288 139 958 668 2840 0 2840 0 2840 0
0 0 0 0 2840 0 0 0 0 821 8 47 2702 0 2840 0 0 0 0 1939 244 0 0 0 0 119 0 0 2840 0 0 236 0 297 0 1990 2744 1046 0 348 41 0 2840 0 0 0 461 247 0 749 0 1882 71 0 0 0 2840 0 2840
