6781 5260 2917 44 5260 937 186 5260 5260 91 10 600 5260 5260 91 2717 10 1750 91 4133 4533 5260 937 5260 91 91 22 5260 91 3491 1638 3324 5260 1385 5260 44 5159 509 5260 121 3271 3879 91 249 4570 91 937 5260 73 4669 348 91 671 91 91 5031 5260 91 91
5260 6781 3977 0 6781 0 95 6781 6781 0 0 0 6781 6781 0 4238 0 1707 0 5654 4565 6781 0 6781 0 0 0 6781 0 5012 1594 4845 6781 2906 6781 0 6680 418 6781 30 4449 3788 0 0 6091 0 0 6781 29 4518 0 0 405 0 0 6552 6781 0 0
2917 3977 6781 29 3977 598 100 3977 3977 0 2 2 3977 3977 0 2691 2 761 0 2850 1941 3977 598 3977 18 0 449 3977 0 2726 1296 2702 3977 2960 3977 29 3876 93 3977 30 2307 1741 0 305 3287 0 598 3977 47 2939 314 0 642 0 0 3748 3977 0 0
44 0 29 6781 0 0 6 0 0 0 0 17 0 0 0 232 0 7 0 0 50 0 0 0 28 0 0 0 0 181 5187 58 0 38 0 6781 2 58 0 6 31 42 0 207 0 0 0 0 6034 78 378 0 38 0 0 1 0 0 0
5260 6781 3977 0 6781 0 95 6781 6781 0 0 0 6781 6781 0 4238 0 1707 0 5654 4565 6781 0 6781 0 0 0 6781 0 5012 1594 4845 6781 2906 6781 0 6680 418 6781 30 4449 3788 0 0 6091 0 0 6781 29 4518 0 0 405 0 0 6552 6781 0 0
937 0 598 0 0 6781 919 0 0 904 0 1026 0 0 904 367 0 2333 904 51 771 0 5776 0 1071 904 0 0 904 0 0 109 0 2861 0 0 6 950 0 793 213 926 904 306 0 904 5776 0 8 1125 1642 904 954 904 904 11 0 904 904
186 95 100 6 95 919 6781 95 95 6377 5 5 95 95 6377 551 5 2566 6377 95 289 95 15 95 6127 6377 6 95 6377 207 6 1558 95 29 95 6 101 5713 95 6266 963 2898 6377 2763 95 6377 15 95 6 501 3903 6377 4001 6377 6377 176 95 6377 6377
5260 6781 3977 0 6781 0 95 6781 6781 0 0 0 6781 6781 0 4238 0 1707 0 5654 4565 6781 0 6781 0 0 0 6781 0 5012 1594 4845 6781 2906 6781 0 6680 418 6781 30 4449 3788 0 0 6091 0 0 6781 29 4518 0 0 405 0 0 6552 6781 0 0
5260 6781 3977 0 6781 0 95 6781 6781 0 0 0 6781 6781 0 4238 0 1707 0 5654 4565 6781 0 6781 0 0 0 6781 0 5012 1594 4845 6781 2906 6781 0 6680 418 6781 30 4449 3788 0 0 6091 0 0 6781 29 4518 0 0 405 0 0 6552 6781 0 0
91 0 0 0 0 904 6377 0 0 6781 0 0 0 0 6781 455 0 2670 6781 0 194 0 0 0 6531 6781 0 0 6781 112 0 1463 0 14 0 0 6 6117 0 6670 1074 2803 6781 2655 0 6781 0 0 0 406 4307 6781 4405 6781 6781 81 0 6781 6781
10 0 2 0 0 0 5 0 0 0 6781 4245 0 0 0 64 6781 7 0 0 36 0 0 0 0 0 0 0 0 829 0 0 0 144 0 0 1 22 0 0 9 6 0 9 26 0 0 0 4 20 10 0 2 0 0 64 0 0 0
600 0 2 17 0 1026 5 0 0 0 4245 6781 0 0 0 64 4245 7 0 146 775 0 1518 0 0 0 10 0 0 793 15 0 0 144 0 17 20 22 0 12 79 6 0 210 0 0 1518 0 19 290 312 0 0 0 0 64 0 0 0
5260 6781 3977 0 6781 0 95 6781 6781 0 0 0 6781 6781 0 4238 0 1707 0 5654 4565 6781 0 6781 0 0 0 6781 0 5012 1594 4845 6781 2906 6781 0 6680 418 6781 30 4449 3788 0 0 6091 0 0 6781 29 4518 0 0 405 0 0 6552 6781 0 0
5260 6781 3977 0 6781 0 95 6781 6781 0 0 0 6781 6781 0 4238 0 1707 0 5654 4565 6781 0 6781 0 0 0 6781 0 5012 1594 4845 6781 2906 6781 0 6680 418 6781 30 4449 3788 0 0 6091 0 0 6781 29 4518 0 0 405 0 0 6552 6781 0 0
91 0 0 0 0 904 6377 0 0 6781 0 0 0 0 6781 455 0 2670 6781 0 194 0 0 0 6531 6781 0 0 6781 112 0 1463 0 14 0 0 6 6117 0 6670 1074 2803 6781 2655 0 6781 0 0 0 406 4307 6781 4405 6781 6781 81 0 6781 6781
2717 4238 2691 232 4238 367 551 4238 4238 455 64 64 4238 4238 455 6781 64 460 455 3111 2022 4238 367 4238 461 455 10 4238 455 4422 36 4751 4238 3665 4238 232 4137 486 4238 485 1906 1245 455 455 3548 455 367 4238 560 1975 752 455 860 455 455 4325 4238 455 455
10 0 2 0 0 0 5 0 0 0 6781 4245 0 0 0 64 6781 7 0 0 36 0 0 0 0 0 0 0 0 829 0 0 0 144 0 0 1 22 0 0 9 6 0 9 26 0 0 0 4 20 10 0 2 0 0 64 0 0 0
1750 1707 761 7 1707 2333 2566 1707 1707 2670 7 7 1707 1707 2670 460 7 6781 2670 1707 1901 1707 1429 1707 2670 2670 37 1707 2670 963 678 688 1707 1492 1707 7 1713 3088 1707 2559 2018 4315 2670 350 1707 2670 1429 1707 84 1908 1289 2670 1662 2670 2670 1716 1707 2670 2670
91 0 0 0 0 904 6377 0 0 6781 0 0 0 0 6781 455 0 2670 6781 0 194 0 0 0 6531 6781 0 0 6781 112 0 1463 0 14 0 0 6 6117 0 6670 1074 2803 6781 2655 0 6781 0 0 0 406 4307 6781 4405 6781 6781 81 0 6781 6781
4133 5654 2850 0 5654 51 95 5654 5654 0 0 146 5654 5654 0 3111 0 1707 0 6781 5069 5654 103 5654 0 0 21 5654 0 3885 1594 3718 5654 1779 5654 0 5629 418 5654 1 4632 3788 0 133 5654 0 103 5654 29 3457 29 0 0 0 0 5425 5654 0 0
4533 4565 1941 50 4565 771 289 4565 4565 194 36 775 4565 4565 194 2022 36 1901 194 5069 6781 4565 906 4565 194 194 23 4565 194 2796 1644 2629 4565 690 4565 50 4567 612 4565 206 3892 3982 194 285 4544 194 906 4565 79 3348 593 194 157 194 194 4336 4565 194 194
5260 6781 3977 0 6781 0 95 6781 6781 0 0 0 6781 6781 0 4238 0 1707 0 5654 4565 6781 0 6781 0 0 0 6781 0 5012 1594 4845 6781 2906 6781 0 6680 418 6781 30 4449 3788 0 0 6091 0 0 6781 29 4518 0 0 405 0 0 6552 6781 0 0
937 0 598 0 0 5776 15 0 0 0 0 1518 0 0 0 367 0 1429 0 103 906 0 6781 0 167 0 0 0 0 0 0 109 0 2861 0 0 20 46 0 12 463 22 0 392 0 0 6781 0 8 1023 1003 0 361 0 0 11 0 0 0
5260 6781 3977 0 6781 0 95 6781 6781 0 0 0 6781 6781 0 4238 0 1707 0 5654 4565 6781 0 6781 0 0 0 6781 0 5012 1594 4845 6781 2906 6781 0 6680 418 6781 30 4449 3788 0 0 6091 0 0 6781 29 4518 0 0 405 0 0 6552 6781 0 0
91 0 18 28 0 1071 6127 0 0 6531 0 0 0 0 6531 461 0 2670 6531 0 194 0 167 0 6781 6531 18 0 6531 10 28 1544 0 36 0 28 6 6113 0 6420 1074 2803 6531 2405 0 6531 167 0 28 406 4307 6531 4155 6531 6531 81 0 6531 6531
91 0 0 0 0 904 6377 0 0 6781 0 0 0 0 6781 455 0 2670 6781 0 194 0 0 0 6531 6781 0 0 6781 112 0 1463 0 14 0 0 6 6117 0 6670 1074 2803 6781 2655 0 6781 0 0 0 406 4307 6781 4405 6781 6781 81 0 6781 6781
22 0 449 0 0 0 6 0 0 0 0 10 0 0 0 10 0 37 0 21 23 0 0 0 18 0 6781 0 0 3 0 11 0 25 0 0 0 0 0 0 365 0 0 58 0 0 0 0 2 86 25 0 183 0 0 6 0 0 0
5260 6781 3977 0 6781 0 95 6781 6781 0 0 0 6781 6781 0 4238 0 1707 0 5654 4565 6781 0 6781 0 0 0 6781 0 5012 1594 4845 6781 2906 6781 0 6680 418 6781 30 4449 3788 0 0 6091 0 0 6781 29 4518 0 0 405 0 0 6552 6781 0 0
91 0 0 0 0 904 6377 0 0 6781 0 0 0 0 6781 455 0 2670 6781 0 194 0 0 0 6531 6781 0 0 6781 112 0 1463 0 14 0 0 6 6117 0 6670 1074 2803 6781 2655 0 6781 0 0 0 406 4307 6781 4405 6781 6781 81 0 6781 6781
3491 5012 2726 181 5012 0 207 5012 5012 112 829 793 5012 5012 112 4422 829 963 112 3885 2796 5012 0 5012 10 112 3 5012 112 6781 44 4890 5012 2944 5012 181 4911 58 5012 142 2680 2019 112 112 4322 112 0 5012 176 2749 181 112 517 112 112 5079 5012 112 112
1638 1594 1296 5187 1594 0 6 1594 1594 0 0 15 1594 1594 0 36 0 678 0 1594 1644 1594 0 1594 28 0 0 1594 0 44 6781 0 1594 0 1594 5187 1596 420 1594 6 1625 1636 0 207 1594 0 0 1594 5216 1672 170 0 38 0 0 1365 1594 0 0
3324 4845 2702 58 4845 109 1558 4845 4845 1463 0 0 4845 4845 1463 4751 0 688 1463 3718 2629 4845 109 4845 1544 1463 11 4845 1463 4890 0 6781 4845 2906 4845 58 4744 1193 4845 1493 2513 1852 1463 1463 4155 1463 109 4845 36 2582 1465 1463 1868 1463 1463 4926 4845 1463 1463
5260 6781 3977 0 6781 0 95 6781 6781 0 0 0 6781 6781 0 4238 0 1707 0 5654 4565 6781 0 6781 0 0 0 6781 0 5012 1594 4845 6781 2906 6781 0 6680 418 6781 30 4449 3788 0 0 6091 0 0 6781 29 4518 0 0 405 0 0 6552 6781 0 0
1385 2906 2960 38 2906 2861 29 2906 2906 14 144 144 2906 2906 14 3665 144 1492 14 1779 690 2906 2861 2906 36 14 25 2906 14 2944 0 2906 2906 6781 2906 38 2805 13 2906 44 1337 6 14 264 2216 14 2861 2906 369 1413 352 14 477 14 14 2917 2906 14 14
5260 6781 3977 0 6781 0 95 6781 6781 0 0 0 6781 6781 0 4238 0 1707 0 5654 4565 6781 0 6781 0 0 0 6781 0 5012 1594 4845 6781 2906 6781 0 6680 418 6781 30 4449 3788 0 0 6091 0 0 6781 29 4518 0 0 405 0 0 6552 6781 0 0
44 0 29 6781 0 0 6 0 0 0 0 17 0 0 0 232 0 7 0 0 50 0 0 0 28 0 0 0 0 181 5187 58 0 38 0 6781 2 58 0 6 31 42 0 207 0 0 0 0 6034 78 378 0 38 0 0 1 0 0 0
5159 6680 3876 2 6680 6 101 6680 6680 6 1 20 6680 6680 6 4137 1 1713 6 5629 4567 6680 20 6680 6 6 0 6680 6 4911 1596 4744 6680 2805 6680 2 6781 424 6680 0 4479 3794 6 19 5990 6 20 6680 31 4524 6 6 411 6 6 6451 6680 6 6
509 418 93 58 418 950 5713 418 418 6117 22 22 418 418 6117 486 22 3088 6117 418 612 418 46 418 6113 6117 0 418 6117 58 420 1193 418 13 418 58 424 6781 418 6006 1492 3221 6117 1991 418 6117 46 418 69 824 4126 6117 3741 6117 6117 499 418 6117 6117
5260 6781 3977 0 6781 0 95 6781 6781 0 0 0 6781 6781 0 4238 0 1707 0 5654 4565 6781 0 6781 0 0 0 6781 0 5012 1594 4845 6781 2906 6781 0 6680 418 6781 30 4449 3788 0 0 6091 0 0 6781 29 4518 0 0 405 0 0 6552 6781 0 0
121 30 30 6 30 793 6266 30 30 6670 0 12 30 30 6670 485 0 2559 6670 1 206 30 12 30 6420 6670 0 30 6670 142 6 1493 30 44 30 6 0 6006 30 6781 1075 2692 6670 2655 30 6670 12 30 6 304 4196 6670 4294 6670 6670 111 30 6670 6670
3271 4449 2307 31 4449 213 963 4449 4449 1074 9 79 4449 4449 1074 1906 9 2018 1074 4632 3892 4449 463 4449 1074 1074 365 4449 1074 2680 1625 2513 4449 1337 4449 31 4479 1492 4449 1075 6781 3336 1074 374 4449 1074 463 4449 60 3101 857 1074 433 1074 1074 4220 4449 1074 1074
3879 3788 1741 42 3788 926 2898 3788 3788 2803 6 6 3788 3788 2803 1245 6 4315 2803 3788 3982 3788 22 3788 2803 2803 0 3788 2803 2019 1636 1852 3788 6 3788 42 3794 3221 3788 2692 3336 6781 2803 339 3788 2803 22 3788 71 3403 1422 2803 1502 2803 2803 3559 3788 2803 2803
91 0 0 0 0 904 6377 0 0 6781 0 0 0 0 6781 455 0 2670 6781 0 194 0 0 0 6531 6781 0 0 6781 112 0 1463 0 14 0 0 6 6117 0 6670 1074 2803 6781 2655 0 6781 0 0 0 406 4307 6781 4405 6781 6781 81 0 6781 6781
249 0 305 207 0 306 2763 0 0 2655 9 210 0 0 2655 455 9 350 2655 133 285 0 392 0 2405 2655 58 0 2655 112 207 1463 0 264 0 207 19 1991 0 2655 374 339 2655 6781 0 2655 392 0 207 64 1461 2655 2655 2655 2655 81 0 2655 2655
4570 6091 3287 0 6091 0 95 6091 6091 0 26 0 6091 6091 0 3548 26 1707 0 5654 4544 6091 0 6091 0 0 0 6091 0 4322 1594 4155 6091 2216 6091 0 5990 418 6091 30 4449 3788 0 0 6781 0 0 6091 29 3828 1 0 182 0 0 5862 6091 0 0
91 0 0 0 0 904 6377 0 0 6781 0 0 0 0 6781 455 0 2670 6781 0 194 0 0 0 6531 6781 0 0 6781 112 0 1463 0 14 0 0 6 6117 0 6670 1074 2803 6781 2655 0 6781 0 0 0 406 4307 6781 4405 6781 6781 81 0 6781 6781
937 0 598 0 0 5776 15 0 0 0 0 1518 0 0 0 367 0 1429 0 103 906 0 6781 0 167 0 0 0 0 0 0 109 0 2861 0 0 20 46 0 12 463 22 0 392 0 0 6781 0 8 1023 1003 0 361 0 0 11 0 0 0
5260 6781 3977 0 6781 0 95 6781 6781 0 0 0 6781 6781 0 4238 0 1707 0 5654 4565 6781 0 6781 0 0 0 6781 0 5012 1594 4845 6781 2906 6781 0 6680 418 6781 30 4449 3788 0 0 6091 0 0 6781 29 4518 0 0 405 0 0 6552 6781 0 0
73 29 47 6034 29 8 6 29 29 0 4 19 29 29 0 560 4 84 0 29 79 29 8 29 28 0 2 29 0 176 5216 36 29 369 29 6034 31 69 29 6 60 71 0 207 29 0 8 29 6781 107 298 0 38 0 0 13 29 0 0
4669 4518 2939 78 4518 1125 501 4518 4518 406 20 290 4518 4518 406 1975 20 1908 406 3457 3348 4518 1023 4518 406 406 86 4518 406 2749 1672 2582 4518 1413 4518 78 4524 824 4518 304 3101 3403 406 64 3828 406 1023 4518 107 6781 512 406 874 406 406 4289 4518 406 406
348 0 314 378 0 1642 3903 0 0 4307 10 312 0 0 4307 752 10 1289 4307 29 593 0 1003 0 4307 4307 25 0 4307 181 170 1465 0 352 0 378 6 4126 0 4196 857 1422 4307 1461 1 4307 1003 0 298 512 6781 4307 2395 4307 4307 81 0 4307 4307
91 0 0 0 0 904 6377 0 0 6781 0 0 0 0 6781 455 0 2670 6781 0 194 0 0 0 6531 6781 0 0 6781 112 0 1463 0 14 0 0 6 6117 0 6670 1074 2803 6781 2655 0 6781 0 0 0 406 4307 6781 4405 6781 6781 81 0 6781 6781
671 405 642 38 405 954 4001 405 405 4405 2 0 405 405 4405 860 2 1662 4405 0 157 405 361 405 4155 4405 183 405 4405 517 38 1868 405 477 405 38 411 3741 405 4294 433 1502 4405 2655 182 4405 361 405 38 874 2395 4405 6781 4405 4405 486 405 4405 4405
91 0 0 0 0 904 6377 0 0 6781 0 0 0 0 6781 455 0 2670 6781 0 194 0 0 0 6531 6781 0 0 6781 112 0 1463 0 14 0 0 6 6117 0 6670 1074 2803 6781 2655 0 6781 0 0 0 406 4307 6781 4405 6781 6781 81 0 6781 6781
91 0 0 0 0 904 6377 0 0 6781 0 0 0 0 6781 455 0 2670 6781 0 194 0 0 0 6531 6781 0 0 6781 112 0 1463 0 14 0 0 6 6117 0 6670 1074 2803 6781 2655 0 6781 0 0 0 406 4307 6781 4405 6781 6781 81 0 6781 6781
5031 6552 3748 1 6552 11 176 6552 6552 81 64 64 6552 6552 81 4325 64 1716 81 5425 4336 6552 11 6552 81 81 6 6552 81 5079 1365 4926 6552 2917 6552 1 6451 499 6552 111 4220 3559 81 81 5862 81 11 6552 13 4289 81 81 486 81 81 6781 6552 81 81
5260 6781 3977 0 6781 0 95 6781 6781 0 0 0 6781 6781 0 4238 0 1707 0 5654 4565 6781 0 6781 0 0 0 6781 0 5012 1594 4845 6781 2906 6781 0 6680 418 6781 30 4449 3788 0 0 6091 0 0 6781 29 4518 0 0 405 0 0 6552 6781 0 0
91 0 0 0 0 904 6377 0 0 6781 0 0 0 0 6781 455 0 2670 6781 0 194 0 0 0 6531 6781 0 0 6781 112 0 1463 0 14 0 0 6 6117 0 6670 1074 2803 6781 2655 0 6781 0 0 0 406 4307 6781 4405 6781 6781 81 0 6781 6781
91 0 0 0 0 904 6377 0 0 6781 0 0 0 0 6781 455 0 2670 6781 0 194 0 0 0 6531 6781 0 0 6781 112 0 1463 0 14 0 0 6 6117 0 6670 1074 2803 6781 2655 0 6781 0 0 0 406 4307 6781 4405 6781 6781 81 0 6781 6781
