2621 1690 0 126 1210 785 0 2323 0 0 2167 2323 1914 1891 1269 1249 10 0 242 781 1044 0 0 984 10 2323 0 0 2258 0 2323 63 0 0 2323 0 2204 11 740 2323 2323 1999 2323 0 2323 10 0 2323 10 2323 2323 0 0 11 0 1069 1584 0 2323
1690 2621 0 5 1237 163 0 1988 0 0 1832 1988 1590 1567 1148 1490 2 0 220 676 977 0 0 972 2 1988 0 0 1926 0 1988 65 0 0 1988 0 1869 4 729 1988 1988 1599 1988 0 1988 1 0 1988 2 1988 1988 0 0 11 0 1053 2491 0 1988
0 0 2621 0 1202 41 2269 0 0 2373 10 0 14 274 0 151 0 2621 21 0 24 2621 2621 0 0 0 2621 2621 23 0 0 656 2621 1548 0 2621 0 1711 1775 0 0 70 0 2621 0 0 2621 0 0 0 0 2621 2621 2439 2621 0 0 2621 0
126 5 0 2621 20 442 1 5 0 8 10 5 12 23 536 177 676 0 126 252 57 0 0 9 1141 5 0 0 7 47 5 275 0 1 5 0 6 31 3 5 5 6 5 0 5 869 0 5 1141 5 5 0 0 0 0 113 6 0 5
1210 1237 1202 20 2621 4 1202 1248 0 954 1258 1248 839 816 1162 1402 2 1202 177 676 999 1202 1202 973 20 1248 1202 1202 1183 0 1248 160 1202 1202 1248 1202 1129 1004 1942 1248 1248 859 1248 1202 1248 2 1202 1248 20 1248 1248 1202 1202 1020 1202 1069 1248 1202 1248
785 163 41 442 4 2621 1 785 1176 49 711 785 785 829 28 19 42 41 34 35 25 41 41 4 431 785 41 41 781 2 785 83 41 2 785 41 786 41 4 785 785 805 785 41 785 45 41 785 431 785 785 41 41 52 41 4 46 41 785
0 0 2269 1 1202 1 2621 0 283 2021 10 0 12 34 0 151 3 2269 35 0 24 2269 2269 0 1 0 2269 2269 0 6 0 304 2269 1554 0 2269 0 1359 1775 0 0 70 0 2269 0 3 2269 0 1 0 0 2269 2269 2087 2269 0 0 2269 0
2323 1988 0 5 1248 785 0 2621 0 0 2465 2621 2212 2189 1147 1336 0 0 215 687 997 0 0 973 0 2621 0 0 2556 0 2621 64 0 0 2621 0 2502 4 740 2621 2621 2232 2621 0 2621 0 0 2621 0 2621 2621 0 0 11 0 1057 1882 0 2621
0 0 0 0 0 1176 283 0 2621 0 0 0 0 0 0 0 0 0 0 138 7 0 0 0 0 0 0 0 0 0 0 23 0 0 0 0 0 0 0 0 0 20 0 0 0 0 0 0 0 0 0 0 0 0 0 160 0 0 0
0 0 2373 8 954 49 2021 0 0 2621 30 0 14 274 4 168 165 2373 23 27 52 2373 2373 40 40 0 2373 2373 23 0 0 670 2373 1300 0 2373 0 1463 1527 0 0 70 0 2373 0 0 2373 0 40 0 0 2373 2373 2206 2373 0 0 2373 0
2167 1832 10 10 1258 711 10 2465 0 30 2621 2465 2056 2033 1160 1349 29 10 215 687 997 10 10 985 12 2465 10 10 2400 0 2465 64 10 10 2465 10 2346 14 750 2465 2465 2076 2465 10 2465 5 10 2465 12 2465 2465 10 10 21 10 1057 1764 10 2465
2323 1988 0 5 1248 785 0 2621 0 0 2465 2621 2212 2189 1147 1336 0 0 215 687 997 0 0 973 0 2621 0 0 2556 0 2621 64 0 0 2621 0 2502 4 740 2621 2621 2232 2621 0 2621 0 0 2621 0 2621 2621 0 0 11 0 1057 1882 0 2621
1914 1590 14 12 839 785 12 2212 0 14 2056 2212 2621 2294 738 927 4 14 226 278 588 14 14 564 7 2212 14 14 2212 0 2212 78 14 0 2212 14 2101 18 331 2212 2212 1823 2212 14 2212 4 14 2212 7 2212 2212 14 14 25 14 648 1473 14 2212
1891 1567 274 23 816 829 34 2189 0 274 2033 2189 2294 2621 715 904 0 274 215 255 565 274 274 541 18 2189 274 274 2212 0 2189 338 274 0 2189 274 2101 278 308 2189 2189 1800 2189 274 2189 0 274 2189 18 2189 2189 274 274 285 274 625 1450 274 2189
1269 1148 0 536 1162 28 0 1147 0 4 1160 1147 738 715 2621 1382 92 0 251 920 1674 0 0 1639 87 1147 0 0 1082 0 1147 371 0 0 1147 0 1028 26 740 1147 1147 847 1147 0 1147 163 0 1147 87 1147 1147 0 0 0 0 1373 1176 0 1147
1249 1490 151 177 1402 19 151 1336 0 168 1349 1336 927 904 1382 2621 23 151 262 796 1125 151 151 1054 79 1336 151 151 1271 93 1336 150 151 151 1336 151 1217 177 891 1336 1336 947 1336 151 1336 38 151 1336 79 1336 1336 151 151 133 151 1062 1527 151 1336
10 2 0 676 2 42 3 0 0 165 29 0 4 0 92 23 2621 0 7 15 167 0 0 5 0 0 0 0 21 0 0 227 0 4 0 0 1 7 1 0 0 3 0 0 0 2310 0 0 0 0 0 0 0 0 0 4 1 0 0
0 0 2621 0 1202 41 2269 0 0 2373 10 0 14 274 0 151 0 2621 21 0 24 2621 2621 0 0 0 2621 2621 23 0 0 656 2621 1548 0 2621 0 1711 1775 0 0 70 0 2621 0 0 2621 0 0 0 0 2621 2621 2439 2621 0 0 2621 0
242 220 21 126 177 34 35 215 0 23 215 215 226 215 251 262 7 21 2621 274 139 21 21 121 14 215 21 21 223 50 215 206 21 49 215 21 223 20 43 215 215 128 215 21 215 5 21 215 14 215 215 21 21 21 21 187 215 21 215
781 676 0 252 676 35 0 687 138 27 687 687 278 255 920 796 15 0 274 2621 796 0 0 747 0 687 0 0 622 484 687 86 0 158 687 0 568 15 673 687 687 933 687 0 687 1 0 687 0 687 687 0 0 106 0 1000 687 0 687
1044 977 24 57 999 25 24 997 7 52 997 997 588 565 1674 1125 167 24 139 796 2621 24 24 1548 14 997 24 24 932 54 997 199 24 10 997 24 878 15 764 997 997 895 997 24 997 121 24 997 14 997 997 24 24 25 24 1258 988 24 997
0 0 2621 0 1202 41 2269 0 0 2373 10 0 14 274 0 151 0 2621 21 0 24 2621 2621 0 0 0 2621 2621 23 0 0 656 2621 1548 0 2621 0 1711 1775 0 0 70 0 2621 0 0 2621 0 0 0 0 2621 2621 2439 2621 0 0 2621 0
0 0 2621 0 1202 41 2269 0 0 2373 10 0 14 274 0 151 0 2621 21 0 24 2621 2621 0 0 0 2621 2621 23 0 0 656 2621 1548 0 2621 0 1711 1775 0 0 70 0 2621 0 0 2621 0 0 0 0 2621 2621 2439 2621 0 0 2621 0
984 972 0 9 973 4 0 973 0 40 985 973 564 541 1639 1054 5 0 121 747 1548 0 0 2621 530 973 0 0 908 25 973 87 0 66 973 0 854 18 740 973 973 927 973 0 973 5 0 973 530 973 973 0 0 0 0 1226 1000 0 973
10 2 0 1141 20 431 1 0 0 40 12 0 7 18 87 79 0 0 14 0 14 0 0 530 2621 0 0 0 2 47 0 9 0 1 0 0 1 9 3 0 0 4 0 0 0 0 0 0 2621 0 0 0 0 0 0 35 19 0 0
2323 1988 0 5 1248 785 0 2621 0 0 2465 2621 2212 2189 1147 1336 0 0 215 687 997 0 0 973 0 2621 0 0 2556 0 2621 64 0 0 2621 0 2502 4 740 2621 2621 2232 2621 0 2621 0 0 2621 0 2621 2621 0 0 11 0 1057 1882 0 2621
0 0 2621 0 1202 41 2269 0 0 2373 10 0 14 274 0 151 0 2621 21 0 24 2621 2621 0 0 0 2621 2621 23 0 0 656 2621 1548 0 2621 0 1711 1775 0 0 70 0 2621 0 0 2621 0 0 0 0 2621 2621 2439 2621 0 0 2621 0
0 0 2621 0 1202 41 2269 0 0 2373 10 0 14 274 0 151 0 2621 21 0 24 2621 2621 0 0 0 2621 2621 23 0 0 656 2621 1548 0 2621 0 1711 1775 0 0 70 0 2621 0 0 2621 0 0 0 0 2621 2621 2439 2621 0 0 2621 0
2258 1926 23 7 1183 781 0 2556 0 23 2400 2556 2212 2212 1082 1271 21 23 223 622 932 23 23 908 2 2556 23 23 2621 2 2556 87 23 0 2556 23 2437 27 675 2556 2556 2167 2556 23 2556 21 23 2556 2 2556 2556 23 23 34 23 992 1817 23 2556
0 0 0 47 0 2 6 0 0 0 0 0 0 0 0 93 0 0 50 484 54 0 0 25 47 0 0 0 2 2621 0 382 0 766 0 0 7 0 0 0 0 6 0 0 0 0 0 0 47 0 0 0 0 0 0 25 0 0 0
2323 1988 0 5 1248 785 0 2621 0 0 2465 2621 2212 2189 1147 1336 0 0 215 687 997 0 0 973 0 2621 0 0 2556 0 2621 64 0 0 2621 0 2502 4 740 2621 2621 2232 2621 0 2621 0 0 2621 0 2621 2621 0 0 11 0 1057 1882 0 2621
63 65 656 275 160 83 304 64 23 670 64 64 78 338 371 150 227 656 206 86 199 656 656 87 9 64 656 656 87 382 64 2621 656 153 64 656 61 756 157 64 64 80 64 656 64 219 656 64 9 64 64 656 656 656 656 88 65 656 64
0 0 2621 0 1202 41 2269 0 0 2373 10 0 14 274 0 151 0 2621 21 0 24 2621 2621 0 0 0 2621 2621 23 0 0 656 2621 1548 0 2621 0 1711 1775 0 0 70 0 2621 0 0 2621 0 0 0 0 2621 2621 2439 2621 0 0 2621 0
0 0 1548 1 1202 2 1554 0 0 1300 10 0 0 0 0 151 4 1548 49 158 10 1548 1548 66 1 0 1548 1548 0 766 0 153 1548 2621 0 1548 7 987 1555 0 0 169 0 1548 0 4 1548 0 1 0 0 1548 1548 1366 1548 0 0 1548 0
2323 1988 0 5 1248 785 0 2621 0 0 2465 2621 2212 2189 1147 1336 0 0 215 687 997 0 0 973 0 2621 0 0 2556 0 2621 64 0 0 2621 0 2502 4 740 2621 2621 2232 2621 0 2621 0 0 2621 0 2621 2621 0 0 11 0 1057 1882 0 2621
0 0 2621 0 1202 41 2269 0 0 2373 10 0 14 274 0 151 0 2621 21 0 24 2621 2621 0 0 0 2621 2621 23 0 0 656 2621 1548 0 2621 0 1711 1775 0 0 70 0 2621 0 0 2621 0 0 0 0 2621 2621 2439 2621 0 0 2621 0
2204 1869 0 6 1129 786 0 2502 0 0 2346 2502 2101 2101 1028 1217 1 0 223 568 878 0 0 854 1 2502 0 0 2437 7 2502 61 0 7 2502 0 2621 4 621 2502 2502 2113 2502 0 2502 1 0 2502 1 2502 2502 0 0 11 0 938 1763 0 2502
11 4 1711 31 1004 41 1359 4 0 1463 14 4 18 278 26 177 7 1711 20 15 15 1711 1711 18 9 4 1711 1711 27 0 4 756 1711 987 4 1711 4 2621 996 4 4 6 4 1711 4 7 1711 4 9 4 4 1711 1711 1529 1711 42 4 1711 4
740 729 1775 3 1942 4 1775 740 0 1527 750 740 331 308 740 891 1 1775 43 673 764 1775 1775 740 3 740 1775 1775 675 0 740 157 1775 1555 740 1775 621 996 2621 740 740 808 740 1775 740 1 1775 740 3 740 740 1775 1775 1593 1775 740 740 1775 740
2323 1988 0 5 1248 785 0 2621 0 0 2465 2621 2212 2189 1147 1336 0 0 215 687 997 0 0 973 0 2621 0 0 2556 0 2621 64 0 0 2621 0 2502 4 740 2621 2621 2232 2621 0 2621 0 0 2621 0 2621 2621 0 0 11 0 1057 1882 0 2621
2323 1988 0 5 1248 785 0 2621 0 0 2465 2621 2212 2189 1147 1336 0 0 215 687 997 0 0 973 0 2621 0 0 2556 0 2621 64 0 0 2621 0 2502 4 740 2621 2621 2232 2621 0 2621 0 0 2621 0 2621 2621 0 0 11 0 1057 1882 0 2621
1999 1599 70 6 859 805 70 2232 20 70 2076 2232 1823 1800 847 947 3 70 128 933 895 70 70 927 4 2232 70 70 2167 6 2232 80 70 169 2232 70 2113 6 808 2232 2232 2621 2232 70 2232 3 70 2232 4 2232 2232 70 70 81 70 939 1493 70 2232
2323 1988 0 5 1248 785 0 2621 0 0 2465 2621 2212 2189 1147 1336 0 0 215 687 997 0 0 973 0 2621 0 0 2556 0 2621 64 0 0 2621 0 2502 4 740 2621 2621 2232 2621 0 2621 0 0 2621 0 2621 2621 0 0 11 0 1057 1882 0 2621
0 0 2621 0 1202 41 2269 0 0 2373 10 0 14 274 0 151 0 2621 21 0 24 2621 2621 0 0 0 2621 2621 23 0 0 656 2621 1548 0 2621 0 1711 1775 0 0 70 0 2621 0 0 2621 0 0 0 0 2621 2621 2439 2621 0 0 2621 0
2323 1988 0 5 1248 785 0 2621 0 0 2465 2621 2212 2189 1147 1336 0 0 215 687 997 0 0 973 0 2621 0 0 2556 0 2621 64 0 0 2621 0 2502 4 740 2621 2621 2232 2621 0 2621 0 0 2621 0 2621 2621 0 0 11 0 1057 1882 0 2621
10 1 0 869 2 45 3 0 0 0 5 0 4 0 163 38 2310 0 5 1 121 0 0 5 0 0 0 0 21 0 0 219 0 4 0 0 1 7 1 0 0 3 0 0 0 2621 0 0 0 0 0 0 0 0 0 4 1 0 0
0 0 2621 0 1202 41 2269 0 0 2373 10 0 14 274 0 151 0 2621 21 0 24 2621 2621 0 0 0 2621 2621 23 0 0 656 2621 1548 0 2621 0 1711 1775 0 0 70 0 2621 0 0 2621 0 0 0 0 2621 2621 2439 2621 0 0 2621 0
2323 1988 0 5 1248 785 0 2621 0 0 2465 2621 2212 2189 1147 1336 0 0 215 687 997 0 0 973 0 2621 0 0 2556 0 2621 64 0 0 2621 0 2502 4 740 2621 2621 2232 2621 0 2621 0 0 2621 0 2621 2621 0 0 11 0 1057 1882 0 2621
10 2 0 1141 20 431 1 0 0 40 12 0 7 18 87 79 0 0 14 0 14 0 0 530 2621 0 0 0 2 47 0 9 0 1 0 0 1 9 3 0 0 4 0 0 0 0 0 0 2621 0 0 0 0 0 0 35 19 0 0
2323 1988 0 5 1248 785 0 2621 0 0 2465 2621 2212 2189 1147 1336 0 0 215 687 997 0 0 973 0 2621 0 0 2556 0 2621 64 0 0 2621 0 2502 4 740 2621 2621 2232 2621 0 2621 0 0 2621 0 2621 2621 0 0 11 0 1057 1882 0 2621
2323 1988 0 5 1248 785 0 2621 0 0 2465 2621 2212 2189 1147 1336 0 0 215 687 997 0 0 973 0 2621 0 0 2556 0 2621 64 0 0 2621 0 2502 4 740 2621 2621 2232 2621 0 2621 0 0 2621 0 2621 2621 0 0 11 0 1057 1882 0 2621
0 0 2621 0 1202 41 2269 0 0 2373 10 0 14 274 0 151 0 2621 21 0 24 2621 2621 0 0 0 2621 2621 23 0 0 656 2621 1548 0 2621 0 1711 1775 0 0 70 0 2621 0 0 2621 0 0 0 0 2621 2621 2439 2621 0 0 2621 0
0 0 2621 0 1202 41 2269 0 0 2373 10 0 14 274 0 151 0 2621 21 0 24 2621 2621 0 0 0 2621 2621 23 0 0 656 2621 1548 0 2621 0 1711 1775 0 0 70 0 2621 0 0 2621 0 0 0 0 2621 2621 2439 2621 0 0 2621 0
11 11 2439 0 1020 52 2087 11 0 2206 21 11 25 285 0 133 0 2439 21 106 25 2439 2439 0 0 11 2439 2439 34 0 11 656 2439 1366 11 2439 11 1529 1593 11 11 81 11 2439 11 0 2439 11 0 11 11 2439 2439 2621 2439 44 0 2439 11
0 0 2621 0 1202 41 2269 0 0 2373 10 0 14 274 0 151 0 2621 21 0 24 2621 2621 0 0 0 2621 2621 23 0 0 656 2621 1548 0 2621 0 1711 1775 0 0 70 0 2621 0 0 2621 0 0 0 0 2621 2621 2439 2621 0 0 2621 0
1069 1053 0 113 1069 4 0 1057 160 0 1057 1057 648 625 1373 1062 4 0 187 1000 1258 0 0 1226 35 1057 0 0 992 25 1057 88 0 0 1057 0 938 42 740 1057 1057 939 1057 0 1057 4 0 1057 35 1057 1057 0 0 44 0 2621 1064 0 1057
1584 2491 0 6 1248 46 0 1882 0 0 1764 1882 1473 1450 1176 1527 1 0 215 687 988 0 0 1000 19 1882 0 0 1817 0 1882 65 0 0 1882 0 1763 4 740 1882 1882 1493 1882 0 1882 1 0 1882 19 1882 1882 0 0 0 0 1064 2621 0 1882
0 0 2621 0 1202 41 2269 0 0 2373 10 0 14 274 0 151 0 2621 21 0 24 2621 2621 0 0 0 2621 2621 23 0 0 656 2621 1548 0 2621 0 1711 1775 0 0 70 0 2621 0 0 2621 0 0 0 0 2621 2621 2439 2621 0 0 2621 0
2323 1988 0 5 1248 785 0 2621 0 0 2465 2621 2212 2189 1147 1336 0 0 215 687 997 0 0 973 0 2621 0 0 2556 0 2621 64 0 0 2621 0 2502 4 740 2621 2621 2232 2621 0 2621 0 0 2621 0 2621 2621 0 0 11 0 1057 1882 0 2621
