2837 365 520 553 1190 388 1122 400 6 127 322 415 688 400 1122 52 657 1139 400 511 1059 1003 249 244 351 911 369 400 399 1122 86 955 597 400 606 400 270 50 616 403 1122 359 917 38 584 174 943 433 1122 400 242 1122 1122 440 488 400 1122 499 464
365 2837 326 266 34 675 181 674 10 16 1242 501 856 674 181 225 297 688 674 852 244 181 9 4 568 190 693 674 843 82 351 340 714 674 229 674 19 1689 749 597 181 878 319 91 677 22 181 201 181 674 78 90 181 689 558 674 181 966 752
520 326 2837 792 538 86 538 82 28 2 303 25 91 82 538 41 662 743 82 82 538 551 127 19 125 546 126 82 96 607 273 573 112 82 155 82 34 246 108 82 538 227 551 34 82 348 540 7 538 82 36 538 538 82 82 82 538 106 124
553 266 792 2837 466 162 466 0 11 25 95 157 9 1 466 219 574 430 0 0 447 450 175 36 18 548 86 0 107 535 396 469 7 0 174 0 279 298 187 0 466 23 454 61 0 311 504 225 466 0 228 466 466 0 0 0 466 2 55
1190 34 538 466 2837 8 2489 0 1 994 1111 232 209 0 2489 45 814 1502 0 32 2426 2348 10 812 13 1422 84 0 33 2489 215 991 212 0 502 0 197 1 278 22 2489 20 1768 60 139 134 2301 363 2489 0 308 2489 2489 0 88 0 2489 24 113
388 675 86 162 8 2837 0 789 0 0 51 441 789 789 0 126 225 661 789 789 63 0 188 329 771 71 1040 789 993 0 26 47 790 789 163 789 64 1 846 712 0 740 140 27 797 113 0 56 0 789 253 5 0 794 673 789 0 789 800
1122 181 538 466 2489 0 2837 0 0 994 1161 580 557 0 2837 45 597 1241 0 380 2774 2696 10 812 0 1770 84 0 172 2738 270 1339 233 0 569 0 213 0 24 22 2837 20 2116 8 92 0 2649 711 2837 0 54 2746 2837 12 88 0 2837 372 8
400 674 82 0 0 789 0 2837 0 1504 105 205 2105 2126 0 862 263 649 2837 2457 63 0 1144 0 563 37 1390 2837 1141 0 0 157 1585 2837 333 2837 0 0 871 2760 0 1828 140 0 2426 0 0 0 0 2837 0 0 0 2494 2721 2837 0 1701 2306
6 10 28 11 1 0 0 0 2837 0 14 10 6 2 0 146 47 9 0 0 0 12 27 6 0 2 0 0 11 0 29 0 169 0 44 0 345 0 0 2 0 0 0 0 0 7 0 0 0 0 0 0 0 0 0 0 0 1 0
127 16 2 25 994 0 994 1504 0 2837 791 6 772 793 994 511 176 161 1504 1124 994 1046 1172 486 0 253 57 1504 39 994 77 214 252 1504 243 1504 36 25 24 1504 994 1132 590 0 1093 0 994 2 994 1504 28 994 994 1161 1504 1504 994 368 973
322 1242 303 95 1111 51 1161 105 14 791 2837 59 160 105 1161 152 137 138 105 156 1098 1020 12 763 18 143 114 105 182 1110 223 296 134 105 486 105 81 1401 94 127 1161 291 486 18 110 15 973 289 1161 105 76 1137 1161 188 193 105 1161 270 108
415 501 25 157 232 441 580 205 10 6 59 2837 724 205 580 89 290 348 205 585 643 580 434 38 266 765 206 205 445 481 156 631 401 205 333 205 263 117 287 177 580 220 927 9 297 77 580 552 580 205 25 489 580 217 89 205 580 567 205
688 856 91 9 209 789 557 2105 6 772 160 724 2837 2261 557 386 236 769 2105 2485 620 557 412 0 563 594 1390 2105 1274 458 73 714 1934 2105 227 2105 300 4 871 2028 557 1096 697 8 2197 0 557 480 557 2105 0 466 557 2117 1989 2105 557 2208 2113
400 674 82 1 0 789 0 2126 2 793 105 205 2261 2837 0 385 208 649 2126 2126 63 0 433 0 563 37 1390 2126 1113 0 2 157 1738 2126 155 2126 145 0 871 2049 0 1117 140 0 2126 0 0 0 0 2126 0 0 0 2126 2010 2126 0 1848 2126
1122 181 538 466 2489 0 2837 0 0 994 1161 580 557 0 2837 45 597 1241 0 380 2774 2696 10 812 0 1770 84 0 172 2738 270 1339 233 0 569 0 213 0 24 22 2837 20 2116 8 92 0 2649 711 2837 0 54 2746 2837 12 88 0 2837 372 8
52 225 41 219 45 126 45 862 146 511 152 89 386 385 45 2837 90 95 862 482 47 61 576 65 218 13 396 862 259 45 127 380 489 862 247 862 172 127 231 785 45 651 25 100 451 335 56 386 45 862 190 45 45 519 862 862 45 415 385
657 297 662 574 814 225 597 263 47 176 137 290 236 208 597 90 2837 1154 263 270 660 597 349 128 860 493 251 263 299 597 37 565 264 263 96 263 372 29 617 234 597 723 736 141 305 219 597 107 597 263 303 597 597 267 147 263 597 377 493
1139 688 743 430 1502 661 1241 649 9 161 138 348 769 649 1241 95 1154 2837 649 649 1304 1241 8 18 867 1254 733 649 655 1241 165 710 772 649 266 649 91 14 901 572 1241 931 1381 2 741 179 1241 43 1241 649 171 1241 1241 649 533 649 1241 713 681
400 674 82 0 0 789 0 2837 0 1504 105 205 2105 2126 0 862 263 649 2837 2457 63 0 1144 0 563 37 1390 2837 1141 0 0 157 1585 2837 333 2837 0 0 871 2760 0 1828 140 0 2426 0 0 0 0 2837 0 0 0 2494 2721 2837 0 1701 2306
511 852 82 0 32 789 380 2457 0 1124 156 585 2485 2126 380 482 270 649 2457 2837 443 380 764 0 563 417 1390 2457 1254 281 62 537 1642 2457 221 2457 48 0 871 2380 380 1448 520 8 2487 0 380 380 380 2457 0 289 380 2469 2341 2457 380 2063 2306
1059 244 538 447 2426 63 2774 63 0 994 1098 643 620 63 2774 47 660 1304 63 443 2837 2657 10 749 63 1770 147 63 235 2675 270 1339 296 63 506 63 213 0 87 85 2774 83 2137 8 155 0 2649 648 2774 63 38 2683 2774 75 137 63 2774 435 71
1003 181 551 450 2348 0 2696 0 12 1046 1020 580 557 0 2696 61 597 1241 0 380 2657 2837 28 671 0 1770 84 0 172 2597 276 1359 233 0 428 0 241 10 24 0 2696 20 2127 8 92 0 2656 570 2696 0 10 2605 2696 12 27 0 2696 372 8
249 9 127 175 10 188 10 1144 27 1172 12 434 412 433 10 576 349 8 1144 764 10 28 2837 14 89 40 0 1144 64 10 68 210 0 1144 305 1144 124 53 68 1144 10 1123 94 67 733 9 8 87 10 1144 80 10 10 801 1146 1144 10 8 613
244 4 19 36 812 329 812 0 6 486 763 38 0 0 812 65 128 18 0 0 749 671 14 2837 276 53 137 0 232 812 101 17 0 0 563 0 144 1 0 22 812 29 91 2 0 120 624 233 812 0 71 812 812 0 88 0 812 0 0
351 568 125 18 13 771 0 563 0 0 18 266 563 563 0 218 860 867 563 563 63 0 89 276 2837 14 705 563 878 3 60 4 571 563 218 563 57 53 695 486 0 1000 178 1 576 172 0 0 0 563 13 0 0 563 447 563 0 563 564
911 190 546 548 1422 71 1770 37 2 253 143 765 594 37 1770 13 493 1254 37 417 1770 1770 40 53 14 2837 121 37 209 1671 205 1455 270 37 220 37 246 10 30 37 1770 24 1781 26 129 19 1770 513 1770 37 155 1679 1770 49 37 37 1770 409 45
369 693 126 86 84 1040 84 1390 0 57 114 206 1390 1390 84 396 251 733 1390 1390 147 84 0 137 705 121 2837 1390 1117 84 7 201 1427 1390 201 1390 10 9 907 1313 84 716 224 0 1390 36 84 7 84 1390 30 84 84 1390 1274 1390 84 1397 1410
400 674 82 0 0 789 0 2837 0 1504 105 205 2105 2126 0 862 263 649 2837 2457 63 0 1144 0 563 37 1390 2837 1141 0 0 157 1585 2837 333 2837 0 0 871 2760 0 1828 140 0 2426 0 0 0 0 2837 0 0 0 2494 2721 2837 0 1701 2306
399 843 96 107 33 993 172 1141 11 39 182 445 1274 1113 172 259 299 655 1141 1254 235 172 64 232 878 209 1117 1141 2837 101 138 181 1142 1141 334 1141 189 72 1312 1064 172 754 312 18 1151 400 172 511 172 1141 157 109 172 1119 1025 1141 172 1285 1143
1122 82 607 535 2489 0 2738 0 0 994 1110 481 458 0 2738 45 597 1241 0 281 2675 2597 10 812 3 1671 84 0 101 2837 249 1240 233 0 524 0 213 0 24 22 2738 20 2017 8 92 0 2550 612 2738 0 54 2738 2738 12 88 0 2738 273 8
86 351 273 396 215 26 270 0 29 77 223 156 73 2 270 127 37 165 0 62 270 276 68 101 60 205 7 0 138 249 2837 106 6 0 180 0 134 519 5 28 270 17 240 11 16 223 271 76 270 0 26 276 270 42 0 0 270 77 12
955 340 573 469 991 47 1339 157 0 214 296 631 714 157 1339 380 565 710 157 537 1339 1359 210 17 4 1455 201 157 181 1240 106 2837 361 157 152 157 265 133 3 157 1339 4 1350 24 249 17 1339 497 1339 157 176 1248 1339 169 157 157 1339 520 165
597 714 112 7 212 790 233 1585 169 252 134 401 1934 1738 233 489 264 772 1585 1642 296 233 0 0 571 270 1427 1585 1142 233 6 361 2837 1585 157 1585 412 29 889 1508 233 724 373 12 1683 18 233 163 233 1585 18 233 233 1607 1469 1585 233 2032 1603
400 674 82 0 0 789 0 2837 0 1504 105 205 2105 2126 0 862 263 649 2837 2457 63 0 1144 0 563 37 1390 2837 1141 0 0 157 1585 2837 333 2837 0 0 871 2760 0 1828 140 0 2426 0 0 0 0 2837 0 0 0 2494 2721 2837 0 1701 2306
606 229 155 174 502 163 569 333 44 243 486 333 227 155 569 247 96 266 333 221 506 428 305 563 218 220 201 333 334 524 180 152 157 333 2837 333 429 57 664 355 569 366 191 69 163 352 381 305 569 333 110 524 569 160 421 333 569 275 161
400 674 82 0 0 789 0 2837 0 1504 105 205 2105 2126 0 862 263 649 2837 2457 63 0 1144 0 563 37 1390 2837 1141 0 0 157 1585 2837 333 2837 0 0 871 2760 0 1828 140 0 2426 0 0 0 0 2837 0 0 0 2494 2721 2837 0 1701 2306
270 19 34 279 197 64 213 0 345 36 81 263 300 145 213 172 372 91 0 48 213 241 124 144 57 246 10 0 189 213 134 265 412 0 429 0 2837 40 135 5 213 165 286 7 125 106 307 211 213 0 103 213 213 18 0 0 213 221 10
50 1689 246 298 1 1 0 0 0 25 1401 117 4 0 0 127 29 14 0 0 0 10 53 1 53 10 9 0 72 0 519 133 29 0 57 0 40 2837 0 23 0 246 16 16 5 0 1 11 0 0 44 27 0 83 0 0 0 114 3
616 749 108 187 278 846 24 871 0 24 94 287 871 871 24 231 617 901 871 871 87 24 68 0 695 30 907 871 1312 24 5 3 889 871 664 871 135 0 2837 794 24 803 164 193 947 1321 24 617 24 871 690 24 24 871 755 871 24 871 1134
403 597 82 0 22 712 22 2760 2 1504 127 177 2028 2049 22 785 234 572 2760 2380 85 0 1144 22 486 37 1313 2760 1064 22 28 157 1508 2760 355 2760 5 23 794 2837 22 1751 140 0 2349 0 11 29 22 2760 42 22 22 2417 2644 2760 22 1624 2229
1122 181 538 466 2489 0 2837 0 0 994 1161 580 557 0 2837 45 597 1241 0 380 2774 2696 10 812 0 1770 84 0 172 2738 270 1339 233 0 569 0 213 0 24 22 2837 20 2116 8 92 0 2649 711 2837 0 54 2746 2837 12 88 0 2837 372 8
359 878 227 23 20 740 20 1828 0 1132 291 220 1096 1117 20 651 723 931 1828 1448 83 20 1123 29 1000 24 716 1828 754 20 17 4 724 1828 366 1828 165 246 803 1751 20 2837 158 10 1417 25 20 14 20 1828 87 20 20 1485 1712 1828 20 712 1297
917 319 551 454 1768 140 2116 140 0 590 486 927 697 140 2116 25 736 1381 140 520 2137 2127 94 91 178 1781 224 140 312 2017 240 1350 373 140 191 140 286 16 164 140 2116 158 2837 93 232 94 2119 562 2116 140 2 2025 2116 152 24 140 2116 512 148
38 91 34 61 60 27 8 0 0 0 18 9 8 0 8 100 141 2 0 8 8 8 67 2 1 26 0 0 18 8 11 24 12 0 69 0 7 16 193 0 8 10 93 2837 1 657 8 9 8 0 190 69 8 155 0 0 8 8 146
584 677 82 0 139 797 92 2426 0 1093 110 297 2197 2126 92 451 305 741 2426 2487 155 92 733 0 576 129 1390 2426 1151 92 16 249 1683 2426 163 2426 125 5 947 2349 92 1417 232 1 2837 33 92 92 92 2426 76 92 92 2499 2310 2426 92 1744 2306
174 22 348 311 134 113 0 0 7 0 15 77 0 0 0 335 219 179 0 0 0 0 9 120 172 19 36 0 400 0 223 17 18 0 352 0 106 0 1321 0 0 25 94 657 33 2837 0 616 0 0 475 8 0 8 0 0 0 0 153
943 181 540 504 2301 0 2649 0 0 994 973 580 557 0 2649 56 597 1241 0 380 2649 2656 8 624 0 1770 84 0 172 2550 271 1339 233 0 381 0 307 1 24 11 2649 20 2119 8 92 0 2837 523 2649 0 22 2558 2649 12 0 0 2649 372 8
433 201 7 225 363 56 711 0 0 2 289 552 480 0 711 386 107 43 0 380 648 570 87 233 0 513 7 0 511 612 76 497 163 0 305 0 211 11 617 29 711 14 562 9 92 616 523 2837 711 0 301 620 711 12 88 0 711 364 2
1122 181 538 466 2489 0 2837 0 0 994 1161 580 557 0 2837 45 597 1241 0 380 2774 2696 10 812 0 1770 84 0 172 2738 270 1339 233 0 569 0 213 0 24 22 2837 20 2116 8 92 0 2649 711 2837 0 54 2746 2837 12 88 0 2837 372 8
400 674 82 0 0 789 0 2837 0 1504 105 205 2105 2126 0 862 263 649 2837 2457 63 0 1144 0 563 37 1390 2837 1141 0 0 157 1585 2837 333 2837 0 0 871 2760 0 1828 140 0 2426 0 0 0 0 2837 0 0 0 2494 2721 2837 0 1701 2306
242 78 36 228 308 253 54 0 0 28 76 25 0 0 54 190 303 171 0 0 38 10 80 71 13 155 30 0 157 54 26 176 18 0 110 0 103 44 690 42 54 87 2 190 76 475 22 301 54 0 2837 54 54 0 7 0 54 0 263
1122 90 538 466 2489 5 2746 0 0 994 1137 489 466 0 2746 45 597 1241 0 289 2683 2605 10 812 0 1679 84 0 109 2738 276 1248 233 0 524 0 213 27 24 22 2746 20 2025 69 92 8 2558 620 2746 0 54 2837 2746 73 88 0 2746 281 8
1122 181 538 466 2489 0 2837 0 0 994 1161 580 557 0 2837 45 597 1241 0 380 2774 2696 10 812 0 1770 84 0 172 2738 270 1339 233 0 569 0 213 0 24 22 2837 20 2116 8 92 0 2649 711 2837 0 54 2746 2837 12 88 0 2837 372 8
440 689 82 0 0 794 12 2494 0 1161 188 217 2117 2126 12 519 267 649 2494 2469 75 12 801 0 563 49 1390 2494 1119 12 42 169 1607 2494 160 2494 18 83 871 2417 12 1485 152 155 2499 8 12 12 12 2494 0 73 12 2837 2378 2494 12 1713 2306
488 558 82 0 88 673 88 2721 0 1504 193 89 1989 2010 88 862 147 533 2721 2341 137 27 1146 88 447 37 1274 2721 1025 88 0 157 1469 2721 421 2721 0 0 755 2644 88 1712 24 0 2310 0 0 88 88 2721 7 88 88 2378 2837 2721 88 1585 2190
400 674 82 0 0 789 0 2837 0 1504 105 205 2105 2126 0 862 263 649 2837 2457 63 0 1144 0 563 37 1390 2837 1141 0 0 157 1585 2837 333 2837 0 0 871 2760 0 1828 140 0 2426 0 0 0 0 2837 0 0 0 2494 2721 2837 0 1701 2306
1122 181 538 466 2489 0 2837 0 0 994 1161 580 557 0 2837 45 597 1241 0 380 2774 2696 10 812 0 1770 84 0 172 2738 270 1339 233 0 569 0 213 0 24 22 2837 20 2116 8 92 0 2649 711 2837 0 54 2746 2837 12 88 0 2837 372 8
499 966 106 2 24 789 372 1701 1 368 270 567 2208 1848 372 415 377 713 1701 2063 435 372 8 0 563 409 1397 1701 1285 273 77 520 2032 1701 275 1701 221 114 871 1624 372 712 512 8 1744 0 372 364 372 1701 0 281 372 1713 1585 1701 372 2837 1745
464 752 124 55 113 800 8 2306 0 973 108 205 2113 2126 8 385 493 681 2306 2306 71 8 613 0 564 45 1410 2306 1143 8 12 165 1603 2306 161 2306 10 3 1134 2229 8 1297 148 146 2306 153 8 2 8 2306 263 8 8 2306 2190 2306 8 1745 2837
