2329 0 0 1319 413 0 1215 5 57 0 1239 349 0 57 1319 1329 1296 1319 1377 0 1319 1502 1319 964 0 1177 0 1256 1319 1319 1319 1326 1319 1382 685 0 1319 38 18 27 0 1319 174 1319 1050 1319 0 1319 84 772 1319 1319 1320 1374 1100 1319 1270 400 1319
0 2329 0 0 964 0 104 0 0 2329 0 1408 2207 0 0 0 210 0 0 2329 0 0 0 0 2329 0 2329 0 0 0 0 0 0 0 0 2329 0 1173 1592 0 2329 0 1688 0 269 0 2329 0 0 501 0 0 0 0 0 0 0 919 0
0 0 2329 161 0 0 161 0 0 0 161 0 122 0 161 95 0 161 0 0 161 30 161 34 0 28 0 0 161 161 161 112 161 161 0 0 161 31 0 0 0 161 161 161 161 161 0 161 140 0 161 161 83 0 161 161 0 161 161
1319 0 161 2329 756 0 2225 0 52 0 2078 31 122 0 2329 2263 1886 2329 1463 0 2329 1229 2329 257 0 1600 0 1557 2329 2329 2329 2280 2329 2191 758 0 2329 30 0 0 0 2329 641 2329 2060 2329 0 2329 184 1369 2329 2320 2251 1703 1731 2329 1487 1410 2329
413 964 0 756 2329 0 860 0 0 964 756 1487 964 14 756 756 869 756 991 964 756 313 756 492 964 851 964 997 756 756 756 756 756 618 760 964 756 964 972 0 964 756 996 756 1025 756 964 756 14 1431 756 747 794 1203 551 756 1015 1675 756
0 0 0 0 0 2329 0 0 0 0 0 0 0 0 0 0 0 0 0 0 0 0 0 0 0 48 0 13 0 0 0 0 0 0 76 0 0 0 0 0 0 0 0 0 0 0 0 0 256 0 0 0 0 0 0 0 0 0 0
1215 104 161 2225 860 0 2329 0 0 104 1974 135 226 0 2225 2159 1782 2225 1359 104 2225 1125 2225 257 104 1496 104 1453 2225 2225 2225 2176 2225 2087 740 104 2225 134 104 0 104 2225 745 2225 2164 2225 104 2225 184 1473 2225 2216 2147 1599 1627 2225 1383 1514 2225
5 0 0 0 0 0 0 2329 1467 0 92 0 0 19 0 0 0 0 0 0 0 0 0 284 0 24 0 12 0 0 0 0 0 0 13 0 0 0 0 3 0 0 0 0 0 0 0 0 52 8 0 0 0 0 0 0 0 0 0
57 0 0 52 0 0 0 1467 2329 0 144 0 0 12 52 52 52 52 52 0 52 52 52 151 0 76 0 64 52 52 52 52 52 52 6 0 52 0 0 4 0 52 0 52 0 52 0 52 58 8 52 52 52 52 52 52 52 0 52
0 2329 0 0 964 0 104 0 0 2329 0 1408 2207 0 0 0 210 0 0 2329 0 0 0 0 2329 0 2329 0 0 0 0 0 0 0 0 2329 0 1173 1592 0 2329 0 1688 0 269 0 2329 0 0 501 0 0 0 0 0 0 0 919 0
1239 0 161 2078 756 0 1974 92 144 0 2329 31 122 95 2078 2012 1887 2078 1463 0 2078 1202 2078 257 0 1600 0 1557 2078 2078 2078 2029 2078 1940 758 0 2078 2 11 5 0 2078 390 2078 1809 2078 0 2078 279 1386 2078 2069 2000 1703 1697 2078 1487 1159 2078
349 1408 0 31 1487 0 135 0 0 1408 31 2329 1408 0 31 31 144 31 892 1408 31 209 31 889 1408 480 1408 605 31 31 31 31 31 31 774 1408 31 994 1416 0 1408 31 1408 31 300 31 1408 31 0 706 31 31 69 602 31 31 785 950 31
0 2207 122 122 964 0 226 0 0 2207 122 1408 2329 0 122 56 88 122 0 2207 122 0 122 0 2207 28 2207 0 122 122 122 73 122 122 0 2207 122 1051 1592 0 2207 122 1810 122 391 122 2207 122 122 501 122 122 44 0 122 122 0 1041 122
57 0 0 0 14 0 0 19 12 0 95 0 0 2329 0 0 0 0 1 0 0 66 0 30 0 31 0 2 0 0 0 0 0 8 46 0 0 48 4 0 0 0 0 0 0 0 0 0 1332 6 0 0 5 27 0 0 9 0 0
1319 0 161 2329 756 0 2225 0 52 0 2078 31 122 0 2329 2263 1886 2329 1463 0 2329 1229 2329 257 0 1600 0 1557 2329 2329 2329 2280 2329 2191 758 0 2329 30 0 0 0 2329 641 2329 2060 2329 0 2329 184 1369 2329 2320 2251 1703 1731 2329 1487 1410 2329
1329 0 95 2263 756 0 2159 0 52 0 2012 31 56 0 2263 2329 1886 2263 1463 0 2263 1237 2263 257 0 1605 0 1557 2263 2263 2263 2266 2263 2125 758 0 2263 30 0 0 0 2263 575 2263 1994 2263 0 2263 118 1369 2263 2254 2251 1703 1665 2263 1487 1344 2263
1296 210 0 1886 869 0 1782 0 52 210 1887 144 88 0 1886 1886 2329 1886 1576 210 1886 1221 1886 370 210 1635 210 1670 1886 1886 1886 1886 1886 1748 871 210 1886 182 8 34 210 1886 198 1886 1617 1886 210 1886 44 1401 1886 1877 1886 1816 1515 1886 1600 967 1886
1319 0 161 2329 756 0 2225 0 52 0 2078 31 122 0 2329 2263 1886 2329 1463 0 2329 1229 2329 257 0 1600 0 1557 2329 2329 2329 2280 2329 2191 758 0 2329 30 0 0 0 2329 641 2329 2060 2329 0 2329 184 1369 2329 2320 2251 1703 1731 2329 1487 1410 2329
1377 0 0 1463 991 0 1359 0 52 0 1463 892 0 1 1463 1463 1576 1463 2329 0 1463 1288 1463 1118 0 1912 0 2037 1463 1463 1463 1463 1463 1325 1483 0 1463 0 8 1 0 1463 0 1463 1194 1463 0 1463 45 1136 1463 1454 1501 2034 1463 1463 2217 544 1463
0 2329 0 0 964 0 104 0 0 2329 0 1408 2207 0 0 0 210 0 0 2329 0 0 0 0 2329 0 2329 0 0 0 0 0 0 0 0 2329 0 1173 1592 0 2329 0 1688 0 269 0 2329 0 0 501 0 0 0 0 0 0 0 919 0
1319 0 161 2329 756 0 2225 0 52 0 2078 31 122 0 2329 2263 1886 2329 1463 0 2329 1229 2329 257 0 1600 0 1557 2329 2329 2329 2280 2329 2191 758 0 2329 30 0 0 0 2329 641 2329 2060 2329 0 2329 184 1369 2329 2320 2251 1703 1731 2329 1487 1410 2329
1502 0 30 1229 313 0 1125 0 52 0 1202 209 0 66 1229 1237 1221 1229 1288 0 1229 2329 1229 729 0 1240 0 1277 1229 1229 1229 1270 1229 1292 676 0 1229 41 19 10 0 1229 122 1229 960 1229 0 1229 106 634 1229 1229 1232 1281 1434 1229 1281 310 1229
1319 0 161 2329 756 0 2225 0 52 0 2078 31 122 0 2329 2263 1886 2329 1463 0 2329 1229 2329 257 0 1600 0 1557 2329 2329 2329 2280 2329 2191 758 0 2329 30 0 0 0 2329 641 2329 2060 2329 0 2329 184 1369 2329 2320 2251 1703 1731 2329 1487 1410 2329
964 0 34 257 492 0 257 284 151 0 257 889 0 30 257 257 370 257 1118 0 257 729 257 2329 0 706 0 831 257 257 257 257 257 320 833 0 257 6 8 2 0 257 0 257 257 257 0 257 49 431 257 257 295 828 257 257 1011 0 257
0 2329 0 0 964 0 104 0 0 2329 0 1408 2207 0 0 0 210 0 0 2329 0 0 0 0 2329 0 2329 0 0 0 0 0 0 0 0 2329 0 1173 1592 0 2329 0 1688 0 269 0 2329 0 0 501 0 0 0 0 0 0 0 919 0
1177 0 28 1600 851 48 1496 24 76 0 1600 480 28 31 1600 1605 1635 1600 1912 0 1600 1240 1600 706 0 2329 0 1855 1600 1600 1600 1600 1600 1462 1188 0 1600 0 14 0 0 1600 28 1600 1331 1600 0 1600 86 1092 1600 1591 1643 1908 1543 1600 1936 681 1600
0 2329 0 0 964 0 104 0 0 2329 0 1408 2207 0 0 0 210 0 0 2329 0 0 0 0 2329 0 2329 0 0 0 0 0 0 0 0 2329 0 1173 1592 0 2329 0 1688 0 269 0 2329 0 0 501 0 0 0 0 0 0 0 919 0
1256 0 0 1557 997 13 1453 12 64 0 1557 605 0 2 1557 1557 1670 1557 2037 0 1557 1277 1557 831 0 1855 0 2329 1557 1557 1557 1557 1557 1419 1227 0 1557 9 8 4 0 1557 0 1557 1288 1557 0 1557 46 1230 1557 1548 1557 1981 1515 1557 2061 638 1557
1319 0 161 2329 756 0 2225 0 52 0 2078 31 122 0 2329 2263 1886 2329 1463 0 2329 1229 2329 257 0 1600 0 1557 2329 2329 2329 2280 2329 2191 758 0 2329 30 0 0 0 2329 641 2329 2060 2329 0 2329 184 1369 2329 2320 2251 1703 1731 2329 1487 1410 2329
1319 0 161 2329 756 0 2225 0 52 0 2078 31 122 0 2329 2263 1886 2329 1463 0 2329 1229 2329 257 0 1600 0 1557 2329 2329 2329 2280 2329 2191 758 0 2329 30 0 0 0 2329 641 2329 2060 2329 0 2329 184 1369 2329 2320 2251 1703 1731 2329 1487 1410 2329
1319 0 161 2329 756 0 2225 0 52 0 2078 31 122 0 2329 2263 1886 2329 1463 0 2329 1229 2329 257 0 1600 0 1557 2329 2329 2329 2280 2329 2191 758 0 2329 30 0 0 0 2329 641 2329 2060 2329 0 2329 184 1369 2329 2320 2251 1703 1731 2329 1487 1410 2329
1326 0 112 2280 756 0 2176 0 52 0 2029 31 73 0 2280 2266 1886 2280 1463 0 2280 1270 2280 257 0 1600 0 1557 2280 2280 2280 2329 2280 2142 758 0 2280 30 0 0 0 2280 592 2280 2011 2280 0 2280 135 1369 2280 2271 2251 1703 1682 2280 1487 1361 2280
1319 0 161 2329 756 0 2225 0 52 0 2078 31 122 0 2329 2263 1886 2329 1463 0 2329 1229 2329 257 0 1600 0 1557 2329 2329 2329 2280 2329 2191 758 0 2329 30 0 0 0 2329 641 2329 2060 2329 0 2329 184 1369 2329 2320 2251 1703 1731 2329 1487 1410 2329
1382 0 161 2191 618 0 2087 0 52 0 1940 31 122 8 2191 2125 1748 2191 1325 0 2191 1292 2191 320 0 1462 0 1419 2191 2191 2191 2142 2191 2329 660 0 2191 34 0 7 0 2191 641 2191 1922 2191 0 2191 192 1231 2191 2191 2113 1565 1593 2191 1349 1272 2191
685 0 0 758 760 76 740 13 6 0 758 774 0 46 758 758 871 758 1483 0 758 676 758 833 0 1188 0 1227 758 758 758 758 758 660 2329 0 758 16 50 10 0 758 0 758 740 758 0 758 3 692 758 749 765 1239 758 758 1376 405 758
0 2329 0 0 964 0 104 0 0 2329 0 1408 2207 0 0 0 210 0 0 2329 0 0 0 0 2329 0 2329 0 0 0 0 0 0 0 0 2329 0 1173 1592 0 2329 0 1688 0 269 0 2329 0 0 501 0 0 0 0 0 0 0 919 0
1319 0 161 2329 756 0 2225 0 52 0 2078 31 122 0 2329 2263 1886 2329 1463 0 2329 1229 2329 257 0 1600 0 1557 2329 2329 2329 2280 2329 2191 758 0 2329 30 0 0 0 2329 641 2329 2060 2329 0 2329 184 1369 2329 2320 2251 1703 1731 2329 1487 1410 2329
38 1173 31 30 964 0 134 0 0 1173 2 994 1051 48 30 30 182 30 0 1173 30 41 30 6 1173 0 1173 9 30 30 30 30 30 34 16 1173 30 2329 994 45 1173 30 1024 30 299 30 1173 30 48 510 30 30 30 0 126 30 0 949 30
18 1592 0 0 972 0 104 0 0 1592 11 1416 1592 4 0 0 8 0 8 1592 0 19 0 8 1592 14 1592 8 0 0 0 0 0 0 50 1592 0 994 2329 5 1592 0 1592 0 269 0 1592 0 4 624 0 0 0 17 68 0 8 919 0
27 0 0 0 0 0 0 3 4 0 5 0 0 0 0 0 34 0 1 0 0 10 0 2 0 0 0 4 0 0 0 0 0 7 10 0 0 45 5 2329 0 0 0 0 0 0 0 0 53 0 0 0 0 0 0 0 7 0 0
0 2329 0 0 964 0 104 0 0 2329 0 1408 2207 0 0 0 210 0 0 2329 0 0 0 0 2329 0 2329 0 0 0 0 0 0 0 0 2329 0 1173 1592 0 2329 0 1688 0 269 0 2329 0 0 501 0 0 0 0 0 0 0 919 0
1319 0 161 2329 756 0 2225 0 52 0 2078 31 122 0 2329 2263 1886 2329 1463 0 2329 1229 2329 257 0 1600 0 1557 2329 2329 2329 2280 2329 2191 758 0 2329 30 0 0 0 2329 641 2329 2060 2329 0 2329 184 1369 2329 2320 2251 1703 1731 2329 1487 1410 2329
174 1688 161 641 996 0 745 0 0 1688 390 1408 1810 0 641 575 198 641 0 1688 641 122 641 0 1688 28 1688 0 641 641 641 592 641 641 0 1688 641 1024 1592 0 1688 641 2329 641 910 641 1688 641 140 683 641 641 563 15 216 641 0 1560 641
1319 0 161 2329 756 0 2225 0 52 0 2078 31 122 0 2329 2263 1886 2329 1463 0 2329 1229 2329 257 0 1600 0 1557 2329 2329 2329 2280 2329 2191 758 0 2329 30 0 0 0 2329 641 2329 2060 2329 0 2329 184 1369 2329 2320 2251 1703 1731 2329 1487 1410 2329
1050 269 161 2060 1025 0 2164 0 0 269 1809 300 391 0 2060 1994 1617 2060 1194 269 2060 960 2060 257 269 1331 269 1288 2060 2060 2060 2011 2060 1922 740 269 2060 299 269 0 269 2060 910 2060 2329 2060 269 2060 140 1638 2060 2051 1982 1434 1462 2060 1218 1679 2060
1319 0 161 2329 756 0 2225 0 52 0 2078 31 122 0 2329 2263 1886 2329 1463 0 2329 1229 2329 257 0 1600 0 1557 2329 2329 2329 2280 2329 2191 758 0 2329 30 0 0 0 2329 641 2329 2060 2329 0 2329 184 1369 2329 2320 2251 1703 1731 2329 1487 1410 2329
0 2329 0 0 964 0 104 0 0 2329 0 1408 2207 0 0 0 210 0 0 2329 0 0 0 0 2329 0 2329 0 0 0 0 0 0 0 0 2329 0 1173 1592 0 2329 0 1688 0 269 0 2329 0 0 501 0 0 0 0 0 0 0 919 0
1319 0 161 2329 756 0 2225 0 52 0 2078 31 122 0 2329 2263 1886 2329 1463 0 2329 1229 2329 257 0 1600 0 1557 2329 2329 2329 2280 2329 2191 758 0 2329 30 0 0 0 2329 641 2329 2060 2329 0 2329 184 1369 2329 2320 2251 1703 1731 2329 1487 1410 2329
84 0 140 184 14 256 184 52 58 0 279 0 122 1332 184 118 44 184 45 0 184 106 184 49 0 86 0 46 184 184 184 135 184 192 3 0 184 48 4 53 0 184 140 184 140 184 0 184 2329 6 184 184 106 53 184 184 53 140 184
772 501 0 1369 1431 0 1473 8 8 501 1386 706 501 6 1369 1369 1401 1369 1136 501 1369 634 1369 431 501 1092 501 1230 1369 1369 1369 1369 1369 1231 692 501 1369 510 624 0 501 1369 683 1369 1638 1369 501 1369 6 2329 1369 1360 1369 1376 1083 1369 1160 1452 1369
1319 0 161 2329 756 0 2225 0 52 0 2078 31 122 0 2329 2263 1886 2329 1463 0 2329 1229 2329 257 0 1600 0 1557 2329 2329 2329 2280 2329 2191 758 0 2329 30 0 0 0 2329 641 2329 2060 2329 0 2329 184 1369 2329 2320 2251 1703 1731 2329 1487 1410 2329
1319 0 161 2320 747 0 2216 0 52 0 2069 31 122 0 2320 2254 1877 2320 1454 0 2320 1229 2320 257 0 1591 0 1548 2320 2320 2320 2271 2320 2191 749 0 2320 30 0 0 0 2320 641 2320 2051 2320 0 2320 184 1360 2320 2329 2242 1694 1722 2320 1478 1401 2320
1320 0 83 2251 794 0 2147 0 52 0 2000 69 44 5 2251 2251 1886 2251 1501 0 2251 1232 2251 295 0 1643 0 1557 2251 2251 2251 2251 2251 2113 765 0 2251 30 0 0 0 2251 563 2251 1982 2251 0 2251 106 1369 2251 2242 2329 1713 1653 2251 1525 1332 2251
1374 0 0 1703 1203 0 1599 0 52 0 1703 602 0 27 1703 1703 1816 1703 2034 0 1703 1281 1703 828 0 1908 0 1981 1703 1703 1703 1703 1703 1565 1239 0 1703 0 17 0 0 1703 15 1703 1434 1703 0 1703 53 1376 1703 1694 1713 2329 1515 1703 2058 784 1703
1100 0 161 1731 551 0 1627 0 52 0 1697 31 122 0 1731 1665 1515 1731 1463 0 1731 1434 1731 257 0 1543 0 1515 1731 1731 1731 1682 1731 1593 758 0 1731 126 68 0 0 1731 216 1731 1462 1731 0 1731 184 1083 1731 1722 1653 1515 2329 1731 1487 812 1731
1319 0 161 2329 756 0 2225 0 52 0 2078 31 122 0 2329 2263 1886 2329 1463 0 2329 1229 2329 257 0 1600 0 1557 2329 2329 2329 2280 2329 2191 758 0 2329 30 0 0 0 2329 641 2329 2060 2329 0 2329 184 1369 2329 2320 2251 1703 1731 2329 1487 1410 2329
1270 0 0 1487 1015 0 1383 0 52 0 1487 785 0 9 1487 1487 1600 1487 2217 0 1487 1281 1487 1011 0 1936 0 2061 1487 1487 1487 1487 1487 1349 1376 0 1487 0 8 7 0 1487 0 1487 1218 1487 0 1487 53 1160 1487 1478 1525 2058 1487 1487 2329 568 1487
400 919 161 1410 1675 0 1514 0 0 919 1159 950 1041 0 1410 1344 967 1410 544 919 1410 310 1410 0 919 681 919 638 1410 1410 1410 1361 1410 1272 405 919 1410 949 919 0 919 1410 1560 1410 1679 1410 919 1410 140 1452 1410 1401 1332 784 812 1410 568 2329 1410
1319 0 161 2329 756 0 2225 0 52 0 2078 31 122 0 2329 2263 1886 2329 1463 0 2329 1229 2329 257 0 1600 0 1557 2329 2329 2329 2280 2329 2191 758 0 2329 30 0 0 0 2329 641 2329 2060 2329 0 2329 184 1369 2329 2320 2251 1703 1731 2329 1487 1410 2329
