11772 217 486 1516 2870 2021 397 1471 966 156 2116 2049 1986 2815 663 1104 1098 881 531 3362 1807 1113 1114 3166 2344 4339 523 1273 5543 708 3128 3475 110 3584 1301 4073 2507 1760 222 2281 187 746 3474 632 1714 2906 2923 5247 194 887 1153 2066 1167 190 3297 2309 3553 2789 1344
217 11772 303 612 609 1304 458 1115 752 3291 499 1415 374 109 359 483 190 486 2471 622 707 2098 1027 192 685 630 949 918 571 1136 0 454 1535 281 0 389 736 421 1295 552 4409 384 0 1047 1637 1316 167 198 1053 614 586 1334 1401 4048 442 421 980 1479 220
486 303 11772 447 665 283 780 501 128 462 355 996 142 131 407 152 192 2271 1451 330 543 731 559 198 444 1320 218 1132 654 824 101 739 582 1957 128 437 382 461 202 1130 1596 1126 1763 1568 222 498 2157 1097 582 1849 1970 639 389 752 704 1808 376 332 2031
1516 612 447 11772 402 1368 280 465 2103 320 1546 138 386 1554 41 287 2176 674 690 925 110 1105 25 1312 312 727 354 121 231 1100 534 1712 476 265 1221 559 2327 1329 119 579 332 555 137 785 1905 324 157 711 2477 178 104 56 1169 223 1528 187 1420 408 84
2870 609 665 402 11772 803 1183 190 1126 237 887 841 540 1085 618 96 522 566 587 2470 1728 93 89 1411 591 586 111 1471 2530 468 5 2277 237 2046 666 3751 902 488 271 1348 674 894 235 480 1082 1461 647 1882 447 449 164 68 404 62 813 165 2260 2229 254
2021 1304 283 1368 803 11772 582 298 3211 2908 3068 634 277 1430 2100 1711 6042 340 2156 1137 283 4021 1291 1744 387 307 261 289 1030 96 1661 3366 2092 346 3577 384 2210 2511 504 1503 1359 227 1249 1610 2070 1846 714 703 147 347 350 1397 721 1730 2495 245 4111 1491 601
397 458 780 280 1183 582 11772 598 186 1737 756 318 537 1042 283 759 414 1025 1071 1050 966 366 522 352 592 352 191 1232 312 1416 261 952 313 233 193 711 271 1179 188 306 516 845 282 1313 781 1132 460 866 885 316 323 538 323 644 340 409 116 1296 594
1471 1115 501 465 190 298 598 11772 596 742 1073 1604 1846 586 2061 304 569 545 139 690 350 465 3495 266 3980 2945 559 4337 3328 1051 2742 181 0 3548 248 994 547 294 758 393 886 121 3393 227 781 592 258 2764 1315 1633 1494 2814 288 886 596 1120 512 348 3301
966 752 128 2103 1126 3211 186 596 11772 331 4030 30 99 1981 1310 0 4436 687 287 1324 73 1952 0 2747 512 992 179 99 373 695 0 2198 0 178 4076 1129 2530 3062 2514 680 0 1874 491 488 2246 295 0 831 51 681 0 0 1680 0 3644 163 4290 193 624
156 3291 462 320 237 2908 1737 742 331 11772 419 587 225 501 3417 972 2538 164 2415 644 381 1854 1423 411 693 523 509 1192 452 1384 3026 982 2460 594 591 143 88 219 222 535 2964 400 173 1232 830 2264 41 863 557 431 305 712 101 2713 333 116 106 1046 563
2116 499 355 1546 887 3068 756 1073 4030 419 11772 1605 797 1791 85 674 3783 399 1090 1326 590 1736 513 2090 1669 1213 851 573 776 496 478 2372 729 692 4683 881 1345 2314 527 525 617 363 1094 389 2132 485 789 1279 256 772 369 521 557 517 3046 803 2728 697 532
2049 1415 996 138 841 634 318 1604 30 587 1605 11772 1025 695 881 551 97 993 1158 633 1211 1587 2138 377 1959 1878 433 1893 1933 1483 1008 1273 0 1534 148 360 588 472 209 727 1419 369 1462 314 176 718 786 2293 25 673 638 1523 302 1311 1041 1392 0 768 1761
1986 374 142 386 540 277 537 1846 99 225 797 1025 11772 2925 32 492 43 454 394 2140 1061 216 1359 433 2408 2707 445 1494 1951 720 1431 246 335 1689 385 339 324 191 121 277 684 500 1522 401 1062 170 471 2756 2342 1503 1522 1626 299 366 1069 649 425 1098 1570
2815 109 131 1554 1085 1430 1042 586 1981 501 1791 695 2925 11772 1592 380 1546 848 772 2146 1618 1381 585 1009 2479 1183 136 526 2568 1545 535 1866 380 2116 2674 2652 1893 1505 796 1568 526 564 2177 861 1657 488 135 1787 238 421 359 396 965 122 3066 562 1190 1932 1013
663 359 407 41 618 2100 283 2061 1310 3417 85 881 32 1592 11772 704 2651 857 523 580 483 350 1707 83 2185 1008 408 1991 1864 1839 4238 641 65 1726 176 2651 1095 298 99 546 329 472 2138 1125 139 1106 572 1071 96 361 235 475 56 475 1326 385 59 418 1784
1104 483 152 287 96 1711 759 304 0 972 674 551 492 380 704 11772 351 722 785 339 748 203 803 336 37 591 3385 757 537 163 1087 1547 3290 534 810 424 1045 1980 835 1747 1780 1524 1454 210 0 1617 4960 1195 73 4413 3753 1143 4509 3124 373 4311 433 925 2737
1098 190 192 2176 522 6042 414 569 4436 2538 3783 97 43 1546 2651 351 11772 530 1377 1231 214 2505 581 1746 333 308 408 152 443 710 1573 2486 893 110 3684 239 1336 2710 504 424 33 131 275 1134 2120 671 132 132 0 0 43 145 654 265 2389 24 2975 22 58
881 486 2271 674 566 340 1025 545 687 164 399 993 454 848 857 722 530 11772 1324 979 602 76 784 869 1004 1141 229 1697 1166 474 896 589 424 2326 537 843 196 1063 975 1174 1054 1158 2819 1147 657 677 2457 528 735 2415 2302 67 1310 681 846 2566 475 667 2290
531 2471 1451 690 587 2156 1071 139 287 2415 1090 1158 394 772 523 785 1377 1324 11772 885 1018 1899 655 379 863 520 126 1204 916 1333 13 1030 1639 2394 816 814 334 442 183 1328 1570 819 1497 1536 432 1096 1936 243 954 1099 1124 468 84 1628 347 1132 456 1271 1460
3362 622 330 925 2470 1137 1050 690 1324 644 1326 633 2140 2146 580 339 1231 979 885 11772 1300 366 390 817 688 1924 615 254 1852 1220 67 1449 333 602 860 1817 441 1358 325 849 624 807 89 1076 2220 1667 576 2805 582 269 236 93 792 472 2094 224 1747 2652 42
1807 707 543 110 1728 283 966 350 73 381 590 1211 1061 1618 483 748 214 602 1018 1300 11772 563 431 598 1162 1337 559 980 1691 1040 420 2093 649 1146 459 1110 249 630 887 1814 551 535 394 444 429 716 514 2015 1231 683 538 607 364 411 764 461 933 1331 1247
1113 2098 731 1105 93 4021 366 465 1952 1854 1736 1587 216 1381 350 203 2505 76 1899 366 563 11772 2922 1494 351 774 151 795 576 617 702 2729 910 352 2244 132 1872 2175 6 2118 3346 387 401 1223 2918 1793 116 124 0 280 712 1220 754 4499 2577 241 2004 886 401
1114 1027 559 25 89 1291 522 3495 0 1423 513 2138 1359 585 1707 803 581 784 655 390 431 2922 11772 380 3484 2927 128 3707 3452 886 2434 163 762 3526 55 1022 985 58 0 1477 1565 281 4086 1032 507 976 199 2263 898 1966 2408 2223 45 2993 666 1565 379 753 3787
3166 192 198 1312 1411 1744 352 266 2747 411 2090 377 433 1009 83 336 1746 869 379 817 598 1494 380 11772 384 1433 591 168 1457 804 1254 2009 986 755 1533 1396 1513 2183 110 837 527 753 1236 1197 1486 1518 1621 1000 61 184 467 236 843 429 3024 1421 2112 1750 162
2344 685 444 312 591 387 592 3980 512 693 1669 1959 2408 2479 2185 37 333 1004 863 688 1162 351 3484 384 11772 3727 134 3413 4821 952 2838 249 1255 4635 1686 2410 144 296 21 597 457 400 4954 671 837 276 304 3310 1567 1991 1810 2326 52 268 1140 1511 50 636 3724
4339 630 1320 727 586 307 352 2945 992 523 1213 1878 2707 1183 1008 591 308 1141 520 1924 1337 774 2927 1433 3727 11772 686 2829 3722 498 3239 530 195 2923 355 671 439 779 258 286 902 432 3719 952 771 1594 1510 4560 940 1974 1951 2667 529 956 1822 2271 169 1304 2536
523 949 218 354 111 261 191 559 179 509 851 433 445 136 408 3385 408 229 126 615 559 151 128 591 134 686 11772 130 320 396 434 698 155 23 863 1575 1103 1777 1071 60 1327 1735 770 282 856 551 2309 815 167 3506 3067 64 5511 1132 311 3296 1546 594 2600
1273 918 1132 121 1471 289 1232 4337 99 1192 573 1893 1494 526 1991 757 152 1697 1204 254 980 795 3707 168 3413 2829 130 11772 3404 819 2811 479 411 3997 167 926 129 996 555 37 1199 767 3687 384 1168 648 757 2549 1233 2494 2501 2709 160 1087 304 1886 257 316 3841
5543 571 654 231 2530 1030 312 3328 373 452 776 1933 1951 2568 1864 537 443 1166 916 1852 1691 576 3452 1457 4821 3722 320 3404 11772 1423 3337 2175 461 6268 1282 4988 835 579 22 1394 247 114 5663 335 621 2028 1556 4582 1092 2092 1562 2637 490 461 1251 1709 1931 2044 3472
708 1136 824 1100 468 96 1416 1051 695 1384 496 1483 720 1545 1839 163 710 474 1333 1220 1040 617 886 804 952 498 396 819 1423 11772 741 1135 241 673 191 1011 84 377 57 326 601 256 836 971 1249 956 565 495 176 38 20 0 171 409 1414 92 294 1583 613
3128 0 101 534 5 1661 261 2742 0 3026 478 1008 1431 535 4238 1087 1573 896 13 67 420 702 2434 1254 2838 3239 434 2811 3337 741 11772 272 192 2317 476 798 1154 10 2 903 423 302 4107 475 150 2017 2392 3187 1960 1751 1986 3215 0 592 2468 2245 0 1101 2648
3475 454 739 1712 2277 3366 952 181 2198 982 2372 1273 246 1866 641 1547 2486 589 1030 1449 2093 2729 163 2009 249 530 698 479 2175 1135 272 11772 1531 1712 2582 2083 1489 3228 273 2329 599 1000 269 790 2015 1216 966 1636 543 605 433 735 1502 1111 2605 696 3474 1109 276
110 1535 582 476 237 2092 313 0 0 2460 729 0 335 380 65 3290 893 424 1639 333 649 910 762 986 1255 195 155 411 461 241 192 1531 11772 409 193 0 487 433 777 1807 1839 1160 0 1450 939 430 1344 156 425 1241 1167 1356 1236 2708 341 730 0 828 201
3584 281 1957 265 2046 346 233 3548 178 594 692 1534 1689 2116 1726 534 110 2326 2394 602 1146 352 3526 755 4635 2923 23 3997 6268 673 2317 1712 409 11772 1136 4319 188 1088 47 1543 138 1044 6736 1074 0 619 3248 2785 2070 3930 3926 2154 68 242 197 3738 1977 1002 5504
1301 0 128 1221 666 3577 193 248 4076 591 4683 148 385 2674 176 810 3684 537 816 860 459 2244 55 1533 1686 355 863 167 1282 191 476 2582 193 1136 11772 1082 1500 2663 504 1133 346 269 1425 519 2192 117 593 227 471 1262 250 0 1485 292 2960 641 4058 134 857
4073 389 437 559 3751 384 711 994 1129 143 881 360 339 2652 2651 424 239 843 814 1817 1110 132 1022 1396 2410 671 1575 926 4988 1011 798 2083 0 4319 1082 11772 1605 1067 3 1286 647 1132 3270 684 278 1705 1511 1941 936 318 756 954 344 47 853 676 2007 2014 1570
2507 736 382 2327 902 2210 271 547 2530 88 1345 588 324 1893 1095 1045 1336 196 334 441 249 1872 985 1513 144 439 1103 129 835 84 1154 1489 487 188 1500 1605 11772 1781 418 1534 565 596 1167 949 1397 824 1108 1067 1064 531 691 665 1551 538 2697 643 2243 803 361
1760 421 461 1329 488 2511 1179 294 3062 219 2314 472 191 1505 298 1980 2710 1063 442 1358 630 2175 58 2183 296 779 1777 996 579 377 10 3228 433 1088 2663 1067 1781 11772 608 792 1008 1162 617 624 2329 550 1512 876 530 2178 2229 144 2644 1381 2646 2483 2804 938 932
222 1295 202 119 271 504 188 758 2514 222 527 209 121 796 99 835 504 975 183 325 887 6 0 110 21 258 1071 555 22 57 2 273 777 47 504 3 418 608 11772 328 254 1210 0 56 604 652 649 305 344 34 25 2 2377 827 600 299 2815 27 0
2281 552 1130 579 1348 1503 306 393 680 535 525 727 277 1568 546 1747 424 1174 1328 849 1814 2118 1477 837 597 286 60 37 1394 326 903 2329 1807 1543 1133 1286 1534 792 328 11772 2896 1766 39 599 247 190 1158 855 634 1247 1087 1120 1503 2634 362 835 2948 1529 529
187 4409 1596 332 674 1359 516 886 0 2964 617 1419 684 526 329 1780 33 1054 1570 624 551 3346 1565 527 457 902 1327 1199 247 601 423 599 1839 138 346 647 565 1008 254 2896 11772 1470 0 972 1473 1667 61 143 677 1892 1923 1824 2187 5506 413 1362 0 1484 644
746 384 1126 555 894 227 845 121 1874 400 363 369 500 564 472 1524 131 1158 819 807 535 387 281 753 400 432 1735 767 114 256 302 1000 1160 1044 269 1132 596 1162 1210 1766 1470 11772 975 457 205 624 1146 578 923 1937 1651 484 2290 1768 327 1730 1277 716 880
3474 0 1763 137 235 1249 282 3393 491 173 1094 1462 1522 2177 2138 1454 275 2819 1497 89 394 401 4086 1236 4954 3719 770 3687 5663 836 4107 269 0 6736 1425 3270 1167 617 0 39 0 975 11772 2208 0 1328 4788 3049 1942 5115 5369 2752 687 0 909 5714 55 1109 7320
632 1047 1568 785 480 1610 1313 227 488 1232 389 314 401 861 1125 210 1134 1147 1536 1076 444 1223 1032 1197 671 952 282 384 335 971 475 790 1450 1074 519 684 949 624 56 599 972 457 2208 11772 897 1298 1332 753 944 1676 2147 355 453 763 636 1825 329 1232 1824
1714 1637 222 1905 1082 2070 781 781 2246 830 2132 176 1062 1657 139 0 2120 657 432 2220 429 2918 507 1486 837 771 856 1168 621 1249 150 2015 939 0 2192 278 1397 2329 604 247 1473 205 0 897 11772 1419 57 828 523 34 0 1212 1485 1398 2543 24 2398 645 0
2906 1316 498 324 1461 1846 1132 592 295 2264 485 718 170 488 1106 1617 671 677 1096 1667 716 1793 976 1518 276 1594 551 648 2028 956 2017 1216 430 619 117 1705 824 550 652 190 1667 624 1328 1298 1419 11772 2405 1972 203 217 22 1409 914 1439 1001 975 973 1615 275
2923 167 2157 157 647 714 460 258 0 41 789 786 471 135 572 4960 132 2457 1936 576 514 116 199 1621 304 1510 2309 757 1556 565 2392 966 1344 3248 593 1511 1108 1512 649 1158 61 1146 4788 1332 57 2405 11772 1240 1282 4708 4647 964 2460 1356 1326 6247 411 1262 4505
5247 198 1097 711 1882 703 866 2764 831 863 1279 2293 2756 1787 1071 1195 132 528 243 2805 2015 124 2263 1000 3310 4560 815 2549 4582 495 3187 1636 156 2785 227 1941 1067 876 305 855 143 578 3049 753 828 1972 1240 11772 1465 2473 1925 3121 532 0 1631 1712 463 1665 2940
194 1053 582 2477 447 147 885 1315 51 557 256 25 2342 238 96 73 0 735 954 582 1231 0 898 61 1567 940 167 1233 1092 176 1960 543 425 2070 471 936 1064 530 344 634 677 923 1942 944 523 203 1282 1465 11772 1935 1918 1028 487 25 1188 996 178 796 2640
887 614 1849 178 449 347 316 1633 681 431 772 673 1503 421 361 4413 0 2415 1099 269 683 280 1966 184 1991 1974 3506 2494 2092 38 1751 605 1241 3930 1262 318 531 2178 34 1247 1892 1937 5115 1676 34 217 4708 2473 1935 11772 8212 2237 4585 1439 468 7228 0 897 6813
1153 586 1970 104 164 350 323 1494 0 305 369 638 1522 359 235 3753 43 2302 1124 236 538 712 2408 467 1810 1951 3067 2501 1562 20 1986 433 1167 3926 250 756 691 2229 25 1087 1923 1651 5369 2147 0 22 4647 1925 1918 8212 11772 1983 3981 1726 284 7107 0 1240 6095
2066 1334 639 56 68 1397 538 2814 0 712 521 1523 1626 396 475 1143 145 67 468 93 607 1220 2223 236 2326 2667 64 2709 2637 0 3215 735 1356 2154 0 954 665 144 2 1120 1824 484 2752 355 1212 1409 964 3121 1028 2237 1983 11772 490 1536 239 1622 0 356 2634
1167 1401 389 1169 404 721 323 288 1680 101 557 302 299 965 56 4509 654 1310 84 792 364 754 45 843 52 529 5511 160 490 171 0 1502 1236 68 1485 344 1551 2644 2377 1503 2187 2290 687 453 1485 914 2460 532 487 4585 3981 490 11772 1311 1422 4046 3239 861 2517
190 4048 752 223 62 1730 644 886 0 2713 517 1311 366 122 475 3124 265 681 1628 472 411 4499 2993 429 268 956 1132 1087 461 409 592 1111 2708 242 292 47 538 1381 827 2634 5506 1768 0 763 1398 1439 1356 0 25 1439 1726 1536 1311 11772 408 1351 0 1186 181
3297 442 704 1528 813 2495 340 596 3644 333 3046 1041 1069 3066 1326 373 2389 846 347 2094 764 2577 666 3024 1140 1822 311 304 1251 1414 2468 2605 341 197 2960 853 2697 2646 600 362 413 327 909 636 2543 1001 1326 1631 1188 468 284 239 1422 408 11772 1193 2594 1202 0
2309 421 1808 187 165 245 409 1120 163 116 803 1392 649 562 385 4311 24 2566 1132 224 461 241 1565 1421 1511 2271 3296 1886 1709 92 2245 696 730 3738 641 676 643 2483 299 835 1362 1730 5714 1825 24 975 6247 1712 996 7228 7107 1622 4046 1351 1193 11772 24 1243 6070
3553 980 376 1420 2260 4111 116 512 4290 106 2728 0 425 1190 59 433 2975 475 456 1747 933 2004 379 2112 50 169 1546 257 1931 294 0 3474 0 1977 4058 2007 2243 2804 2815 2948 0 1277 55 329 2398 973 411 463 178 0 0 0 3239 0 2594 24 11772 1650 41
2789 1479 332 408 2229 1491 1296 348 193 1046 697 768 1098 1932 418 925 22 667 1271 2652 1331 886 753 1750 636 1304 594 316 2044 1583 1101 1109 828 1002 134 2014 803 938 27 1529 1484 716 1109 1232 645 1615 1262 1665 796 897 1240 356 861 1186 1202 1243 1650 11772 590
1344 220 2031 84 254 601 594 3301 624 563 532 1761 1570 1013 1784 2737 58 2290 1460 42 1247 401 3787 162 3724 2536 2600 3841 3472 613 2648 276 201 5504 857 1570 361 932 0 529 644 880 7320 1824 0 275 4505 2940 2640 6813 6095 2634 2517 181 0 6070 41 590 11772
