1686 0 3 620 151 90 478 124 26 121 89 620 167 468 611 0 588 124 127 545 175 692 620 0 77 0 620 0 0 62 620 124 201 620 620 620 0 0 46 0 545 0 483 80 620 620 0 620 0 0 620 250 620 681 0 620 575 45 97
0 1686 1346 0 10 4 1040 3 27 10 577 0 37 53 82 1634 0 3 4 535 0 0 0 1634 759 1634 0 1634 1634 92 0 3 241 0 0 0 1634 1634 3 1634 1002 1634 0 821 0 0 1634 0 1634 1634 0 846 0 36 1634 0 129 1180 747
3 1346 1686 0 2 1 752 0 0 2 550 0 37 50 0 1346 0 0 25 247 1 6 0 1346 759 1346 0 1346 1346 92 0 0 241 0 0 0 1346 1346 0 1346 714 1346 2 533 0 0 1346 0 1346 1346 0 846 0 0 1346 0 0 1178 747
620 0 0 1686 33 104 527 0 0 0 743 1686 1222 358 1552 0 1654 0 0 1099 358 1225 1686 0 745 0 1686 0 0 768 1686 0 1174 1686 1686 1686 0 0 0 0 632 0 1104 257 1686 1686 0 1686 0 0 1686 547 1686 800 0 1686 1505 3 531
151 10 2 33 1686 8 47 1 1 1534 41 33 13 0 33 0 1 1 140 33 57 81 33 0 14 0 33 0 0 1 33 1 31 33 33 33 0 0 66 0 33 0 33 222 33 33 0 33 0 0 33 68 33 375 0 33 33 259 322
90 4 1 104 8 1686 5 64 2 7 9 104 100 12 104 0 120 64 679 5 316 80 104 0 133 0 104 0 0 64 104 64 104 104 104 104 0 0 317 0 5 0 118 1 104 104 0 104 0 0 104 6 104 62 0 104 104 85 99
478 1040 752 527 47 5 1686 17 3 14 141 527 108 374 661 1092 495 17 0 1114 48 527 527 1092 165 1092 527 1092 1092 129 527 17 126 527 527 527 1092 1092 0 1092 1581 1092 459 893 527 527 1092 527 1092 1092 527 658 527 536 1092 527 708 582 153
124 3 0 0 1 64 17 1686 0 0 1 0 48 1243 0 0 27 1686 56 0 22 37 0 0 17 0 0 0 0 820 0 1686 2 0 0 0 0 0 281 0 0 0 82 68 0 0 0 0 0 0 0 19 0 120 0 0 0 12 29
26 27 0 0 1 2 3 0 1686 0 279 0 0 0 0 0 1 0 15 0 4 2 0 0 0 0 0 0 0 0 0 0 0 0 0 0 0 0 3 0 0 0 21 4 0 0 0 0 0 0 0 2 0 0 0 0 0 6 6
121 10 2 0 1534 7 14 0 0 1686 107 0 13 0 0 0 3 0 140 0 100 55 0 0 14 0 0 0 0 0 0 0 0 0 0 0 0 0 87 0 0 0 1 265 0 0 0 0 0 0 0 177 0 342 0 0 0 368 322
89 577 550 743 41 9 141 1 279 107 1686 743 780 51 743 550 743 1 15 655 149 477 743 550 796 550 743 550 550 517 743 1 843 743 743 743 550 550 35 550 188 550 603 234 743 743 550 743 550 550 743 686 743 19 550 743 743 607 582
620 0 0 1686 33 104 527 0 0 0 743 1686 1222 358 1552 0 1654 0 0 1099 358 1225 1686 0 745 0 1686 0 0 768 1686 0 1174 1686 1686 1686 0 0 0 0 632 0 1104 257 1686 1686 0 1686 0 0 1686 547 1686 800 0 1686 1505 3 531
167 37 37 1222 13 100 108 48 0 13 780 1222 1686 84 1088 37 1222 48 0 635 365 761 1222 37 782 37 1222 37 37 816 1222 48 1067 1222 1222 1222 37 37 0 37 168 37 656 208 1222 1222 37 1222 37 37 1222 461 1222 336 37 1222 1041 40 568
468 53 50 358 0 12 374 1243 0 0 51 358 84 1686 358 50 358 1243 56 358 22 395 358 50 67 50 358 50 50 377 358 1243 78 358 358 358 50 50 281 50 358 50 440 57 358 358 50 358 50 50 358 117 358 478 50 358 358 62 79
611 82 0 1552 33 104 661 0 0 0 743 1552 1088 358 1686 134 1520 0 0 1233 320 1091 1552 134 611 134 1552 134 134 634 1552 0 1040 1552 1552 1552 134 134 0 134 766 134 1104 391 1552 1552 134 1552 134 134 1552 434 1552 842 134 1552 1639 3 397
0 1634 1346 0 0 0 1092 0 0 0 550 0 37 50 134 1686 0 0 0 587 48 0 0 1686 759 1686 0 1686 1686 92 0 0 241 0 0 0 1686 1686 0 1686 1054 1686 0 873 0 0 1686 0 1686 1686 0 851 0 88 1686 0 181 1176 747
588 0 0 1654 1 120 495 27 1 3 743 1654 1222 358 1520 0 1686 27 0 1067 361 1193 1654 0 745 0 1654 0 0 795 1654 27 1144 1654 1654 1654 0 0 0 0 600 0 1072 260 1654 1654 0 1654 0 0 1654 547 1654 768 0 1654 1473 3 531
124 3 0 0 1 64 17 1686 0 0 1 0 48 1243 0 0 27 1686 56 0 22 37 0 0 17 0 0 0 0 820 0 1686 2 0 0 0 0 0 281 0 0 0 82 68 0 0 0 0 0 0 0 19 0 120 0 0 0 12 29
127 4 25 0 140 679 0 56 15 140 15 0 0 56 0 0 0 56 1686 0 316 91 0 0 0 0 0 0 0 0 0 56 0 0 0 0 0 0 480 0 0 0 40 59 0 0 0 0 0 0 0 0 0 0 0 0 0 104 0
545 535 247 1099 33 5 1114 0 0 0 655 1099 635 358 1233 587 1067 0 0 1686 196 826 1099 587 158 587 1099 587 587 589 1099 0 587 1099 1099 1099 587 587 0 587 1219 587 930 844 1099 1099 587 1099 587 587 1099 470 1099 603 587 1099 1280 77 9
175 0 1 358 57 316 48 22 4 100 149 358 365 22 320 48 361 22 316 196 1686 163 358 48 211 48 358 48 48 366 358 22 358 358 358 358 48 48 511 48 48 48 152 168 358 358 48 358 48 48 358 160 358 220 48 358 273 1 218
692 0 6 1225 81 80 527 37 2 55 477 1225 761 395 1091 0 1193 37 91 826 163 1686 1225 0 495 0 1225 0 0 455 1225 37 713 1225 1225 1225 0 0 14 0 632 0 885 184 1225 1225 0 1225 0 0 1225 522 1225 730 0 1225 1044 22 344
620 0 0 1686 33 104 527 0 0 0 743 1686 1222 358 1552 0 1654 0 0 1099 358 1225 1686 0 745 0 1686 0 0 768 1686 0 1174 1686 1686 1686 0 0 0 0 632 0 1104 257 1686 1686 0 1686 0 0 1686 547 1686 800 0 1686 1505 3 531
0 1634 1346 0 0 0 1092 0 0 0 550 0 37 50 134 1686 0 0 0 587 48 0 0 1686 759 1686 0 1686 1686 92 0 0 241 0 0 0 1686 1686 0 1686 1054 1686 0 873 0 0 1686 0 1686 1686 0 851 0 88 1686 0 181 1176 747
77 759 759 745 14 133 165 17 0 14 796 745 782 67 611 759 745 17 0 158 211 495 745 759 1686 759 745 759 759 401 745 17 986 745 745 745 759 759 46 759 127 759 269 12 745 745 759 745 759 759 745 588 745 293 759 745 564 762 1291
0 1634 1346 0 0 0 1092 0 0 0 550 0 37 50 134 1686 0 0 0 587 48 0 0 1686 759 1686 0 1686 1686 92 0 0 241 0 0 0 1686 1686 0 1686 1054 1686 0 873 0 0 1686 0 1686 1686 0 851 0 88 1686 0 181 1176 747
620 0 0 1686 33 104 527 0 0 0 743 1686 1222 358 1552 0 1654 0 0 1099 358 1225 1686 0 745 0 1686 0 0 768 1686 0 1174 1686 1686 1686 0 0 0 0 632 0 1104 257 1686 1686 0 1686 0 0 1686 547 1686 800 0 1686 1505 3 531
0 1634 1346 0 0 0 1092 0 0 0 550 0 37 50 134 1686 0 0 0 587 48 0 0 1686 759 1686 0 1686 1686 92 0 0 241 0 0 0 1686 1686 0 1686 1054 1686 0 873 0 0 1686 0 1686 1686 0 851 0 88 1686 0 181 1176 747
0 1634 1346 0 0 0 1092 0 0 0 550 0 37 50 134 1686 0 0 0 587 48 0 0 1686 759 1686 0 1686 1686 92 0 0 241 0 0 0 1686 1686 0 1686 1054 1686 0 873 0 0 1686 0 1686 1686 0 851 0 88 1686 0 181 1176 747
62 92 92 768 1 64 129 820 0 0 517 768 816 377 634 92 795 820 0 589 366 455 768 92 401 92 768 92 92 1686 768 820 706 768 768 768 92 92 29 92 150 92 508 314 768 768 92 768 92 92 768 434 768 284 92 768 587 105 266
620 0 0 1686 33 104 527 0 0 0 743 1686 1222 358 1552 0 1654 0 0 1099 358 1225 1686 0 745 0 1686 0 0 768 1686 0 1174 1686 1686 1686 0 0 0 0 632 0 1104 257 1686 1686 0 1686 0 0 1686 547 1686 800 0 1686 1505 3 531
124 3 0 0 1 64 17 1686 0 0 1 0 48 1243 0 0 27 1686 56 0 22 37 0 0 17 0 0 0 0 820 0 1686 2 0 0 0 0 0 281 0 0 0 82 68 0 0 0 0 0 0 0 19 0 120 0 0 0 12 29
201 241 241 1174 31 104 126 2 0 0 843 1174 1067 78 1040 241 1144 2 0 587 358 713 1174 241 986 241 1174 241 241 706 1174 2 1686 1174 1174 1174 241 241 0 241 126 241 698 184 1174 1174 241 1174 241 241 1174 519 1174 411 241 1174 993 244 772
620 0 0 1686 33 104 527 0 0 0 743 1686 1222 358 1552 0 1654 0 0 1099 358 1225 1686 0 745 0 1686 0 0 768 1686 0 1174 1686 1686 1686 0 0 0 0 632 0 1104 257 1686 1686 0 1686 0 0 1686 547 1686 800 0 1686 1505 3 531
620 0 0 1686 33 104 527 0 0 0 743 1686 1222 358 1552 0 1654 0 0 1099 358 1225 1686 0 745 0 1686 0 0 768 1686 0 1174 1686 1686 1686 0 0 0 0 632 0 1104 257 1686 1686 0 1686 0 0 1686 547 1686 800 0 1686 1505 3 531
620 0 0 1686 33 104 527 0 0 0 743 1686 1222 358 1552 0 1654 0 0 1099 358 1225 1686 0 745 0 1686 0 0 768 1686 0 1174 1686 1686 1686 0 0 0 0 632 0 1104 257 1686 1686 0 1686 0 0 1686 547 1686 800 0 1686 1505 3 531
0 1634 1346 0 0 0 1092 0 0 0 550 0 37 50 134 1686 0 0 0 587 48 0 0 1686 759 1686 0 1686 1686 92 0 0 241 0 0 0 1686 1686 0 1686 1054 1686 0 873 0 0 1686 0 1686 1686 0 851 0 88 1686 0 181 1176 747
0 1634 1346 0 0 0 1092 0 0 0 550 0 37 50 134 1686 0 0 0 587 48 0 0 1686 759 1686 0 1686 1686 92 0 0 241 0 0 0 1686 1686 0 1686 1054 1686 0 873 0 0 1686 0 1686 1686 0 851 0 88 1686 0 181 1176 747
46 3 0 0 66 317 0 281 3 87 35 0 0 281 0 0 0 281 480 0 511 14 0 0 46 0 0 0 0 29 0 281 0 0 0 0 0 0 1686 0 0 0 2 0 0 0 0 0 0 0 0 49 0 52 0 0 0 35 11
0 1634 1346 0 0 0 1092 0 0 0 550 0 37 50 134 1686 0 0 0 587 48 0 0 1686 759 1686 0 1686 1686 92 0 0 241 0 0 0 1686 1686 0 1686 1054 1686 0 873 0 0 1686 0 1686 1686 0 851 0 88 1686 0 181 1176 747
545 1002 714 632 33 5 1581 0 0 0 188 632 168 358 766 1054 600 0 0 1219 48 632 632 1054 127 1054 632 1054 1054 150 632 0 126 632 632 632 1054 1054 0 1054 1686 1054 526 952 632 632 1054 632 1054 1054 632 763 632 603 1054 632 813 544 115
0 1634 1346 0 0 0 1092 0 0 0 550 0 37 50 134 1686 0 0 0 587 48 0 0 1686 759 1686 0 1686 1686 92 0 0 241 0 0 0 1686 1686 0 1686 1054 1686 0 873 0 0 1686 0 1686 1686 0 851 0 88 1686 0 181 1176 747
483 0 2 1104 33 118 459 82 21 1 603 1104 656 440 1104 0 1072 82 40 930 152 885 1104 0 269 0 1104 0 0 508 1104 82 698 1104 1104 1104 0 0 2 0 526 0 1686 233 1104 1104 0 1104 0 0 1104 256 1104 511 0 1104 1104 63 118
80 821 533 257 222 1 893 68 4 265 234 257 208 57 391 873 260 68 59 844 168 184 257 873 12 873 257 873 873 314 257 68 184 257 257 257 873 873 0 873 952 873 233 1686 257 257 873 257 873 873 257 560 257 194 873 257 438 363 9
620 0 0 1686 33 104 527 0 0 0 743 1686 1222 358 1552 0 1654 0 0 1099 358 1225 1686 0 745 0 1686 0 0 768 1686 0 1174 1686 1686 1686 0 0 0 0 632 0 1104 257 1686 1686 0 1686 0 0 1686 547 1686 800 0 1686 1505 3 531
620 0 0 1686 33 104 527 0 0 0 743 1686 1222 358 1552 0 1654 0 0 1099 358 1225 1686 0 745 0 1686 0 0 768 1686 0 1174 1686 1686 1686 0 0 0 0 632 0 1104 257 1686 1686 0 1686 0 0 1686 547 1686 800 0 1686 1505 3 531
0 1634 1346 0 0 0 1092 0 0 0 550 0 37 50 134 1686 0 0 0 587 48 0 0 1686 759 1686 0 1686 1686 92 0 0 241 0 0 0 1686 1686 0 1686 1054 1686 0 873 0 0 1686 0 1686 1686 0 851 0 88 1686 0 181 1176 747
620 0 0 1686 33 104 527 0 0 0 743 1686 1222 358 1552 0 1654 0 0 1099 358 1225 1686 0 745 0 1686 0 0 768 1686 0 1174 1686 1686 1686 0 0 0 0 632 0 1104 257 1686 1686 0 1686 0 0 1686 547 1686 800 0 1686 1505 3 531
0 1634 1346 0 0 0 1092 0 0 0 550 0 37 50 134 1686 0 0 0 587 48 0 0 1686 759 1686 0 1686 1686 92 0 0 241 0 0 0 1686 1686 0 1686 1054 1686 0 873 0 0 1686 0 1686 1686 0 851 0 88 1686 0 181 1176 747
0 1634 1346 0 0 0 1092 0 0 0 550 0 37 50 134 1686 0 0 0 587 48 0 0 1686 759 1686 0 1686 1686 92 0 0 241 0 0 0 1686 1686 0 1686 1054 1686 0 873 0 0 1686 0 1686 1686 0 851 0 88 1686 0 181 1176 747
620 0 0 1686 33 104 527 0 0 0 743 1686 1222 358 1552 0 1654 0 0 1099 358 1225 1686 0 745 0 1686 0 0 768 1686 0 1174 1686 1686 1686 0 0 0 0 632 0 1104 257 1686 1686 0 1686 0 0 1686 547 1686 800 0 1686 1505 3 531
250 846 846 547 68 6 658 19 2 177 686 547 461 117 434 851 547 19 0 470 160 522 547 851 588 851 547 851 851 434 547 19 519 547 547 547 851 851 49 851 763 851 256 560 547 547 851 547 851 851 547 1686 547 275 851 547 400 1001 576
620 0 0 1686 33 104 527 0 0 0 743 1686 1222 358 1552 0 1654 0 0 1099 358 1225 1686 0 745 0 1686 0 0 768 1686 0 1174 1686 1686 1686 0 0 0 0 632 0 1104 257 1686 1686 0 1686 0 0 1686 547 1686 800 0 1686 1505 3 531
681 36 0 800 375 62 536 120 0 342 19 800 336 478 842 88 768 120 0 603 220 730 800 88 293 88 800 88 88 284 800 120 411 800 800 800 88 88 52 88 603 88 511 194 800 800 88 800 88 88 800 275 800 1686 88 800 795 2 413
0 1634 1346 0 0 0 1092 0 0 0 550 0 37 50 134 1686 0 0 0 587 48 0 0 1686 759 1686 0 1686 1686 92 0 0 241 0 0 0 1686 1686 0 1686 1054 1686 0 873 0 0 1686 0 1686 1686 0 851 0 88 1686 0 181 1176 747
620 0 0 1686 33 104 527 0 0 0 743 1686 1222 358 1552 0 1654 0 0 1099 358 1225 1686 0 745 0 1686 0 0 768 1686 0 1174 1686 1686 1686 0 0 0 0 632 0 1104 257 1686 1686 0 1686 0 0 1686 547 1686 800 0 1686 1505 3 531
575 129 0 1505 33 104 708 0 0 0 743 1505 1041 358 1639 181 1473 0 0 1280 273 1044 1505 181 564 181 1505 181 181 587 1505 0 993 1505 1505 1505 181 181 0 181 813 181 1104 438 1505 1505 181 1505 181 181 1505 400 1505 795 181 1505 1686 3 350
45 1180 1178 3 259 85 582 12 6 368 607 3 40 62 3 1176 3 12 104 77 1 22 3 1176 762 1176 3 1176 1176 105 3 12 244 3 3 3 1176 1176 35 1176 544 1176 63 363 3 3 1176 3 1176 1176 3 1001 3 2 1176 3 3 1686 750
97 747 747 531 322 99 153 29 6 322 582 531 568 79 397 747 531 29 0 9 218 344 531 747 1291 747 531 747 747 266 531 29 772 531 531 531 747 747 11 747 115 747 118 9 531 531 747 531 747 747 531 576 531 413 747 531 350 750 1686
