2209 0 4 245 42 1655 965 1301 13 728 0 823 772 670 1759 376 0 1868 2026 1628 31 96 2026 2026 1999 1937 0 1928 2026 51 2026 1942 1410 0 2026 342 0 0 915 3 137 2026 378 2 734 0 1814 0 2000 0 1 1387 2026 0 70 1099 2026 2026 1624
0 2209 0 114 0 0 257 0 0 120 2209 1203 586 586 395 0 2209 56 0 292 2178 0 0 0 0 0 2040 88 0 0 0 0 0 2209 0 16 2209 2209 849 0 1162 0 0 0 1188 2209 34 2209 0 2209 0 310 0 2209 1541 927 0 0 0
4 0 2209 4 2 38 15 3 0 126 0 2 4 4 2 240 0 6 4 4 0 8 4 4 4 4 6 4 4 58 4 4 25 0 4 159 0 0 2 677 1 4 119 0 3 0 6 0 4 0 555 5 4 0 12 2 4 4 3
245 114 4 2209 2 426 213 196 110 81 114 448 79 76 210 203 114 426 426 366 114 1 426 426 426 426 114 426 426 5 426 436 427 114 426 2 114 114 12 39 1 426 312 8 251 114 267 114 426 114 393 428 426 114 114 426 426 426 241
42 0 2 2 2209 237 434 25 43 553 0 0 73 25 45 17 0 1 25 53 0 414 25 25 46 25 1 0 25 2 25 25 499 0 25 1048 0 0 412 8 408 25 243 550 192 0 37 0 45 0 50 2 25 0 534 0 25 25 460
1655 0 38 426 237 2209 1094 925 0 467 0 1006 609 485 1388 372 0 1680 1838 1440 31 124 1838 1838 1811 1749 0 1740 1838 60 1838 1754 1805 0 1838 526 0 0 661 38 120 1838 567 212 717 0 1436 0 1812 0 4 1225 1838 0 70 1189 1838 1838 1236
965 257 15 213 434 1094 2209 602 0 111 257 628 343 322 751 30 257 1048 1148 1106 288 165 1148 1148 1121 1146 232 1050 1148 74 1148 1129 958 257 1148 475 257 257 1082 35 159 1148 638 9 324 257 746 257 1122 257 13 618 1148 257 246 628 1148 1148 623
1301 0 3 196 25 925 602 2209 55 610 0 93 682 660 1306 161 0 1138 1296 1302 0 9 1296 1296 1296 1296 0 1208 1296 55 1296 1306 680 0 1296 314 0 0 904 6 119 1296 244 198 110 0 1298 0 1298 0 0 657 1296 0 70 369 1296 1296 1300
13 0 0 110 43 0 0 55 2209 0 0 0 128 300 0 0 0 0 0 0 0 0 0 0 0 64 0 0 0 0 0 0 0 0 0 0 0 0 0 0 0 0 233 0 0 0 0 0 0 0 0 0 0 0 0 0 0 0 0
728 120 126 81 553 467 111 610 0 2209 120 323 558 477 702 431 120 688 701 690 125 157 701 701 707 676 123 686 701 31 701 670 335 120 701 262 120 120 210 39 443 701 99 161 348 120 706 120 706 120 0 619 701 120 431 599 701 701 855
0 2209 0 114 0 0 257 0 0 120 2209 1203 586 586 395 0 2209 56 0 292 2178 0 0 0 0 0 2040 88 0 0 0 0 0 2209 0 16 2209 2209 849 0 1162 0 0 0 1188 2209 34 2209 0 2209 0 310 0 2209 1541 927 0 0 0
823 1203 2 448 0 1006 628 93 0 323 1203 2209 829 719 556 293 1203 1062 1006 608 1234 73 1006 1006 979 917 1034 1084 1006 0 1006 922 1006 1203 1006 16 1203 1203 11 0 1099 1006 338 0 1890 1203 604 1203 980 1203 0 1316 1006 1203 535 1933 1006 1006 404
772 586 4 79 73 609 343 682 128 558 586 829 2209 1785 710 150 586 683 841 761 586 121 841 841 841 816 586 761 841 12 841 825 531 586 841 170 586 586 325 183 723 841 246 8 714 586 712 586 841 586 50 968 841 586 151 1086 841 841 681
670 586 4 76 25 485 322 660 300 477 586 719 1785 2209 605 56 586 580 738 685 586 106 738 738 738 742 586 658 738 0 738 744 407 586 738 165 586 586 318 198 686 738 231 0 590 586 610 586 738 586 0 867 738 586 149 983 738 738 621
1759 395 2 210 45 1388 751 1306 0 702 395 556 710 605 2209 367 395 1601 1759 1605 426 77 1759 1759 1732 1670 395 1671 1759 65 1759 1675 1143 395 1759 314 395 395 1310 8 145 1759 277 10 537 395 1717 395 1733 395 0 1120 1759 395 465 832 1759 1759 1552
376 0 240 203 17 372 30 161 0 431 0 293 150 56 367 2209 0 361 361 321 0 1 361 361 361 361 0 361 361 5 361 361 417 0 361 12 0 0 12 11 123 361 118 415 308 0 384 0 361 0 23 361 361 0 0 361 361 361 361
0 2209 0 114 0 0 257 0 0 120 2209 1203 586 586 395 0 2209 56 0 292 2178 0 0 0 0 0 2040 88 0 0 0 0 0 2209 0 16 2209 2209 849 0 1162 0 0 0 1188 2209 34 2209 0 2209 0 310 0 2209 1541 927 0 0 0
1868 56 6 426 1 1680 1048 1138 0 688 56 1062 683 580 1601 361 56 2209 2051 1653 87 79 2051 2051 2024 1962 3 2041 2051 49 2051 1967 1435 56 2051 172 56 56 757 1 176 2051 554 0 773 56 1649 56 2025 56 0 1570 2051 56 29 1338 2051 2051 1449
2026 0 4 426 25 1838 1148 1296 0 701 0 1006 841 738 1759 361 0 2051 2209 1811 31 79 2209 2209 2182 2120 0 2111 2209 48 2209 2125 1593 0 2209 314 0 0 915 0 120 2209 554 0 717 0 1807 0 2183 0 0 1570 2209 0 70 1282 2209 2209 1607
1628 292 4 366 53 1440 1106 1302 0 690 292 608 761 685 1605 321 292 1653 1811 2209 323 53 1811 1811 1784 1811 292 1723 1811 54 1811 1811 1195 292 1811 321 292 292 1207 25 137 1811 410 6 436 292 1457 292 1785 292 0 1172 1811 292 362 884 1811 1811 1454
31 2178 0 114 0 31 288 0 0 125 2178 1234 586 586 426 0 2178 87 31 323 2209 31 31 31 4 31 2009 119 31 0 31 31 31 2178 31 16 2178 2178 818 0 1131 31 0 0 1219 2178 3 2178 5 2178 0 341 31 2178 1510 958 31 31 0
96 0 8 1 414 124 165 9 0 157 0 73 121 106 77 1 0 79 79 53 31 2209 79 79 52 57 0 79 79 7 79 71 118 0 79 226 0 0 6 107 389 79 7 43 271 0 38 0 53 0 13 95 79 0 0 73 79 79 431
2026 0 4 426 25 1838 1148 1296 0 701 0 1006 841 738 1759 361 0 2051 2209 1811 31 79 2209 2209 2182 2120 0 2111 2209 48 2209 2125 1593 0 2209 314 0 0 915 0 120 2209 554 0 717 0 1807 0 2183 0 0 1570 2209 0 70 1282 2209 2209 1607
2026 0 4 426 25 1838 1148 1296 0 701 0 1006 841 738 1759 361 0 2051 2209 1811 31 79 2209 2209 2182 2120 0 2111 2209 48 2209 2125 1593 0 2209 314 0 0 915 0 120 2209 554 0 717 0 1807 0 2183 0 0 1570 2209 0 70 1282 2209 2209 1607
1999 0 4 426 46 1811 1121 1296 0 707 0 979 841 738 1732 361 0 2024 2182 1784 4 52 2182 2182 2209 2093 0 2084 2182 49 2182 2098 1566 0 2182 335 0 0 915 2 120 2182 556 1 690 0 1807 0 2203 0 0 1543 2182 0 70 1255 2182 2182 1628
1937 0 4 426 25 1749 1146 1296 64 676 0 917 816 742 1670 361 0 1962 2120 1811 31 57 2120 2120 2093 2209 0 2022 2120 66 2120 2103 1504 0 2120 314 0 0 915 4 120 2120 594 18 628 0 1718 0 2094 0 0 1481 2120 0 70 1193 2120 2120 1597
0 2040 6 114 1 0 232 0 0 123 2040 1034 586 586 395 0 2040 3 0 292 2009 0 0 0 0 0 2209 0 0 2 0 0 0 2040 0 0 2040 2040 849 0 993 0 2 0 1019 2040 34 2040 0 2040 0 310 0 2040 1542 758 0 0 0
1928 88 4 426 0 1740 1050 1208 0 686 88 1084 761 658 1671 361 88 2041 2111 1723 119 79 2111 2111 2084 2022 0 2209 2111 50 2111 2027 1495 88 2111 258 88 88 827 8 208 2111 544 2 805 88 1709 88 2085 88 0 1560 2111 88 20 1360 2111 2111 1519
2026 0 4 426 25 1838 1148 1296 0 701 0 1006 841 738 1759 361 0 2051 2209 1811 31 79 2209 2209 2182 2120 0 2111 2209 48 2209 2125 1593 0 2209 314 0 0 915 0 120 2209 554 0 717 0 1807 0 2183 0 0 1570 2209 0 70 1282 2209 2209 1607
51 0 58 5 2 60 74 55 0 31 0 0 12 0 65 5 0 49 48 54 0 7 48 48 49 66 2 50 48 2209 48 53 66 0 48 62 0 0 55 0 7 48 616 365 2 0 50 0 52 0 142 22 48 0 6 0 48 48 51
2026 0 4 426 25 1838 1148 1296 0 701 0 1006 841 738 1759 361 0 2051 2209 1811 31 79 2209 2209 2182 2120 0 2111 2209 48 2209 2125 1593 0 2209 314 0 0 915 0 120 2209 554 0 717 0 1807 0 2183 0 0 1570 2209 0 70 1282 2209 2209 1607
1942 0 4 436 25 1754 1129 1306 0 670 0 922 825 744 1675 361 0 1967 2125 1811 31 71 2125 2125 2098 2103 0 2027 2125 53 2125 2209 1509 0 2125 314 0 0 915 6 120 2125 582 5 633 0 1723 0 2099 0 0 1486 2125 0 70 1198 2125 2125 1613
1410 0 25 427 499 1805 958 680 0 335 0 1006 531 407 1143 417 0 1435 1593 1195 31 118 1593 1593 1566 1504 0 1495 1593 66 1593 1509 2209 0 1593 788 0 0 605 38 113 1593 598 420 717 0 1191 0 1567 0 62 1141 1593 0 93 1111 1593 1593 991
0 2209 0 114 0 0 257 0 0 120 2209 1203 586 586 395 0 2209 56 0 292 2178 0 0 0 0 0 2040 88 0 0 0 0 0 2209 0 16 2209 2209 849 0 1162 0 0 0 1188 2209 34 2209 0 2209 0 310 0 2209 1541 927 0 0 0
2026 0 4 426 25 1838 1148 1296 0 701 0 1006 841 738 1759 361 0 2051 2209 1811 31 79 2209 2209 2182 2120 0 2111 2209 48 2209 2125 1593 0 2209 314 0 0 915 0 120 2209 554 0 717 0 1807 0 2183 0 0 1570 2209 0 70 1282 2209 2209 1607
342 16 159 2 1048 526 475 314 0 262 16 16 170 165 314 12 16 172 314 321 16 226 314 314 335 314 0 258 314 62 314 314 788 16 314 2209 16 16 656 139 169 314 260 464 83 16 324 16 334 16 73 1 314 16 151 16 314 314 559
0 2209 0 114 0 0 257 0 0 120 2209 1203 586 586 395 0 2209 56 0 292 2178 0 0 0 0 0 2040 88 0 0 0 0 0 2209 0 16 2209 2209 849 0 1162 0 0 0 1188 2209 34 2209 0 2209 0 310 0 2209 1541 927 0 0 0
0 2209 0 114 0 0 257 0 0 120 2209 1203 586 586 395 0 2209 56 0 292 2178 0 0 0 0 0 2040 88 0 0 0 0 0 2209 0 16 2209 2209 849 0 1162 0 0 0 1188 2209 34 2209 0 2209 0 310 0 2209 1541 927 0 0 0
915 849 2 12 412 661 1082 904 0 210 849 11 325 318 1310 12 849 757 915 1207 818 6 915 915 915 915 849 827 915 55 915 915 605 849 915 656 849 849 2209 27 94 915 311 29 11 849 949 849 915 849 53 276 915 849 919 11 915 915 915
3 0 677 39 8 38 35 6 0 39 0 0 183 198 8 11 0 1 0 25 0 107 0 0 2 4 0 8 0 0 0 6 38 0 0 139 0 0 27 2209 10 0 62 41 5 0 6 0 0 0 0 1 0 0 20 0 0 0 16
137 1162 1 1 408 120 159 119 0 443 1162 1099 723 686 145 123 1162 176 120 137 1131 389 120 120 120 120 993 208 120 7 120 120 113 1162 120 169 1162 1162 94 10 2209 120 15 9 1312 1162 155 1162 120 1162 0 430 120 1162 494 1047 120 120 597
2026 0 4 426 25 1838 1148 1296 0 701 0 1006 841 738 1759 361 0 2051 2209 1811 31 79 2209 2209 2182 2120 0 2111 2209 48 2209 2125 1593 0 2209 314 0 0 915 0 120 2209 554 0 717 0 1807 0 2183 0 0 1570 2209 0 70 1282 2209 2209 1607
378 0 119 312 243 567 638 244 233 99 0 338 246 231 277 118 0 554 554 410 0 7 554 554 556 594 2 544 554 616 554 582 598 0 554 260 0 0 311 62 15 554 2209 200 41 0 333 0 554 0 92 386 554 0 79 347 554 554 222
2 0 0 8 550 212 9 198 0 161 0 0 8 0 10 415 0 0 0 6 0 43 0 0 1 18 0 2 0 365 0 5 420 0 0 464 0 0 29 41 9 0 200 2209 1 0 1 0 0 0 5 0 0 0 202 0 0 0 3
734 1188 3 251 192 717 324 110 0 348 1188 1890 714 590 537 308 1188 773 717 436 1219 271 717 717 690 628 1019 805 717 2 717 633 717 1188 717 83 1188 1188 11 5 1312 717 41 1 2209 1188 551 1188 691 1188 2 1027 717 1188 520 1644 717 717 617
0 2209 0 114 0 0 257 0 0 120 2209 1203 586 586 395 0 2209 56 0 292 2178 0 0 0 0 0 2040 88 0 0 0 0 0 2209 0 16 2209 2209 849 0 1162 0 0 0 1188 2209 34 2209 0 2209 0 310 0 2209 1541 927 0 0 0
1814 34 6 267 37 1436 746 1298 0 706 34 604 712 610 1717 384 34 1649 1807 1457 3 38 1807 1807 1807 1718 34 1709 1807 50 1807 1723 1191 34 1807 324 34 34 949 6 155 1807 333 1 551 34 2209 34 1807 34 9 1168 1807 34 104 880 1807 1807 1619
0 2209 0 114 0 0 257 0 0 120 2209 1203 586 586 395 0 2209 56 0 292 2178 0 0 0 0 0 2040 88 0 0 0 0 0 2209 0 16 2209 2209 849 0 1162 0 0 0 1188 2209 34 2209 0 2209 0 310 0 2209 1541 927 0 0 0
2000 0 4 426 45 1812 1122 1298 0 706 0 980 841 738 1733 361 0 2025 2183 1785 5 53 2183 2183 2203 2094 0 2085 2183 52 2183 2099 1567 0 2183 334 0 0 915 0 120 2183 554 0 691 0 1807 0 2209 0 0 1544 2183 0 70 1256 2183 2183 1627
0 2209 0 114 0 0 257 0 0 120 2209 1203 586 586 395 0 2209 56 0 292 2178 0 0 0 0 0 2040 88 0 0 0 0 0 2209 0 16 2209 2209 849 0 1162 0 0 0 1188 2209 34 2209 0 2209 0 310 0 2209 1541 927 0 0 0
1 0 555 393 50 4 13 0 0 0 0 0 50 0 0 23 0 0 0 0 0 13 0 0 0 0 0 0 0 142 0 0 62 0 0 73 0 0 53 0 0 0 92 5 2 0 9 0 0 0 2209 2 0 0 0 0 0 0 0
1387 310 5 428 2 1225 618 657 0 619 310 1316 968 867 1120 361 310 1570 1570 1172 341 95 1570 1570 1543 1481 310 1560 1570 22 1570 1486 1141 310 1570 1 310 310 276 1 430 1570 386 0 1027 310 1168 310 1544 310 2 2209 1570 310 3 1592 1570 1570 968
2026 0 4 426 25 1838 1148 1296 0 701 0 1006 841 738 1759 361 0 2051 2209 1811 31 79 2209 2209 2182 2120 0 2111 2209 48 2209 2125 1593 0 2209 314 0 0 915 0 120 2209 554 0 717 0 1807 0 2183 0 0 1570 2209 0 70 1282 2209 2209 1607
0 2209 0 114 0 0 257 0 0 120 2209 1203 586 586 395 0 2209 56 0 292 2178 0 0 0 0 0 2040 88 0 0 0 0 0 2209 0 16 2209 2209 849 0 1162 0 0 0 1188 2209 34 2209 0 2209 0 310 0 2209 1541 927 0 0 0
70 1541 12 114 534 70 246 70 0 431 1541 535 151 149 465 0 1541 29 70 362 1510 0 70 70 70 70 1542 20 70 6 70 70 93 1541 70 151 1541 1541 919 20 494 70 79 202 520 1541 104 1541 70 1541 0 3 70 1541 2209 259 70 70 70
1099 927 2 426 0 1189 628 369 0 599 927 1933 1086 983 832 361 927 1338 1282 884 958 73 1282 1282 1255 1193 758 1360 1282 0 1282 1198 1111 927 1282 16 927 927 11 0 1047 1282 347 0 1644 927 880 927 1256 927 0 1592 1282 927 259 2209 1282 1282 680
2026 0 4 426 25 1838 1148 1296 0 701 0 1006 841 738 1759 361 0 2051 2209 1811 31 79 2209 2209 2182 2120 0 2111 2209 48 2209 2125 1593 0 2209 314 0 0 915 0 120 2209 554 0 717 0 1807 0 2183 0 0 1570 2209 0 70 1282 2209 2209 1607
2026 0 4 426 25 1838 1148 1296 0 701 0 1006 841 738 1759 361 0 2051 2209 1811 31 79 2209 2209 2182 2120 0 2111 2209 48 2209 2125 1593 0 2209 314 0 0 915 0 120 2209 554 0 717 0 1807 0 2183 0 0 1570 2209 0 70 1282 2209 2209 1607
1624 0 3 241 460 1236 623 1300 0 855 0 404 681 621 1552 361 0 1449 1607 1454 0 431 1607 1607 1628 1597 0 1519 1607 51 1607 1613 991 0 1607 559 0 0 915 16 597 1607 222 3 617 0 1619 0 1627 0 0 968 1607 0 70 680 1607 1607 2209
