1574 958 2 0 1544 1536 0 497 0 173 0 1544 1539 0 0 1544 1125 864 370 1484 521 1463 1544 431 0 1544 0 1544 0 1343 1544 0 1544 726 530 1065 1122 0 1544 9 675 518 1107 1184 1544 1544 1279 18 1544 0 727 0 1544 0 861 0 1544 0 0
958 1574 1 73 970 970 73 582 73 246 73 970 965 73 73 970 798 791 181 910 744 889 970 516 73 970 73 970 73 789 970 73 970 652 188 1298 790 73 970 2 446 181 935 847 970 970 869 281 970 73 746 73 970 73 275 73 970 73 73
2 1 1574 0 0 0 0 3 0 0 0 0 0 0 0 0 1 6 0 0 19 1 0 4 0 0 0 0 0 61 0 0 0 16 98 1 0 0 0 0 3 0 0 8 0 0 0 15 0 0 7 0 0 0 8 0 0 0 0
0 73 0 1574 0 0 1574 806 1006 1401 1574 0 0 1574 1574 0 70 0 1204 0 722 0 0 866 1574 0 1574 0 1574 0 0 1574 0 160 0 0 0 1574 0 0 282 1038 198 0 0 0 0 739 0 1574 0 1574 0 1574 119 1574 0 1574 1574
1544 970 0 0 1574 1566 0 509 0 173 0 1574 1569 0 0 1574 1155 868 370 1514 521 1493 1574 443 0 1574 0 1574 0 1373 1574 0 1574 756 555 1077 1126 0 1574 0 693 536 1132 1214 1574 1574 1309 18 1574 0 739 0 1574 0 879 0 1574 0 0
1536 970 0 0 1566 1574 0 509 0 173 0 1566 1561 0 0 1566 1155 870 362 1506 521 1485 1566 443 0 1566 0 1566 0 1365 1566 0 1566 748 555 1077 1128 0 1566 2 685 528 1132 1206 1566 1566 1309 18 1566 0 739 0 1566 0 871 0 1566 0 0
0 73 0 1574 0 0 1574 806 1006 1401 1574 0 0 1574 1574 0 70 0 1204 0 722 0 0 866 1574 0 1574 0 1574 0 0 1574 0 160 0 0 0 1574 0 0 282 1038 198 0 0 0 0 739 0 1574 0 1574 0 1574 119 1574 0 1574 1574
497 582 3 806 509 509 806 1574 866 633 806 509 509 806 806 509 579 509 436 509 965 509 509 1371 806 509 806 509 806 509 509 806 509 629 142 509 509 806 509 3 175 270 696 598 509 509 509 710 509 806 506 806 509 806 130 806 509 806 806
0 73 0 1006 0 0 1006 866 1574 833 1006 0 0 1006 1006 0 70 0 636 0 581 0 0 866 1006 0 1006 0 1006 0 0 1006 0 160 0 0 0 1006 0 0 80 470 198 0 0 0 0 532 0 1006 0 1006 0 1006 0 1006 0 1006 1006
173 246 0 1401 173 173 1401 633 833 1574 1401 173 168 1401 1401 173 0 0 1377 113 549 92 173 693 1401 173 1401 173 1401 0 173 1401 173 333 75 149 0 1401 173 0 455 1211 25 173 173 173 77 566 173 1401 14 1401 173 1401 292 1401 173 1401 1401
0 73 0 1574 0 0 1574 806 1006 1401 1574 0 0 1574 1574 0 70 0 1204 0 722 0 0 866 1574 0 1574 0 1574 0 0 1574 0 160 0 0 0 1574 0 0 282 1038 198 0 0 0 0 739 0 1574 0 1574 0 1574 119 1574 0 1574 1574
1544 970 0 0 1574 1566 0 509 0 173 0 1574 1569 0 0 1574 1155 868 370 1514 521 1493 1574 443 0 1574 0 1574 0 1373 1574 0 1574 756 555 1077 1126 0 1574 0 693 536 1132 1214 1574 1574 1309 18 1574 0 739 0 1574 0 879 0 1574 0 0
1539 965 0 0 1569 1561 0 509 0 168 0 1569 1574 0 0 1569 1155 868 365 1514 521 1493 1569 443 0 1569 0 1569 0 1373 1569 0 1569 751 550 1072 1126 0 1569 0 688 531 1132 1209 1569 1569 1304 18 1569 0 734 0 1569 0 874 0 1569 0 0
0 73 0 1574 0 0 1574 806 1006 1401 1574 0 0 1574 1574 0 70 0 1204 0 722 0 0 866 1574 0 1574 0 1574 0 0 1574 0 160 0 0 0 1574 0 0 282 1038 198 0 0 0 0 739 0 1574 0 1574 0 1574 119 1574 0 1574 1574
0 73 0 1574 0 0 1574 806 1006 1401 1574 0 0 1574 1574 0 70 0 1204 0 722 0 0 866 1574 0 1574 0 1574 0 0 1574 0 160 0 0 0 1574 0 0 282 1038 198 0 0 0 0 739 0 1574 0 1574 0 1574 119 1574 0 1574 1574
1544 970 0 0 1574 1566 0 509 0 173 0 1574 1569 0 0 1574 1155 868 370 1514 521 1493 1574 443 0 1574 0 1574 0 1373 1574 0 1574 756 555 1077 1126 0 1574 0 693 536 1132 1214 1574 1574 1309 18 1574 0 739 0 1574 0 879 0 1574 0 0
1125 798 1 70 1155 1155 70 579 70 0 70 1155 1155 70 70 1155 1574 868 0 1155 591 1155 1155 513 70 1155 70 1155 70 1158 1155 70 1155 337 363 951 1145 70 1155 0 274 117 1225 795 1155 1155 1172 88 1155 70 802 70 1155 70 460 70 1155 70 70
864 791 6 0 868 870 0 509 0 0 0 868 868 0 0 868 868 1574 0 897 517 875 868 443 0 868 0 868 0 868 868 0 868 311 256 869 1174 0 868 650 142 0 864 564 868 868 889 35 868 0 726 0 868 0 173 0 868 0 0
370 181 0 1204 370 362 1204 436 636 1377 1204 370 365 1204 1204 370 0 0 1574 310 352 289 370 496 1204 370 1204 370 1204 169 370 1204 370 530 147 149 0 1204 370 0 652 1408 0 370 370 370 105 369 370 1204 14 1204 370 1204 489 1204 370 1204 1204
1484 910 0 0 1514 1506 0 509 0 113 0 1514 1514 0 0 1514 1155 897 310 1574 521 1494 1514 443 0 1514 0 1514 0 1373 1514 0 1514 696 495 1017 1126 0 1514 29 633 476 1132 1154 1514 1514 1249 18 1514 0 731 0 1514 0 819 0 1514 0 0
521 744 19 722 521 521 722 965 581 549 722 521 521 722 722 521 591 517 352 521 1574 521 521 881 722 521 722 521 722 521 521 722 521 551 125 528 521 722 521 5 502 186 719 613 521 521 521 951 521 722 585 722 521 722 127 722 521 722 722
1463 889 1 0 1493 1485 0 509 0 92 0 1493 1493 0 0 1493 1155 875 289 1494 521 1574 1493 443 0 1493 0 1493 0 1374 1493 0 1493 675 480 996 1126 0 1493 7 612 455 1132 1133 1493 1493 1232 18 1493 0 726 0 1493 0 798 0 1493 0 0
1544 970 0 0 1574 1566 0 509 0 173 0 1574 1569 0 0 1574 1155 868 370 1514 521 1493 1574 443 0 1574 0 1574 0 1373 1574 0 1574 756 555 1077 1126 0 1574 0 693 536 1132 1214 1574 1574 1309 18 1574 0 739 0 1574 0 879 0 1574 0 0
431 516 4 866 443 443 866 1371 866 693 866 443 443 866 866 443 513 443 496 443 881 443 443 1574 866 443 866 443 866 443 443 866 443 722 131 443 443 866 443 2 157 330 630 498 443 443 443 766 443 866 443 866 443 866 257 866 443 866 866
0 73 0 1574 0 0 1574 806 1006 1401 1574 0 0 1574 1574 0 70 0 1204 0 722 0 0 866 1574 0 1574 0 1574 0 0 1574 0 160 0 0 0 1574 0 0 282 1038 198 0 0 0 0 739 0 1574 0 1574 0 1574 119 1574 0 1574 1574
1544 970 0 0 1574 1566 0 509 0 173 0 1574 1569 0 0 1574 1155 868 370 1514 521 1493 1574 443 0 1574 0 1574 0 1373 1574 0 1574 756 555 1077 1126 0 1574 0 693 536 1132 1214 1574 1574 1309 18 1574 0 739 0 1574 0 879 0 1574 0 0
0 73 0 1574 0 0 1574 806 1006 1401 1574 0 0 1574 1574 0 70 0 1204 0 722 0 0 866 1574 0 1574 0 1574 0 0 1574 0 160 0 0 0 1574 0 0 282 1038 198 0 0 0 0 739 0 1574 0 1574 0 1574 119 1574 0 1574 1574
1544 970 0 0 1574 1566 0 509 0 173 0 1574 1569 0 0 1574 1155 868 370 1514 521 1493 1574 443 0 1574 0 1574 0 1373 1574 0 1574 756 555 1077 1126 0 1574 0 693 536 1132 1214 1574 1574 1309 18 1574 0 739 0 1574 0 879 0 1574 0 0
0 73 0 1574 0 0 1574 806 1006 1401 1574 0 0 1574 1574 0 70 0 1204 0 722 0 0 866 1574 0 1574 0 1574 0 0 1574 0 160 0 0 0 1574 0 0 282 1038 198 0 0 0 0 739 0 1574 0 1574 0 1574 119 1574 0 1574 1574
1343 789 61 0 1373 1365 0 509 0 0 0 1373 1373 0 0 1373 1158 868 169 1373 521 1374 1373 443 0 1373 0 1373 0 1574 1373 0 1373 555 480 928 1126 0 1373 0 492 335 1133 1013 1373 1373 1232 18 1373 0 735 0 1373 0 678 0 1373 0 0
1544 970 0 0 1574 1566 0 509 0 173 0 1574 1569 0 0 1574 1155 868 370 1514 521 1493 1574 443 0 1574 0 1574 0 1373 1574 0 1574 756 555 1077 1126 0 1574 0 693 536 1132 1214 1574 1574 1309 18 1574 0 739 0 1574 0 879 0 1574 0 0
0 73 0 1574 0 0 1574 806 1006 1401 1574 0 0 1574 1574 0 70 0 1204 0 722 0 0 866 1574 0 1574 0 1574 0 0 1574 0 160 0 0 0 1574 0 0 282 1038 198 0 0 0 0 739 0 1574 0 1574 0 1574 119 1574 0 1574 1574
1544 970 0 0 1574 1566 0 509 0 173 0 1574 1569 0 0 1574 1155 868 370 1514 521 1493 1574 443 0 1574 0 1574 0 1373 1574 0 1574 756 555 1077 1126 0 1574 0 693 536 1132 1214 1574 1574 1309 18 1574 0 739 0 1574 0 879 0 1574 0 0
726 652 16 160 756 748 160 629 160 333 160 756 751 160 160 756 337 311 530 696 551 675 756 722 160 756 160 756 160 555 756 160 756 1574 383 464 310 160 756 17 815 516 314 1016 756 756 491 597 756 160 393 160 756 160 797 160 756 160 160
530 188 98 0 555 555 0 142 0 75 0 555 550 0 0 555 363 256 147 495 125 480 555 131 0 555 0 555 0 480 555 0 555 383 1574 268 362 0 555 532 532 265 362 526 555 555 523 174 555 0 134 0 555 0 503 0 555 0 0
1065 1298 1 0 1077 1077 0 509 0 149 0 1077 1072 0 0 1077 951 869 149 1017 528 996 1077 443 0 1077 0 1077 0 928 1077 0 1077 464 268 1574 929 0 1077 17 288 149 1073 717 1077 1077 1116 52 1077 0 739 0 1077 0 382 0 1077 0 0
1122 790 0 0 1126 1128 0 509 0 0 0 1126 1126 0 0 1126 1145 1174 0 1126 521 1126 1126 443 0 1126 0 1126 0 1126 1126 0 1126 310 362 929 1574 0 1126 306 245 88 1122 766 1126 1126 1171 18 1126 0 746 0 1126 0 431 0 1126 0 0
0 73 0 1574 0 0 1574 806 1006 1401 1574 0 0 1574 1574 0 70 0 1204 0 722 0 0 866 1574 0 1574 0 1574 0 0 1574 0 160 0 0 0 1574 0 0 282 1038 198 0 0 0 0 739 0 1574 0 1574 0 1574 119 1574 0 1574 1574
1544 970 0 0 1574 1566 0 509 0 173 0 1574 1569 0 0 1574 1155 868 370 1514 521 1493 1574 443 0 1574 0 1574 0 1373 1574 0 1574 756 555 1077 1126 0 1574 0 693 536 1132 1214 1574 1574 1309 18 1574 0 739 0 1574 0 879 0 1574 0 0
9 2 0 0 0 2 0 3 0 0 0 0 0 0 0 0 0 650 0 29 5 7 0 2 0 0 0 0 0 0 0 0 0 17 532 17 306 0 0 1574 214 0 18 13 0 0 21 222 0 0 3 0 0 0 33 0 0 0 0
675 446 3 282 693 685 282 175 80 455 282 693 688 282 282 693 274 142 652 633 502 612 693 157 282 693 282 693 282 492 693 282 693 815 532 288 245 282 693 214 1574 818 262 824 693 693 428 586 693 282 220 282 693 282 684 282 693 282 282
518 181 0 1038 536 528 1038 270 470 1211 1038 536 531 1038 1038 536 117 0 1408 476 186 455 536 330 1038 536 1038 536 1038 335 536 1038 536 516 265 149 88 1038 536 0 818 1574 105 536 536 536 271 207 536 1038 14 1038 536 1038 655 1038 536 1038 1038
1107 935 0 198 1132 1132 198 696 198 25 198 1132 1132 198 198 1132 1225 864 0 1132 719 1132 1132 630 198 1132 198 1132 198 1133 1132 198 1132 314 362 1073 1122 198 1132 18 262 105 1574 772 1132 1132 1151 216 1132 198 714 198 1132 198 443 198 1132 198 198
1184 847 8 0 1214 1206 0 598 0 173 0 1214 1209 0 0 1214 795 564 370 1154 613 1133 1214 498 0 1214 0 1214 0 1013 1214 0 1214 1016 526 717 766 0 1214 13 824 536 772 1574 1214 1214 949 278 1214 0 645 0 1214 0 712 0 1214 0 0
1544 970 0 0 1574 1566 0 509 0 173 0 1574 1569 0 0 1574 1155 868 370 1514 521 1493 1574 443 0 1574 0 1574 0 1373 1574 0 1574 756 555 1077 1126 0 1574 0 693 536 1132 1214 1574 1574 1309 18 1574 0 739 0 1574 0 879 0 1574 0 0
1544 970 0 0 1574 1566 0 509 0 173 0 1574 1569 0 0 1574 1155 868 370 1514 521 1493 1574 443 0 1574 0 1574 0 1373 1574 0 1574 756 555 1077 1126 0 1574 0 693 536 1132 1214 1574 1574 1309 18 1574 0 739 0 1574 0 879 0 1574 0 0
1279 869 0 0 1309 1309 0 509 0 77 0 1309 1304 0 0 1309 1172 889 105 1249 521 1232 1309 443 0 1309 0 1309 0 1232 1309 0 1309 491 523 1116 1171 0 1309 21 428 271 1151 949 1309 1309 1574 18 1309 0 770 0 1309 0 614 0 1309 0 0
18 281 15 739 18 18 739 710 532 566 739 18 18 739 739 18 88 35 369 18 951 18 18 766 739 18 739 18 739 18 18 739 18 597 174 52 18 739 18 222 586 207 216 278 18 18 18 1574 18 739 88 739 18 739 332 739 18 739 739
1544 970 0 0 1574 1566 0 509 0 173 0 1574 1569 0 0 1574 1155 868 370 1514 521 1493 1574 443 0 1574 0 1574 0 1373 1574 0 1574 756 555 1077 1126 0 1574 0 693 536 1132 1214 1574 1574 1309 18 1574 0 739 0 1574 0 879 0 1574 0 0
0 73 0 1574 0 0 1574 806 1006 1401 1574 0 0 1574 1574 0 70 0 1204 0 722 0 0 866 1574 0 1574 0 1574 0 0 1574 0 160 0 0 0 1574 0 0 282 1038 198 0 0 0 0 739 0 1574 0 1574 0 1574 119 1574 0 1574 1574
727 746 7 0 739 739 0 506 0 14 0 739 734 0 0 739 802 726 14 731 585 726 739 443 0 739 0 739 0 735 739 0 739 393 134 739 746 0 739 3 220 14 714 645 739 739 770 88 739 0 1574 0 739 0 44 0 739 0 0
0 73 0 1574 0 0 1574 806 1006 1401 1574 0 0 1574 1574 0 70 0 1204 0 722 0 0 866 1574 0 1574 0 1574 0 0 1574 0 160 0 0 0 1574 0 0 282 1038 198 0 0 0 0 739 0 1574 0 1574 0 1574 119 1574 0 1574 1574
1544 970 0 0 1574 1566 0 509 0 173 0 1574 1569 0 0 1574 1155 868 370 1514 521 1493 1574 443 0 1574 0 1574 0 1373 1574 0 1574 756 555 1077 1126 0 1574 0 693 536 1132 1214 1574 1574 1309 18 1574 0 739 0 1574 0 879 0 1574 0 0
0 73 0 1574 0 0 1574 806 1006 1401 1574 0 0 1574 1574 0 70 0 1204 0 722 0 0 866 1574 0 1574 0 1574 0 0 1574 0 160 0 0 0 1574 0 0 282 1038 198 0 0 0 0 739 0 1574 0 1574 0 1574 119 1574 0 1574 1574
861 275 8 119 879 871 119 130 0 292 119 879 874 119 119 879 460 173 489 819 127 798 879 257 119 879 119 879 119 678 879 119 879 797 503 382 431 119 879 33 684 655 443 712 879 879 614 332 879 119 44 119 879 119 1574 119 879 119 119
0 73 0 1574 0 0 1574 806 1006 1401 1574 0 0 1574 1574 0 70 0 1204 0 722 0 0 866 1574 0 1574 0 1574 0 0 1574 0 160 0 0 0 1574 0 0 282 1038 198 0 0 0 0 739 0 1574 0 1574 0 1574 119 1574 0 1574 1574
1544 970 0 0 1574 1566 0 509 0 173 0 1574 1569 0 0 1574 1155 868 370 1514 521 1493 1574 443 0 1574 0 1574 0 1373 1574 0 1574 756 555 1077 1126 0 1574 0 693 536 1132 1214 1574 1574 1309 18 1574 0 739 0 1574 0 879 0 1574 0 0
0 73 0 1574 0 0 1574 806 1006 1401 1574 0 0 1574 1574 0 70 0 1204 0 722 0 0 866 1574 0 1574 0 1574 0 0 1574 0 160 0 0 0 1574 0 0 282 1038 198 0 0 0 0 739 0 1574 0 1574 0 1574 119 1574 0 1574 1574
0 73 0 1574 0 0 1574 806 1006 1401 1574 0 0 1574 1574 0 70 0 1204 0 722 0 0 866 1574 0 1574 0 1574 0 0 1574 0 160 0 0 0 1574 0 0 282 1038 198 0 0 0 0 739 0 1574 0 1574 0 1574 119 1574 0 1574 1574
