1315 0 724 1274 140 1039 62 3 0 0 1311 0 1315 0 0 601 1104 2 250 20 1315 115 0 1315 0 1315 1 621 115 1026 1315 392 1315 1278 451 426 0 0 0 0 116 123 1227 0 1233 0 0 1315 186 39 0 0 843 0 0 93 1315 87 0
0 1315 591 0 188 0 1081 0 0 1315 4 1315 0 0 1315 0 0 0 0 0 0 808 1315 0 1315 0 504 0 467 0 0 0 0 37 0 889 1315 1315 0 157 957 211 0 1315 39 1315 1315 0 1051 962 1315 1315 0 1315 1315 347 0 1082 1315
724 591 1315 724 323 448 653 0 0 591 720 591 724 0 591 10 513 0 0 3 724 706 591 724 591 724 103 30 579 435 724 0 724 761 128 1017 591 591 0 0 707 120 636 591 720 591 591 724 777 630 591 591 252 591 591 435 724 678 591
1274 0 724 1315 140 998 62 4 2 0 1270 0 1274 5 0 560 1063 5 209 22 1274 115 0 1274 0 1274 6 580 115 985 1274 351 1274 1237 410 426 0 0 1 1 116 126 1186 0 1192 0 0 1274 186 39 0 0 802 0 0 93 1274 87 0
140 188 323 140 1315 6 188 44 15 188 140 188 140 77 188 28 62 23 100 49 140 226 188 140 188 140 77 50 615 28 140 41 140 140 28 323 188 188 17 46 242 5 83 188 97 188 188 140 245 189 188 188 110 188 188 323 140 295 188
1039 0 448 998 6 1315 16 13 3 0 1035 0 1039 10 0 602 974 12 267 174 1039 80 0 1039 0 1039 11 634 4 1027 1039 393 1039 1002 451 150 0 0 1 3 76 58 1039 0 1000 0 0 1039 0 49 0 0 860 0 0 15 1039 6 0
62 1081 653 62 188 16 1315 10 4 1081 66 1081 62 10 1081 23 181 10 128 6 62 818 1081 62 1081 62 514 15 471 23 62 23 62 99 5 951 1081 1081 0 4 963 23 73 1081 101 1081 1081 62 1113 1023 1081 1081 128 1081 1081 357 62 929 1081
3 0 0 4 44 13 10 1315 240 0 3 0 3 873 0 3 7 841 18 310 3 234 0 3 0 3 376 25 36 3 3 271 3 0 308 0 0 0 48 48 103 168 28 0 5 0 0 3 78 188 0 0 5 0 0 345 3 21 0
0 0 0 2 15 3 4 240 1315 0 0 0 0 0 0 8 8 0 5 164 0 15 0 0 0 0 14 62 12 0 0 40 0 0 112 0 0 0 0 135 34 92 8 0 1 0 0 0 0 3 0 0 3 0 0 215 0 5 0
0 1315 591 0 188 0 1081 0 0 1315 4 1315 0 0 1315 0 0 0 0 0 0 808 1315 0 1315 0 504 0 467 0 0 0 0 37 0 889 1315 1315 0 157 957 211 0 1315 39 1315 1315 0 1051 962 1315 1315 0 1315 1315 347 0 1082 1315
1311 4 720 1270 140 1035 66 3 0 4 1315 4 1311 0 4 601 1100 2 250 20 1311 119 4 1311 4 1311 5 621 115 1022 1311 392 1311 1274 451 430 4 4 0 0 120 123 1223 4 1229 4 4 1311 190 43 4 4 839 4 4 93 1311 87 4
0 1315 591 0 188 0 1081 0 0 1315 4 1315 0 0 1315 0 0 0 0 0 0 808 1315 0 1315 0 504 0 467 0 0 0 0 37 0 889 1315 1315 0 157 957 211 0 1315 39 1315 1315 0 1051 962 1315 1315 0 1315 1315 347 0 1082 1315
1315 0 724 1274 140 1039 62 3 0 0 1311 0 1315 0 0 601 1104 2 250 20 1315 115 0 1315 0 1315 1 621 115 1026 1315 392 1315 1278 451 426 0 0 0 0 116 123 1227 0 1233 0 0 1315 186 39 0 0 843 0 0 93 1315 87 0
0 0 0 5 77 10 10 873 0 0 0 0 0 1315 0 0 4 1059 30 336 0 234 0 0 0 0 788 22 36 0 0 262 0 0 274 0 0 0 0 0 103 172 25 0 5 0 0 0 78 188 0 0 2 0 0 279 0 21 0
0 1315 591 0 188 0 1081 0 0 1315 4 1315 0 0 1315 0 0 0 0 0 0 808 1315 0 1315 0 504 0 467 0 0 0 0 37 0 889 1315 1315 0 157 957 211 0 1315 39 1315 1315 0 1051 962 1315 1315 0 1315 1315 347 0 1082 1315
601 0 10 560 28 602 23 3 8 0 601 0 601 0 0 1315 605 2 250 68 601 19 0 601 0 601 1 619 91 890 601 820 601 564 439 0 0 0 0 18 14 3 644 0 562 0 0 601 0 7 0 0 605 0 0 10 601 18 0
1104 0 513 1063 62 974 181 7 8 0 1100 0 1104 4 0 605 1315 6 369 27 1104 105 0 1104 0 1104 4 621 93 948 1104 396 1104 1067 460 296 0 0 5 0 68 130 1073 0 1065 0 0 1104 134 94 0 0 881 0 0 8 1104 3 0
2 0 0 5 23 12 10 841 0 0 2 0 2 1059 0 2 6 1315 27 268 2 234 0 2 0 2 532 24 36 2 2 264 2 2 276 0 0 0 0 0 103 323 27 0 7 0 0 2 78 188 0 0 4 0 0 279 2 21 0
250 0 0 209 100 267 128 18 5 0 250 0 250 30 0 250 369 27 1315 26 250 0 0 250 0 250 30 339 0 250 250 250 250 213 255 0 0 0 5 66 34 61 250 0 211 0 0 250 0 51 0 0 538 0 0 172 250 5 0
20 0 3 22 49 174 6 310 164 0 20 0 20 336 0 68 27 268 26 1315 20 10 0 20 0 20 86 37 1 59 20 270 20 14 178 3 0 0 15 62 4 100 20 0 22 0 0 20 0 0 0 0 27 0 0 22 20 21 0
1315 0 724 1274 140 1039 62 3 0 0 1311 0 1315 0 0 601 1104 2 250 20 1315 115 0 1315 0 1315 1 621 115 1026 1315 392 1315 1278 451 426 0 0 0 0 116 123 1227 0 1233 0 0 1315 186 39 0 0 843 0 0 93 1315 87 0
115 808 706 115 226 80 818 234 15 808 119 808 115 234 808 19 105 234 0 10 115 1315 808 115 808 115 542 21 550 67 115 17 115 152 88 910 808 808 54 8 876 148 140 808 159 808 808 115 909 925 808 808 21 808 808 499 115 656 808
0 1315 591 0 188 0 1081 0 0 1315 4 1315 0 0 1315 0 0 0 0 0 0 808 1315 0 1315 0 504 0 467 0 0 0 0 37 0 889 1315 1315 0 157 957 211 0 1315 39 1315 1315 0 1051 962 1315 1315 0 1315 1315 347 0 1082 1315
1315 0 724 1274 140 1039 62 3 0 0 1311 0 1315 0 0 601 1104 2 250 20 1315 115 0 1315 0 1315 1 621 115 1026 1315 392 1315 1278 451 426 0 0 0 0 116 123 1227 0 1233 0 0 1315 186 39 0 0 843 0 0 93 1315 87 0
0 1315 591 0 188 0 1081 0 0 1315 4 1315 0 0 1315 0 0 0 0 0 0 808 1315 0 1315 0 504 0 467 0 0 0 0 37 0 889 1315 1315 0 157 957 211 0 1315 39 1315 1315 0 1051 962 1315 1315 0 1315 1315 347 0 1082 1315
1315 0 724 1274 140 1039 62 3 0 0 1311 0 1315 0 0 601 1104 2 250 20 1315 115 0 1315 0 1315 1 621 115 1026 1315 392 1315 1278 451 426 0 0 0 0 116 123 1227 0 1233 0 0 1315 186 39 0 0 843 0 0 93 1315 87 0
1 504 103 6 77 11 514 376 14 504 5 504 1 788 504 1 4 532 30 86 1 542 504 1 504 1 1315 22 35 1 1 7 1 1 111 401 504 504 0 0 572 6 26 504 6 504 504 1 582 662 504 504 1 504 504 230 1 352 504
621 0 30 580 50 634 15 25 62 0 621 0 621 22 0 619 621 24 339 37 621 21 0 621 0 621 22 1315 26 632 621 403 621 584 330 0 0 0 18 15 30 4 621 0 582 0 0 621 0 21 0 0 633 0 0 103 621 3 0
115 467 579 115 615 4 471 36 12 467 115 467 115 36 467 91 93 36 0 1 115 550 467 115 467 115 35 26 1315 3 115 88 115 152 3 579 467 467 111 51 521 13 56 467 111 467 467 115 530 501 467 467 8 467 467 460 115 542 467
1026 0 435 985 28 1027 23 3 0 0 1022 0 1026 0 0 890 948 2 250 59 1026 67 0 1026 0 1026 1 632 3 1315 1026 681 1026 989 528 137 0 0 0 0 76 45 1069 0 987 0 0 1026 0 40 0 0 843 0 0 5 1026 6 0
1315 0 724 1274 140 1039 62 3 0 0 1311 0 1315 0 0 601 1104 2 250 20 1315 115 0 1315 0 1315 1 621 115 1026 1315 392 1315 1278 451 426 0 0 0 0 116 123 1227 0 1233 0 0 1315 186 39 0 0 843 0 0 93 1315 87 0
392 0 0 351 41 393 23 271 40 0 392 0 392 262 0 820 396 264 250 270 392 17 0 392 0 392 7 403 88 681 392 1315 392 355 600 0 0 0 0 2 14 114 435 0 353 0 0 392 0 7 0 0 396 0 0 16 392 21 0
1315 0 724 1274 140 1039 62 3 0 0 1311 0 1315 0 0 601 1104 2 250 20 1315 115 0 1315 0 1315 1 621 115 1026 1315 392 1315 1278 451 426 0 0 0 0 116 123 1227 0 1233 0 0 1315 186 39 0 0 843 0 0 93 1315 87 0
1278 37 761 1237 140 1002 99 0 0 37 1274 37 1278 0 37 564 1067 2 213 14 1278 152 37 1278 37 1278 1 584 152 989 1278 355 1278 1315 414 463 37 37 0 0 153 123 1190 37 1270 37 37 1278 223 76 37 37 806 37 37 130 1278 124 37
451 0 128 410 28 451 5 308 112 0 451 0 451 274 0 439 460 276 255 178 451 88 0 451 0 451 111 330 3 528 451 600 451 414 1315 96 0 0 166 41 60 56 454 0 412 0 0 451 0 83 0 0 330 0 0 148 451 17 0
426 889 1017 426 323 150 951 0 0 889 430 889 426 0 889 0 296 0 0 3 426 910 889 426 889 426 401 0 579 137 426 0 426 463 96 1315 889 889 0 0 1005 120 338 889 422 889 889 426 1075 928 889 889 0 889 889 435 426 818 889
0 1315 591 0 188 0 1081 0 0 1315 4 1315 0 0 1315 0 0 0 0 0 0 808 1315 0 1315 0 504 0 467 0 0 0 0 37 0 889 1315 1315 0 157 957 211 0 1315 39 1315 1315 0 1051 962 1315 1315 0 1315 1315 347 0 1082 1315
0 1315 591 0 188 0 1081 0 0 1315 4 1315 0 0 1315 0 0 0 0 0 0 808 1315 0 1315 0 504 0 467 0 0 0 0 37 0 889 1315 1315 0 157 957 211 0 1315 39 1315 1315 0 1051 962 1315 1315 0 1315 1315 347 0 1082 1315
0 0 0 1 17 1 0 48 0 0 0 0 0 0 0 0 5 0 5 15 0 54 0 0 0 0 0 18 111 0 0 0 0 0 166 0 0 0 1315 550 2 179 12 0 37 0 0 0 0 0 0 0 0 0 0 0 0 12 0
0 157 0 1 46 3 4 48 135 157 0 157 0 0 157 18 0 0 66 62 0 8 157 0 157 0 0 15 51 0 0 2 0 0 41 0 157 157 550 1315 31 163 0 157 0 157 157 0 0 0 157 157 5 157 157 29 0 78 157
116 957 707 116 242 76 963 103 34 957 120 957 116 103 957 14 68 103 34 4 116 876 957 116 957 116 572 30 521 76 116 14 116 153 60 1005 957 957 2 31 1315 35 116 957 112 957 957 116 961 1089 957 957 34 957 957 500 116 859 957
123 211 120 126 5 58 23 168 92 211 123 211 123 172 211 3 130 323 61 100 123 148 211 123 211 123 6 4 13 45 123 114 123 123 56 120 211 211 179 163 35 1315 123 211 123 211 211 123 53 17 211 211 3 211 211 11 123 138 211
1227 0 636 1186 83 1039 73 28 8 0 1223 0 1227 25 0 644 1073 27 250 20 1227 140 0 1227 0 1227 26 621 56 1069 1227 435 1227 1190 454 338 0 0 12 0 116 123 1315 0 1145 0 0 1227 102 65 0 0 843 0 0 100 1227 82 0
0 1315 591 0 188 0 1081 0 0 1315 4 1315 0 0 1315 0 0 0 0 0 0 808 1315 0 1315 0 504 0 467 0 0 0 0 37 0 889 1315 1315 0 157 957 211 0 1315 39 1315 1315 0 1051 962 1315 1315 0 1315 1315 347 0 1082 1315
1233 39 720 1192 97 1000 101 5 1 39 1229 39 1233 5 39 562 1065 7 211 22 1233 159 39 1233 39 1233 6 582 111 987 1233 353 1233 1270 412 422 39 39 37 0 112 123 1145 39 1315 39 39 1233 230 78 39 39 804 39 39 89 1233 83 39
0 1315 591 0 188 0 1081 0 0 1315 4 1315 0 0 1315 0 0 0 0 0 0 808 1315 0 1315 0 504 0 467 0 0 0 0 37 0 889 1315 1315 0 157 957 211 0 1315 39 1315 1315 0 1051 962 1315 1315 0 1315 1315 347 0 1082 1315
0 1315 591 0 188 0 1081 0 0 1315 4 1315 0 0 1315 0 0 0 0 0 0 808 1315 0 1315 0 504 0 467 0 0 0 0 37 0 889 1315 1315 0 157 957 211 0 1315 39 1315 1315 0 1051 962 1315 1315 0 1315 1315 347 0 1082 1315
1315 0 724 1274 140 1039 62 3 0 0 1311 0 1315 0 0 601 1104 2 250 20 1315 115 0 1315 0 1315 1 621 115 1026 1315 392 1315 1278 451 426 0 0 0 0 116 123 1227 0 1233 0 0 1315 186 39 0 0 843 0 0 93 1315 87 0
186 1051 777 186 245 0 1113 78 0 1051 190 1051 186 78 1051 0 134 78 0 0 186 909 1051 186 1051 186 582 0 530 0 186 0 186 223 0 1075 1051 1051 0 0 961 53 102 1051 230 1051 1051 186 1315 962 1051 1051 0 1051 1051 357 186 902 1051
39 962 630 39 189 49 1023 188 3 962 43 962 39 188 962 7 94 188 51 0 39 925 962 39 962 39 662 21 501 40 39 7 39 76 83 928 962 962 0 0 1089 17 65 962 78 962 962 39 962 1315 962 962 51 962 962 522 39 810 962
0 1315 591 0 188 0 1081 0 0 1315 4 1315 0 0 1315 0 0 0 0 0 0 808 1315 0 1315 0 504 0 467 0 0 0 0 37 0 889 1315 1315 0 157 957 211 0 1315 39 1315 1315 0 1051 962 1315 1315 0 1315 1315 347 0 1082 1315
0 1315 591 0 188 0 1081 0 0 1315 4 1315 0 0 1315 0 0 0 0 0 0 808 1315 0 1315 0 504 0 467 0 0 0 0 37 0 889 1315 1315 0 157 957 211 0 1315 39 1315 1315 0 1051 962 1315 1315 0 1315 1315 347 0 1082 1315
843 0 252 802 110 860 128 5 3 0 839 0 843 2 0 605 881 4 538 27 843 21 0 843 0 843 1 633 8 843 843 396 843 806 330 0 0 0 0 5 34 3 843 0 804 0 0 843 0 51 0 0 1315 0 0 10 843 6 0
0 1315 591 0 188 0 1081 0 0 1315 4 1315 0 0 1315 0 0 0 0 0 0 808 1315 0 1315 0 504 0 467 0 0 0 0 37 0 889 1315 1315 0 157 957 211 0 1315 39 1315 1315 0 1051 962 1315 1315 0 1315 1315 347 0 1082 1315
0 1315 591 0 188 0 1081 0 0 1315 4 1315 0 0 1315 0 0 0 0 0 0 808 1315 0 1315 0 504 0 467 0 0 0 0 37 0 889 1315 1315 0 157 957 211 0 1315 39 1315 1315 0 1051 962 1315 1315 0 1315 1315 347 0 1082 1315
93 347 435 93 323 15 357 345 215 347 93 347 93 279 347 10 8 279 172 22 93 499 347 93 347 93 230 103 460 5 93 16 93 130 148 435 347 347 0 29 500 11 100 347 89 347 347 93 357 522 347 347 10 347 347 1315 93 433 347
1315 0 724 1274 140 1039 62 3 0 0 1311 0 1315 0 0 601 1104 2 250 20 1315 115 0 1315 0 1315 1 621 115 1026 1315 392 1315 1278 451 426 0 0 0 0 116 123 1227 0 1233 0 0 1315 186 39 0 0 843 0 0 93 1315 87 0
87 1082 678 87 295 6 929 21 5 1082 87 1082 87 21 1082 18 3 21 5 21 87 656 1082 87 1082 87 352 3 542 6 87 21 87 124 17 818 1082 1082 12 78 859 138 82 1082 83 1082 1082 87 902 810 1082 1082 6 1082 1082 433 87 1315 1082
0 1315 591 0 188 0 1081 0 0 1315 4 1315 0 0 1315 0 0 0 0 0 0 808 1315 0 1315 0 504 0 467 0 0 0 0 37 0 889 1315 1315 0 157 957 211 0 1315 39 1315 1315 0 1051 962 1315 1315 0 1315 1315 347 0 1082 1315
