6531 2392 904 978 1372 1329 672 974 635 625 633 728 1001 638 733 923 1234 768 1587 763 2080 2173 1582 765 1149 1107 2276 987 883 1239 1838 1583 606 578 1757 724 370 1879 2561 1288 1147 2887 2762 1524 1620 1878 407 519 1288 1100 1097 1182 1250 608 2278 80 936 2103 687
2392 6531 51 158 342 773 824 755 1266 570 1730 2245 341 585 1103 1714 1431 68 858 940 3186 1204 2117 17 2174 950 515 511 352 301 2590 481 0 1120 1647 510 968 105 3493 778 2255 4160 3874 1294 8 1056 130 510 2296 370 75 1599 1478 0 1909 931 0 3092 1558
904 51 6531 496 1420 292 914 873 585 1139 131 477 546 571 282 868 497 1387 769 1744 485 996 1480 2227 644 808 1991 1099 1139 2312 317 789 286 78 524 38 596 1543 45 2548 795 136 49 749 724 686 1838 518 315 390 207 222 242 2227 907 29 993 1424 237
978 158 496 6531 1967 455 721 460 1002 365 287 365 1902 1239 1947 1080 2036 549 1026 225 664 2459 607 73 572 739 1677 1067 1779 3322 160 2459 238 1676 1880 872 1138 2643 65 1423 443 221 65 89 2725 497 360 64 200 65 1421 200 200 73 2459 512 2594 101 1794
1372 342 1420 1967 6531 769 838 1960 490 359 13 422 628 1319 126 904 148 284 1039 266 425 1579 1911 374 437 892 2754 1209 725 1679 38 1360 336 12 1444 0 461 2403 37 1312 372 224 41 398 1323 878 1902 572 303 984 1170 907 907 374 1378 50 1524 57 235
1329 773 292 455 769 6531 847 945 334 1401 780 546 356 1130 670 1129 2099 599 2125 699 821 2347 1295 1891 1095 1255 1147 426 604 327 3807 3173 2880 425 2107 2929 337 771 3680 699 787 2335 3273 2877 2922 2951 273 2866 809 3516 1072 837 787 2814 1394 81 237 1267 445
672 824 914 721 838 847 6531 763 1184 678 520 499 634 698 740 755 745 1124 874 656 372 559 908 1566 685 989 470 795 437 799 513 294 501 603 771 720 858 501 541 1290 831 755 620 1011 367 652 1237 557 505 789 484 763 701 1280 426 1769 370 861 907
974 755 873 460 1960 945 763 6531 901 358 1134 513 266 789 556 511 893 896 1032 934 387 84 755 978 1011 1297 1151 748 52 320 725 171 712 559 428 588 544 191 815 636 402 940 777 809 176 474 1505 508 519 587 620 480 446 1024 152 1206 51 1093 699
635 1266 585 1002 490 334 1184 901 6531 362 1089 248 1354 476 1695 285 870 735 824 694 397 551 569 1023 999 496 229 1130 158 442 85 565 359 1696 976 1137 1266 657 0 1117 2259 235 0 1037 582 804 834 343 68 235 1362 0 0 1023 707 1950 625 0 2211
625 570 1139 365 359 1401 678 358 362 6531 303 1727 1486 1571 74 2346 375 1259 653 899 1655 647 332 626 1834 1368 359 1304 2275 208 1361 1174 1865 940 795 548 1412 866 1104 608 320 826 944 1041 717 741 1412 1273 2259 1848 408 2408 2563 1174 919 150 1935 661 348
633 1730 131 287 13 780 520 1134 1089 303 6531 659 143 1058 447 878 380 429 171 1270 794 1076 598 131 766 654 287 162 531 115 968 564 279 400 1421 279 399 602 1066 655 1304 1166 1036 240 492 532 73 335 355 279 152 22 22 208 1277 2420 50 629 502
728 2245 477 365 422 546 499 513 248 1727 659 6531 2385 2454 975 2315 767 674 251 1023 4361 673 1567 435 3152 958 1182 2200 3172 498 1421 651 168 1304 728 669 2622 1273 1898 336 1112 1851 1972 474 305 1153 1625 710 3768 81 106 3288 3167 484 1077 844 2575 1858 785
1001 341 546 1902 628 356 634 266 1354 1486 143 2385 6531 3012 2195 1736 637 1782 975 690 2506 1256 266 550 1804 758 916 3108 2841 1479 184 1113 241 2474 1508 1870 3666 1710 320 871 419 362 483 251 1379 1173 1025 118 2222 151 1007 2217 2217 613 1598 662 3166 194 2010
638 585 571 1239 1319 1130 698 789 476 1571 1058 2454 3012 6531 299 2328 116 656 500 825 2703 1224 662 385 1966 1134 720 1262 2832 795 877 977 1292 708 1529 309 1723 1348 823 775 80 797 918 771 979 21 1319 805 2474 605 433 2463 2463 515 1577 318 2883 446 109
733 1103 282 1947 126 670 740 556 1695 74 447 975 2195 299 6531 277 2906 1556 1381 1065 300 324 528 288 383 351 870 3809 299 1741 245 245 245 4700 298 3939 3889 98 245 295 2622 482 416 297 511 2198 376 1111 299 245 292 299 299 245 296 639 299 295 4746
923 1714 868 1080 904 1129 755 511 285 2346 878 2315 1736 2328 277 6531 479 902 1347 782 2693 742 1596 553 2495 941 409 1413 2205 210 1679 388 557 830 1102 0 1791 1037 1898 950 327 2167 1976 810 168 544 909 263 3125 1037 294 3013 2892 430 1358 450 1627 1806 230
1234 1431 497 2036 148 2099 745 893 870 375 380 767 637 116 2906 479 6531 488 1866 420 862 1081 924 1794 1077 325 903 1596 137 1267 1363 1373 1124 2589 1311 2486 1639 128 1866 401 1441 2172 1866 1078 1336 2521 638 1203 373 1088 738 130 96 1794 1016 394 92 901 2690
768 68 1387 549 284 599 1124 896 735 1259 429 674 1782 656 1556 902 488 6531 349 954 642 234 722 1999 955 783 320 2091 572 341 325 224 416 1942 216 1631 1962 899 255 1064 718 150 208 215 208 1392 1255 533 600 190 148 497 497 1516 68 1080 589 1164 1475
1587 858 769 1026 1039 2125 874 1032 824 653 171 251 975 500 1381 1347 1866 349 6531 103 394 1599 1847 1021 970 1965 1418 1448 367 1357 1981 1173 1737 959 1260 1826 998 601 2161 393 279 2057 2229 1979 1439 1270 452 1525 1237 2631 1817 1324 1324 1258 880 284 135 898 1029
763 940 1744 225 266 699 656 934 694 899 1270 1023 690 825 1065 782 420 954 103 6531 906 1106 733 523 748 437 635 756 1218 1730 900 735 666 1103 811 971 792 669 877 1855 1403 1177 979 674 858 1149 459 878 712 703 592 549 538 538 1292 553 464 2268 1044
2080 3186 485 664 425 821 372 387 397 1655 794 4361 2506 2703 300 2693 862 642 394 906 6531 1149 1989 107 3575 1192 224 1366 2903 131 2563 1006 35 629 1401 1 1826 1247 3392 986 104 3268 3389 955 471 1372 1309 1 4800 343 589 4103 3982 247 1789 761 2995 3120 110
2173 1204 996 2459 1579 2347 559 84 551 647 1076 673 1256 1224 324 742 1081 234 1599 1106 1149 6531 1595 1652 990 792 3208 316 2656 2664 2502 4804 1770 0 4486 1770 83 3490 2652 1974 1381 2185 2990 2431 4904 2569 24 1770 374 1771 2102 25 25 1786 4627 75 2831 566 20
1582 2117 1480 607 1911 1295 908 755 569 332 598 1567 266 662 528 1596 924 722 1847 733 1989 1595 6531 1398 1286 508 1749 931 435 1041 2485 1093 812 280 1586 791 513 1211 2546 1027 654 2723 2552 1501 1068 1213 689 1031 1831 1562 1118 1776 1655 1221 1469 691 418 2370 453
765 17 2227 73 374 1891 1566 978 1023 626 131 435 550 385 288 553 1794 1999 1021 523 107 1652 1398 6531 909 1140 606 3 322 173 1936 1567 1543 0 2571 1502 48 199 1509 2890 4 1158 1534 1884 1502 1688 2493 2012 143 1623 1275 62 28 5466 838 28 100 1430 20
1149 2174 644 572 437 1095 685 1011 999 1834 766 3152 1804 1966 383 2495 1077 955 970 748 3575 990 1286 909 6531 950 689 1769 2145 417 1306 801 609 1029 1824 356 2121 1165 1762 1216 500 1898 1873 677 266 1005 1157 583 2613 484 692 2430 2300 727 1708 521 1966 1995 504
1107 950 808 739 892 1255 989 1297 496 1368 654 958 758 1134 351 941 325 783 1965 437 1192 792 508 1140 950 6531 666 439 1250 668 1495 825 1026 337 1029 505 453 678 1416 1228 396 1383 1324 1296 799 421 1577 963 1934 1898 1718 2083 2083 1269 736 226 1352 1258 430
2276 515 1991 1677 2754 1147 470 1151 229 359 287 1182 916 720 870 409 903 320 1418 635 224 3208 1749 606 689 666 6531 1886 2273 2785 785 2608 615 651 1756 1163 1138 4042 606 532 2580 793 610 1022 3198 1525 833 1163 289 607 1210 121 121 606 2710 145 2145 3 791
987 511 1099 1067 1209 426 795 748 1130 1304 162 2200 3108 1262 3809 1413 1596 2091 1448 756 1366 316 931 3 1769 439 1886 6531 1262 1487 60 60 60 4300 6 3754 5476 1670 60 14 2253 10 64 63 326 2445 705 926 1262 60 120 1262 1262 60 429 776 1262 14 3914
883 352 1139 1779 725 604 437 52 158 2275 531 3172 2841 2832 299 2205 137 572 367 1218 2903 2656 435 322 2145 1250 2273 1262 6531 2068 703 2228 148 628 1670 0 1723 3124 649 660 1234 525 646 616 2310 407 2078 0 3462 260 635 3110 3110 464 2724 75 4915 530 109
1239 301 2312 3322 1679 327 799 320 442 208 115 498 1479 795 1741 210 1267 341 1357 1730 131 2664 1041 173 417 668 2785 1487 2068 6531 109 2350 51 1451 1468 891 1099 2863 0 2540 1017 192 4 466 2676 9 105 205 110 103 1486 167 167 22 3088 255 2444 1653 1708
1838 2590 317 160 38 3807 513 725 85 1361 968 1421 184 877 245 1679 1363 325 1981 900 2563 2502 2485 1936 1306 1495 785 60 703 109 6531 3336 2818 0 2470 2818 0 378 5421 686 164 4076 5014 3426 3003 2283 420 3203 2751 3698 904 2014 1893 2859 1401 647 202 2992 20
1583 481 789 2459 1360 3173 294 171 565 1174 564 651 1113 977 245 388 1373 224 1173 735 1006 4804 1093 1567 801 825 2608 60 2228 2350 3336 6531 3119 0 3501 2828 0 2983 2863 1379 839 1518 2456 2429 5639 2885 72 3170 255 2899 2240 22 22 2490 3934 93 2844 542 20
606 0 286 238 336 2880 501 712 359 1865 279 168 241 1292 245 557 1124 416 1737 666 35 1770 812 1543 609 1026 615 60 148 51 2818 3119 6531 0 1385 2828 0 199 2321 0 80 976 1914 2292 2850 1931 149 4094 104 3851 1290 431 586 2466 613 134 32 0 20
578 1120 78 1676 12 425 603 559 1696 940 400 1304 2474 708 4700 830 2589 1942 959 1103 629 0 280 0 1029 337 651 4300 628 1451 0 0 0 6531 2 3612 4371 711 0 214 2655 316 0 12 266 1903 420 866 628 0 72 628 628 0 151 557 628 214 4634
1757 1647 524 1880 1444 2107 771 428 976 795 1421 728 1508 1529 298 1102 1311 216 1260 811 1401 4486 1586 2571 1824 1029 1756 6 1670 1468 2470 3501 1385 2 6531 1353 646 2031 2347 3193 722 2488 2728 1901 3289 2335 1028 1858 606 1352 2373 265 217 2337 4173 75 2122 727 91
724 510 38 872 0 2929 720 588 1137 548 279 669 1870 309 3939 0 2486 1631 1826 971 1 1770 791 1502 356 505 1163 3754 0 891 2818 2828 2828 3612 1353 6531 3694 199 2321 0 2086 976 1914 2028 3094 3831 0 3694 0 2828 894 0 0 2425 613 647 0 0 3714
370 968 596 1138 461 337 858 544 1266 1412 399 2622 3666 1723 3889 1791 1639 1962 998 792 1826 83 513 48 2121 453 1138 5476 1723 1099 0 0 0 4371 646 3694 6531 1140 0 48 2671 253 135 158 266 2571 511 866 1723 0 120 1723 1723 0 875 639 1723 48 4056
1879 105 1543 2643 2403 771 501 191 657 866 602 1273 1710 1348 98 1037 128 899 601 669 1247 3490 1211 199 1165 678 4042 1670 3124 2863 378 2983 199 711 2031 199 1140 6531 199 1412 2127 57 203 615 3573 1551 388 199 849 200 1596 681 681 199 3025 409 3487 101 216
2561 3493 45 65 37 3680 541 815 0 1104 1066 1898 320 823 245 1898 1866 255 2161 877 3392 2652 2546 1509 1762 1416 606 60 649 0 5421 2863 2321 0 2347 2321 0 199 6531 716 0 5055 5993 3501 2328 2785 124 2321 2930 3201 904 2233 2112 2437 1799 746 124 3583 20
1288 778 2548 1423 1312 699 1290 636 1117 608 655 336 871 775 295 950 401 1064 393 1855 986 1974 1027 2890 1216 1228 532 14 660 2540 686 1379 0 214 3193 0 48 1412 716 6531 0 1043 708 364 1314 450 1964 510 244 73 2231 228 194 2179 2674 28 1563 2418 249
1147 2255 795 443 372 787 831 402 2259 320 1304 1112 419 80 2622 327 1441 718 279 1403 104 1381 654 4 500 396 2580 2253 1234 1017 164 839 80 2655 722 2086 2671 2127 0 0 6531 672 328 729 1429 2368 67 946 169 80 1 1 0 8 1537 9 782 7 3088
2887 4160 136 221 224 2335 755 940 235 826 1166 1851 362 797 482 2167 2172 150 2057 1177 3268 2185 2723 1158 1898 1383 793 10 525 192 4076 1518 976 316 2488 976 253 57 5055 1043 672 6531 5436 2780 983 2112 165 976 2806 1856 1065 2109 1988 976 2483 746 0 3943 302
2762 3874 49 65 41 3273 620 777 0 944 1036 1972 483 918 416 1976 1866 208 2229 979 3389 2990 2552 1534 1873 1324 610 64 646 4 5014 2456 1914 0 2728 1914 135 203 5993 708 328 5436 6531 3705 1921 2947 121 1914 2927 2794 770 2230 2109 1914 2180 746 121 3608 20
1524 1294 749 89 398 2877 1011 809 1037 1041 240 474 251 771 297 810 1078 215 1979 674 955 2431 1501 1884 677 1296 1022 63 616 466 3426 2429 2292 12 1901 2028 158 615 3501 364 729 2780 3705 6531 2464 2127 357 2276 1482 3053 1893 1478 1478 2377 1349 724 826 1506 22
1620 8 724 2725 1323 2922 367 176 582 717 492 305 1379 979 511 168 1336 208 1439 858 471 4904 1068 1502 266 799 3198 326 2310 2676 3003 5639 2850 266 3289 3094 266 3573 2328 1314 1429 983 1921 2464 6531 2370 0 2850 157 2851 2271 1 1 2425 3460 34 2807 7 286
1878 1056 686 497 878 2951 652 474 804 741 532 1153 1173 21 2198 544 2521 1392 1270 1149 1372 2569 1213 1688 1005 421 1525 2445 407 9 2283 2885 1931 1903 2335 3831 2571 1551 2785 450 2368 2112 2947 2127 2370 6531 41 2198 305 1928 1180 0 0 2094 1893 160 433 880 1923
407 130 1838 360 1902 273 1237 1505 834 1412 73 1625 1025 1319 376 909 638 1255 452 459 1309 24 689 2493 1157 1577 833 705 2078 105 420 72 149 420 1028 0 511 388 124 1964 67 165 121 357 0 41 6531 705 1795 769 148 2359 2325 2593 174 50 1944 160 214
519 510 518 64 572 2866 557 508 343 1273 335 710 118 805 1111 263 1203 533 1525 878 1 1770 1031 2012 583 963 1163 926 0 205 3203 3170 4094 866 1858 3694 866 199 2321 510 946 976 1914 2276 2850 2198 705 6531 144 3550 1399 420 420 2935 613 124 246 0 886
1288 2296 315 200 303 809 505 519 68 2259 355 3768 2222 2474 299 3125 373 600 1237 712 4800 374 1831 143 2613 1934 289 1262 3462 110 2751 255 104 628 606 0 1723 849 2930 244 169 2806 2927 1482 157 305 1795 144 6531 1312 114 5418 5297 285 590 832 2959 2826 109
1100 370 390 65 984 3516 789 587 235 1848 279 81 151 605 245 1037 1088 190 2631 703 343 1771 1562 1623 484 1898 607 60 260 103 3698 2899 3851 0 1352 2828 0 200 3201 73 80 1856 2794 3053 2851 1928 769 3550 1312 6531 1206 2362 2517 2546 614 50 196 900 20
1097 75 207 1421 1170 1072 484 620 1362 408 152 106 1007 433 292 294 738 148 1817 592 589 2102 1118 1275 692 1718 1210 120 635 1486 904 2240 1290 72 2373 894 120 1596 904 2231 1 1065 770 1893 2271 1180 148 1399 114 1206 6531 114 114 886 2666 865 1970 935 127
1182 1599 222 200 907 837 763 480 0 2408 22 3288 2217 2463 299 3013 130 497 1324 549 4103 25 1776 62 2430 2083 121 1262 3110 167 2014 22 431 628 265 0 1723 681 2233 228 1 2109 2230 1478 1 0 2359 420 5418 2362 114 6531 6347 204 361 273 3073 2129 109
1250 1478 242 200 907 787 701 446 0 2563 22 3167 2217 2463 299 2892 96 497 1324 538 3982 25 1655 28 2300 2083 121 1262 3110 167 1893 22 586 628 217 0 1723 681 2112 194 0 1988 2109 1478 1 0 2325 420 5297 2517 114 6347 6531 170 361 152 3073 2008 109
608 0 2227 73 374 2814 1280 1024 1023 1174 208 484 613 515 245 430 1794 1516 1258 538 247 1786 1221 5466 727 1269 606 60 464 22 2859 2490 2466 0 2337 2425 0 199 2437 2179 8 976 1914 2377 2425 2094 2593 2935 285 2546 886 204 170 6531 613 28 242 365 20
2278 1909 907 2459 1378 1394 426 152 707 919 1277 1077 1598 1577 296 1358 1016 68 880 1292 1789 4627 1469 838 1708 736 2710 429 2724 3088 1401 3934 613 151 4173 613 875 3025 1799 2674 1537 2483 2180 1349 3460 1893 174 613 590 614 2666 361 361 613 6531 75 3167 1490 278
80 931 29 512 50 81 1769 1206 1950 150 2420 844 662 318 639 450 394 1080 284 553 761 75 691 28 521 226 145 776 75 255 647 93 134 557 75 647 639 409 746 28 9 746 746 724 34 160 50 124 832 50 865 273 152 28 75 6531 62 746 814
936 0 993 2594 1524 237 370 51 625 1935 50 2575 3166 2883 299 1627 92 589 135 464 2995 2831 418 100 1966 1352 2145 1262 4915 2444 202 2844 32 628 2122 0 1723 3487 124 1563 782 0 121 826 2807 433 1944 246 2959 196 1970 3073 3073 242 3167 62 6531 20 109
2103 3092 1424 101 57 1267 861 1093 0 661 629 1858 194 446 295 1806 901 1164 898 2268 3120 566 2370 1430 1995 1258 3 14 530 1653 2992 542 0 214 727 0 48 101 3583 2418 7 3943 3608 1506 7 880 160 0 2826 900 935 2129 2008 365 1490 746 20 6531 249
687 1558 237 1794 235 445 907 699 2211 348 502 785 2010 109 4746 230 2690 1475 1029 1044 110 20 453 20 504 430 791 3914 109 1708 20 20 20 4634 91 3714 4056 216 20 249 3088 302 20 22 286 1923 214 886 109 20 127 109 109 20 278 814 109 249 6531
