2194 418 0 2194 0 1632 2 53 664 19 4 2194 1436 0 64 1129 0 0 53 1548 2194 2194 0 2194 10 2183 2092 11 289 0 240 0 2194 2194 2144 0 29 0 0 1073 0 2194 1159 3 2039 0 0 2194 1045 2194 1488 0 2194 2194 2194 2194 0 1423 2194
418 2194 0 418 1492 426 30 180 413 76 29 418 418 0 186 605 0 78 67 472 418 418 0 418 765 407 316 413 660 0 14 0 418 418 418 22 891 0 0 190 0 418 587 441 263 456 115 418 348 418 481 0 418 418 418 418 0 710 418
0 0 2194 0 7 16 680 4 151 11 742 0 26 0 806 0 0 210 0 60 0 0 0 0 73 0 43 383 0 0 0 0 0 0 0 26 77 0 0 0 0 0 0 746 0 1186 1114 0 32 0 81 0 0 0 0 0 0 0 0
2194 418 0 2194 0 1632 2 53 664 19 4 2194 1436 0 64 1129 0 0 53 1548 2194 2194 0 2194 10 2183 2092 11 289 0 240 0 2194 2194 2144 0 29 0 0 1073 0 2194 1159 3 2039 0 0 2194 1045 2194 1488 0 2194 2194 2194 2194 0 1423 2194
0 1492 7 0 2194 10 37 180 0 66 29 0 7 0 425 190 16 78 314 60 0 0 0 0 788 2 12 257 660 0 0 0 0 0 0 192 657 0 0 184 0 0 169 179 75 461 164 0 35 0 63 0 0 0 0 0 0 292 0
1632 426 16 1632 10 2194 2 55 679 20 26 1632 1439 0 102 858 428 20 54 986 1632 1632 0 1632 12 1621 1530 18 0 0 103 0 1632 1632 1582 3 34 0 0 758 0 1632 1190 23 1477 12 31 1632 1045 1632 1169 0 1632 1632 1632 1632 0 1414 1632
2 30 680 2 37 2 2194 293 0 729 164 2 2 1312 277 257 1 0 4 10 2 2 1312 2 443 2 45 384 278 1312 4 1312 2 2 2 0 35 1312 1312 84 1312 2 57 132 2 522 346 2 630 2 22 1312 2 2 2 2 1312 314 2
53 180 4 53 180 55 293 2194 241 985 570 53 58 973 77 63 0 435 25 59 53 53 973 53 300 53 53 201 28 973 25 973 53 53 53 13 347 973 973 701 973 53 70 20 53 131 400 53 38 53 63 973 53 53 53 53 973 137 53
664 413 151 664 0 679 0 241 2194 13 168 664 664 0 380 625 0 137 53 664 664 664 0 664 4 653 562 17 0 0 0 0 664 664 664 0 96 0 0 0 0 664 668 3 509 47 0 664 381 664 667 0 664 664 664 664 0 664 664
19 76 11 19 66 20 729 985 13 2194 573 19 15 1611 71 237 6 33 0 19 19 19 1611 19 186 19 19 252 0 1611 0 1611 19 19 19 15 481 1611 1611 876 1611 19 64 85 19 65 309 19 172 19 1 1611 19 19 19 19 1611 14 19
4 29 742 4 29 26 164 570 168 573 2194 4 4 552 507 51 15 245 0 61 4 4 552 4 100 4 4 208 47 552 0 552 4 4 4 62 178 552 552 448 552 4 5 219 4 419 753 4 6 4 44 552 4 4 4 4 552 4 4
2194 418 0 2194 0 1632 2 53 664 19 4 2194 1436 0 64 1129 0 0 53 1548 2194 2194 0 2194 10 2183 2092 11 289 0 240 0 2194 2194 2144 0 29 0 0 1073 0 2194 1159 3 2039 0 0 2194 1045 2194 1488 0 2194 2194 2194 2194 0 1423 2194
1436 418 26 1436 7 1439 2 58 664 15 4 1436 2194 0 64 765 0 0 53 790 1436 1436 0 1436 10 1425 1334 11 102 0 2 0 1436 1436 1386 758 228 0 0 697 0 1436 1159 3 1281 10 0 1436 971 1436 1071 0 1436 1436 1436 1436 0 1402 1436
0 0 0 0 0 0 1312 973 0 1611 552 0 0 2194 46 244 0 0 0 0 0 0 2194 0 440 0 0 182 274 2194 0 2194 0 0 0 0 401 2194 2194 874 2194 0 55 14 0 191 281 0 643 0 20 2194 0 0 0 0 2194 312 0
64 186 806 64 425 102 277 77 380 71 507 64 64 46 2194 150 5 250 36 183 64 64 46 64 245 64 44 310 114 46 0 46 64 64 64 214 163 46 46 54 46 64 134 360 113 624 582 64 66 64 145 46 64 64 64 64 46 105 64
1129 605 0 1129 190 858 257 63 625 237 51 1129 765 244 150 2194 29 69 53 1030 1129 1129 244 1129 122 1118 1027 178 324 244 240 244 1129 1129 1142 140 157 244 244 416 244 1129 733 10 974 69 0 1129 727 1129 1190 244 1129 1129 1129 1129 244 864 1129
0 0 0 0 16 428 1 0 0 6 15 0 0 0 5 29 2194 12 2 7 0 0 0 0 4 1 0 8 3 0 1 0 0 0 17 1 1 0 0 0 0 0 14 0 2 8 1 0 8 0 1 0 0 0 0 0 0 18 0
0 78 210 0 78 20 0 435 137 33 245 0 0 0 250 69 12 2194 2 7 0 0 0 0 96 4 1 15 766 0 0 0 0 0 0 590 379 0 0 0 0 0 35 295 0 253 26 0 6 0 2 0 0 0 0 0 0 0 0
53 67 0 53 314 54 4 25 53 0 0 53 53 0 36 53 2 2 2194 53 53 53 0 53 14 55 12 92 2 0 1656 0 53 53 71 1 6 0 0 0 0 53 53 37 70 9 0 53 58 53 94 0 53 53 53 53 0 64 53
1548 472 60 1548 60 986 10 59 664 19 61 1548 790 0 183 1030 7 7 53 2194 1548 1548 0 1548 171 1537 1446 11 352 0 240 0 1548 1548 1548 13 20 0 0 455 0 1548 819 63 1393 60 6 1548 510 1548 1246 0 1548 1548 1548 1548 0 790 1548
2194 418 0 2194 0 1632 2 53 664 19 4 2194 1436 0 64 1129 0 0 53 1548 2194 2194 0 2194 10 2183 2092 11 289 0 240 0 2194 2194 2144 0 29 0 0 1073 0 2194 1159 3 2039 0 0 2194 1045 2194 1488 0 2194 2194 2194 2194 0 1423 2194
2194 418 0 2194 0 1632 2 53 664 19 4 2194 1436 0 64 1129 0 0 53 1548 2194 2194 0 2194 10 2183 2092 11 289 0 240 0 2194 2194 2144 0 29 0 0 1073 0 2194 1159 3 2039 0 0 2194 1045 2194 1488 0 2194 2194 2194 2194 0 1423 2194
0 0 0 0 0 0 1312 973 0 1611 552 0 0 2194 46 244 0 0 0 0 0 0 2194 0 440 0 0 182 274 2194 0 2194 0 0 0 0 401 2194 2194 874 2194 0 55 14 0 191 281 0 643 0 20 2194 0 0 0 0 2194 312 0
2194 418 0 2194 0 1632 2 53 664 19 4 2194 1436 0 64 1129 0 0 53 1548 2194 2194 0 2194 10 2183 2092 11 289 0 240 0 2194 2194 2144 0 29 0 0 1073 0 2194 1159 3 2039 0 0 2194 1045 2194 1488 0 2194 2194 2194 2194 0 1423 2194
10 765 73 10 788 12 443 300 4 186 100 10 10 440 245 122 4 96 14 171 10 10 440 10 2194 10 11 229 536 440 0 440 10 10 10 22 238 440 440 286 440 10 150 218 10 488 36 10 290 10 168 440 10 10 10 10 440 614 10
2183 407 0 2183 2 1621 2 53 653 19 4 2183 1425 0 64 1118 1 4 55 1537 2183 2183 0 2183 10 2194 2081 11 293 0 240 0 2183 2183 2133 0 31 0 0 1073 0 2183 1148 3 2028 0 0 2183 1034 2183 1477 0 2183 2183 2183 2183 0 1412 2183
2092 316 43 2092 12 1530 45 53 562 19 4 2092 1334 0 44 1027 0 1 12 1446 2092 2092 0 2092 11 2081 2194 41 290 0 240 0 2092 2092 2042 2 30 0 0 1073 0 2092 1057 3 2031 43 0 2092 943 2092 1386 0 2092 2092 2092 2092 0 1321 2092
11 413 383 11 257 18 384 201 17 252 208 11 11 182 310 178 8 15 92 11 11 11 182 11 229 11 41 2194 27 182 88 182 11 11 11 13 253 182 182 294 182 11 53 422 40 294 375 11 55 11 163 182 11 11 11 11 182 211 11
289 660 0 289 660 0 278 28 0 0 47 289 102 274 114 324 3 766 2 352 289 289 274 289 536 293 290 27 2194 274 0 274 289 289 289 516 868 274 274 124 274 289 169 13 289 149 117 289 245 289 213 274 289 289 289 289 274 305 289
0 0 0 0 0 0 1312 973 0 1611 552 0 0 2194 46 244 0 0 0 0 0 0 2194 0 440 0 0 182 274 2194 0 2194 0 0 0 0 401 2194 2194 874 2194 0 55 14 0 191 281 0 643 0 20 2194 0 0 0 0 2194 312 0
240 14 0 240 0 103 4 25 0 0 0 240 2 0 0 240 1 0 1656 240 240 240 0 240 0 240 240 88 0 0 2194 0 240 240 258 81 0 0 0 161 0 240 0 61 298 9 0 240 67 240 281 0 240 240 240 240 0 11 240
0 0 0 0 0 0 1312 973 0 1611 552 0 0 2194 46 244 0 0 0 0 0 0 2194 0 440 0 0 182 274 2194 0 2194 0 0 0 0 401 2194 2194 874 2194 0 55 14 0 191 281 0 643 0 20 2194 0 0 0 0 2194 312 0
2194 418 0 2194 0 1632 2 53 664 19 4 2194 1436 0 64 1129 0 0 53 1548 2194 2194 0 2194 10 2183 2092 11 289 0 240 0 2194 2194 2144 0 29 0 0 1073 0 2194 1159 3 2039 0 0 2194 1045 2194 1488 0 2194 2194 2194 2194 0 1423 2194
2194 418 0 2194 0 1632 2 53 664 19 4 2194 1436 0 64 1129 0 0 53 1548 2194 2194 0 2194 10 2183 2092 11 289 0 240 0 2194 2194 2144 0 29 0 0 1073 0 2194 1159 3 2039 0 0 2194 1045 2194 1488 0 2194 2194 2194 2194 0 1423 2194
2144 418 0 2144 0 1582 2 53 664 19 4 2144 1386 0 64 1142 17 0 71 1548 2144 2144 0 2144 10 2133 2042 11 289 0 258 0 2144 2144 2194 2 29 0 0 1023 0 2144 1170 3 1989 0 0 2144 995 2144 1488 0 2144 2144 2144 2144 0 1373 2144
0 22 26 0 192 3 0 13 0 15 62 0 758 0 214 140 1 590 1 13 0 0 0 0 22 0 2 13 516 0 81 0 0 0 2 2194 237 0 0 53 0 0 49 29 0 54 49 0 39 0 4 0 0 0 0 0 0 18 0
29 891 77 29 657 34 35 347 96 481 178 29 228 401 163 157 1 379 6 20 29 29 401 29 238 31 30 253 868 401 0 401 29 29 29 237 2194 401 401 476 401 29 128 388 29 86 130 29 57 29 57 401 29 29 29 29 401 59 29
0 0 0 0 0 0 1312 973 0 1611 552 0 0 2194 46 244 0 0 0 0 0 0 2194 0 440 0 0 182 274 2194 0 2194 0 0 0 0 401 2194 2194 874 2194 0 55 14 0 191 281 0 643 0 20 2194 0 0 0 0 2194 312 0
0 0 0 0 0 0 1312 973 0 1611 552 0 0 2194 46 244 0 0 0 0 0 0 2194 0 440 0 0 182 274 2194 0 2194 0 0 0 0 401 2194 2194 874 2194 0 55 14 0 191 281 0 643 0 20 2194 0 0 0 0 2194 312 0
1073 190 0 1073 184 758 84 701 0 876 448 1073 697 874 54 416 0 0 0 455 1073 1073 874 1073 286 1073 1073 294 124 874 161 874 1073 1073 1023 53 476 874 874 2194 874 1073 367 122 1073 181 281 1073 622 1073 501 874 1073 1073 1073 1073 874 806 1073
0 0 0 0 0 0 1312 973 0 1611 552 0 0 2194 46 244 0 0 0 0 0 0 2194 0 440 0 0 182 274 2194 0 2194 0 0 0 0 401 2194 2194 874 2194 0 55 14 0 191 281 0 643 0 20 2194 0 0 0 0 2194 312 0
2194 418 0 2194 0 1632 2 53 664 19 4 2194 1436 0 64 1129 0 0 53 1548 2194 2194 0 2194 10 2183 2092 11 289 0 240 0 2194 2194 2144 0 29 0 0 1073 0 2194 1159 3 2039 0 0 2194 1045 2194 1488 0 2194 2194 2194 2194 0 1423 2194
1159 587 0 1159 169 1190 57 70 668 64 5 1159 1159 55 134 733 14 35 53 819 1159 1159 55 1159 150 1148 1057 53 169 55 0 55 1159 1159 1170 49 128 55 55 367 55 1159 2194 8 1004 36 303 1159 666 1159 1122 55 1159 1159 1159 1159 55 1159 1159
3 441 746 3 179 23 132 20 3 85 219 3 3 14 360 10 0 295 37 63 3 3 14 3 218 3 3 422 13 14 61 14 3 3 3 29 388 14 14 122 14 3 8 2194 3 834 464 3 23 3 84 14 3 3 3 3 14 41 3
2039 263 0 2039 75 1477 2 53 509 19 4 2039 1281 0 113 974 2 0 70 1393 2039 2039 0 2039 10 2028 2031 40 289 0 298 0 2039 2039 1989 0 29 0 0 1073 0 2039 1004 3 2194 0 0 2039 890 2039 1333 0 2039 2039 2039 2039 0 1268 2039
0 456 1186 0 461 12 522 131 47 65 419 0 10 191 624 69 8 253 9 60 0 0 191 0 488 0 43 294 149 191 9 191 0 0 0 54 86 191 191 181 191 0 36 834 0 2194 514 0 184 0 81 191 0 0 0 0 191 363 0
0 115 1114 0 164 31 346 400 0 309 753 0 0 281 582 0 1 26 0 6 0 0 281 0 36 0 0 375 117 281 0 281 0 0 0 49 130 281 281 281 281 0 303 464 0 514 2194 0 2 0 4 281 0 0 0 0 281 0 0
2194 418 0 2194 0 1632 2 53 664 19 4 2194 1436 0 64 1129 0 0 53 1548 2194 2194 0 2194 10 2183 2092 11 289 0 240 0 2194 2194 2144 0 29 0 0 1073 0 2194 1159 3 2039 0 0 2194 1045 2194 1488 0 2194 2194 2194 2194 0 1423 2194
1045 348 32 1045 35 1045 630 38 381 172 6 1045 971 643 66 727 8 6 58 510 1045 1045 643 1045 290 1034 943 55 245 643 67 643 1045 1045 995 39 57 643 643 622 643 1045 666 23 890 184 2 1045 2194 1045 660 643 1045 1045 1045 1045 643 1176 1045
2194 418 0 2194 0 1632 2 53 664 19 4 2194 1436 0 64 1129 0 0 53 1548 2194 2194 0 2194 10 2183 2092 11 289 0 240 0 2194 2194 2144 0 29 0 0 1073 0 2194 1159 3 2039 0 0 2194 1045 2194 1488 0 2194 2194 2194 2194 0 1423 2194
1488 481 81 1488 63 1169 22 63 667 1 44 1488 1071 20 145 1190 1 2 94 1246 1488 1488 20 1488 168 1477 1386 163 213 20 281 20 1488 1488 1488 4 57 20 20 501 20 1488 1122 84 1333 81 4 1488 660 1488 2194 20 1488 1488 1488 1488 20 1168 1488
0 0 0 0 0 0 1312 973 0 1611 552 0 0 2194 46 244 0 0 0 0 0 0 2194 0 440 0 0 182 274 2194 0 2194 0 0 0 0 401 2194 2194 874 2194 0 55 14 0 191 281 0 643 0 20 2194 0 0 0 0 2194 312 0
2194 418 0 2194 0 1632 2 53 664 19 4 2194 1436 0 64 1129 0 0 53 1548 2194 2194 0 2194 10 2183 2092 11 289 0 240 0 2194 2194 2144 0 29 0 0 1073 0 2194 1159 3 2039 0 0 2194 1045 2194 1488 0 2194 2194 2194 2194 0 1423 2194
2194 418 0 2194 0 1632 2 53 664 19 4 2194 1436 0 64 1129 0 0 53 1548 2194 2194 0 2194 10 2183 2092 11 289 0 240 0 2194 2194 2144 0 29 0 0 1073 0 2194 1159 3 2039 0 0 2194 1045 2194 1488 0 2194 2194 2194 2194 0 1423 2194
2194 418 0 2194 0 1632 2 53 664 19 4 2194 1436 0 64 1129 0 0 53 1548 2194 2194 0 2194 10 2183 2092 11 289 0 240 0 2194 2194 2144 0 29 0 0 1073 0 2194 1159 3 2039 0 0 2194 1045 2194 1488 0 2194 2194 2194 2194 0 1423 2194
2194 418 0 2194 0 1632 2 53 664 19 4 2194 1436 0 64 1129 0 0 53 1548 2194 2194 0 2194 10 2183 2092 11 289 0 240 0 2194 2194 2144 0 29 0 0 1073 0 2194 1159 3 2039 0 0 2194 1045 2194 1488 0 2194 2194 2194 2194 0 1423 2194
0 0 0 0 0 0 1312 973 0 1611 552 0 0 2194 46 244 0 0 0 0 0 0 2194 0 440 0 0 182 274 2194 0 2194 0 0 0 0 401 2194 2194 874 2194 0 55 14 0 191 281 0 643 0 20 2194 0 0 0 0 2194 312 0
1423 710 0 1423 292 1414 314 137 664 14 4 1423 1402 312 105 864 18 0 64 790 1423 1423 312 1423 614 1412 1321 211 305 312 11 312 1423 1423 1373 18 59 312 312 806 312 1423 1159 41 1268 363 0 1423 1176 1423 1168 312 1423 1423 1423 1423 312 2194 1423
2194 418 0 2194 0 1632 2 53 664 19 4 2194 1436 0 64 1129 0 0 53 1548 2194 2194 0 2194 10 2183 2092 11 289 0 240 0 2194 2194 2144 0 29 0 0 1073 0 2194 1159 3 2039 0 0 2194 1045 2194 1488 0 2194 2194 2194 2194 0 1423 2194
