8894 3778 3773 1432 3520 642 296 460 203 59 329 557 240 0 61 2386 3690 165 46 1739 3874 507 1276 3503 348 139 24 147 747 1024 1794 1565 0 3778 425 20 167 2316 3620 3890 241 4559 3596 1065 3676 42 32 1155 1107 1909 1390 876 716 819 542 3980 3676 0 2135
3778 8894 3671 2439 4642 133 74 819 1316 62 749 1196 339 285 32 31 4805 582 226 2209 3600 753 92 2847 194 52 287 705 315 400 0 2481 963 3893 348 307 880 2357 133 2946 518 4664 3829 1065 4636 382 0 418 274 273 1034 112 259 391 232 3622 4636 1126 1804
3773 3671 8894 1382 3440 191 273 550 210 370 61 1155 97 872 75 549 3792 702 694 1679 3370 754 765 2925 87 18 0 247 181 440 62 1482 0 3331 461 322 65 2451 551 2987 1245 3665 3540 2198 3331 391 828 97 669 143 1198 247 0 1585 336 3239 3331 186 1956
1432 2439 1382 8894 1299 28 75 1665 269 52 68 935 107 398 69 152 2827 391 14 1779 1297 653 112 2837 0 46 15 138 254 736 235 1682 1821 2718 96 193 135 1149 80 1603 740 2088 1915 1074 4217 155 131 1297 381 97 975 925 349 1194 140 2035 4119 228 1662
3520 4642 3440 1299 8894 867 215 1524 2777 368 1403 633 385 295 714 579 3953 300 1348 1912 3871 1737 122 2529 58 34 310 1022 507 33 0 3928 310 3979 10 464 1 3404 560 2744 103 4991 3506 1190 4253 7 106 409 100 666 0 0 329 7 279 4375 4302 2568 1921
642 133 191 28 867 8894 4271 1371 850 166 4025 320 4673 77 764 339 254 551 516 332 53 1794 4370 570 5193 5169 51 4692 1090 454 10 963 566 180 5030 7 201 45 2356 314 549 507 564 404 95 158 860 1231 2425 3346 249 726 74 727 3255 543 95 850 216
296 74 273 75 215 4271 8894 1131 171 176 4081 160 5175 198 81 73 47 1491 268 175 201 1115 3777 246 4930 4661 130 4886 722 14 12 120 56 77 4486 116 364 100 1567 849 929 49 87 712 174 261 587 811 2062 2553 115 541 484 812 3113 109 162 311 1258
460 819 550 1665 1524 1371 1131 8894 1444 1259 2905 782 846 516 158 99 829 461 645 784 718 1995 929 3170 671 922 85 1148 1116 654 271 1955 120 542 608 453 151 674 924 807 441 1258 1781 889 418 1172 66 491 1747 765 18 34 380 2676 1131 677 418 1458 527
203 1316 210 269 2777 850 171 1444 8894 78 1818 62 631 988 2263 1110 402 279 2195 796 373 1470 64 370 43 23 542 874 20 0 913 2754 91 270 19 1671 123 128 940 232 410 1299 372 1678 954 1677 37 480 183 356 0 39 865 73 297 213 414 3492 211
59 62 370 52 368 166 176 1259 78 8894 658 149 0 163 1281 1127 24 1004 2118 526 53 893 1069 856 287 129 386 615 2156 624 114 168 1822 72 31 134 171 484 962 0 258 1 1407 123 330 1672 319 566 645 1041 442 287 1217 1386 228 382 330 1392 209
329 749 61 68 1403 4025 4081 2905 1818 658 8894 339 4553 682 448 477 307 844 1456 663 414 1315 3818 1071 4123 3591 0 3673 616 40 123 1478 19 173 3631 321 32 475 1705 49 148 268 532 460 68 470 545 1016 2072 3012 19 402 463 901 2779 358 68 1972 824
557 1196 1155 935 633 320 160 782 62 149 339 8894 224 0 1338 69 533 1173 268 1242 573 698 561 760 171 1210 0 483 1538 247 65 852 579 537 87 1546 347 858 128 1115 1894 543 639 501 537 541 192 202 919 94 455 269 297 1383 207 982 545 258 782
240 339 97 107 385 4673 5175 846 631 0 4553 224 8894 364 352 22 35 1448 442 175 206 970 3967 41 6508 4613 110 5760 233 114 424 238 0 298 5584 82 267 163 1659 128 282 140 133 852 42 426 895 810 2047 2572 39 482 471 288 2595 31 55 753 772
0 285 872 398 295 77 198 516 988 163 682 0 364 8894 469 436 917 194 33 375 378 426 217 253 31 13 116 269 44 0 60 987 143 187 570 125 618 224 141 344 608 98 213 479 511 57 23 463 364 46 19 621 655 62 352 30 178 440 312
61 32 75 69 714 764 81 158 2263 1281 448 1338 352 469 8894 1490 46 1097 2088 1914 153 334 1032 277 929 770 0 513 1189 472 2601 822 1410 0 301 0 41 194 878 61 1635 126 113 2084 0 1823 772 446 261 0 486 209 237 966 77 54 0 1756 0
2386 31 549 152 579 339 73 99 1110 1127 477 69 22 436 1490 8894 0 663 1604 703 131 2010 596 383 294 0 0 12 53 1143 810 1129 732 0 0 0 127 155 3185 760 647 497 141 419 0 441 172 112 341 15 2355 1314 0 952 368 582 0 1136 1029
3690 4805 3792 2827 3953 254 47 829 402 24 307 533 35 917 46 0 8894 181 145 1880 3992 531 179 2866 185 80 406 231 346 620 19 1584 842 4985 1691 70 425 2617 203 3018 405 5038 3908 1102 5469 20 0 535 168 358 701 0 584 20 283 4660 5544 3 1854
165 582 702 391 300 551 1491 461 279 1004 844 1173 1448 194 1097 663 181 8894 1472 793 122 247 1270 579 1445 28 2 1646 67 201 533 239 1085 220 840 35 572 266 153 398 183 127 309 297 123 891 40 518 436 0 734 107 673 745 204 84 123 478 2329
46 226 694 14 1348 516 268 645 2195 2118 1456 268 442 33 2088 1604 145 1472 8894 1142 273 697 1173 165 728 28 58 573 1032 356 931 1447 1324 145 19 27 32 278 1499 9 156 305 283 1929 145 1517 1450 0 149 396 1121 132 975 514 379 148 145 2213 121
1739 2209 1679 1779 1912 332 175 784 796 526 663 1242 175 375 1914 703 1880 793 1142 8894 2048 852 409 1867 459 321 22 105 1262 355 899 1913 351 2061 190 83 98 1280 298 2324 1195 2086 2775 2062 2061 1031 674 305 351 15 43 152 443 778 237 1930 2061 746 2115
3874 3600 3370 1297 3871 53 201 718 373 53 414 573 206 378 153 131 3992 122 273 2048 8894 838 371 2777 29 945 47 207 456 212 448 1605 0 3813 5 55 655 2657 159 2921 207 3951 3462 1207 3802 102 482 675 147 410 44 396 674 108 319 4011 3802 169 1818
507 753 754 653 1737 1794 1115 1995 1470 893 1315 698 970 426 334 2010 531 247 697 852 838 8894 1606 992 970 1012 0 1480 614 243 60 2150 166 455 993 352 235 470 727 461 346 1267 1193 470 455 469 187 240 1397 921 811 322 296 660 651 579 455 1736 1254
1276 92 765 112 122 4370 3777 929 64 1069 3818 561 3967 217 1032 596 179 1270 1173 409 371 1606 8894 92 4128 3924 0 4758 277 335 1085 35 1200 0 3991 419 107 0 2315 523 227 223 117 508 0 1009 778 1204 2621 3411 488 641 472 377 2971 30 0 76 0
3503 2847 2925 2837 2529 570 246 3170 370 856 1071 760 41 253 277 383 2866 579 165 1867 2777 992 92 8894 537 53 0 86 664 1437 186 1638 1 2713 316 36 42 1285 1151 2847 91 2646 3477 1348 2554 2368 186 1153 2387 747 454 150 0 2824 517 2526 2669 330 1902
348 194 87 0 58 5193 4930 671 43 287 4123 171 6508 31 929 294 185 1445 728 459 29 970 4128 537 8894 4581 0 5494 741 0 1186 75 156 324 6072 39 85 97 2062 65 360 141 56 1436 43 1278 1626 1197 2277 2984 45 742 277 439 3008 25 43 97 622
139 52 18 46 34 5169 4661 922 23 129 3591 1210 4613 13 770 0 80 28 28 321 945 1012 3924 53 4581 8894 0 4624 2213 642 0 144 0 34 4590 194 680 430 1641 1002 1789 190 39 292 18 8 1544 805 1827 2637 98 1285 12 583 3168 1142 18 0 156
24 287 0 15 310 51 130 85 542 386 0 0 110 116 0 0 406 2 58 22 47 0 0 0 0 0 8894 112 448 118 0 25 749 465 487 0 10 551 80 1835 0 487 550 60 901 2 93 663 0 521 1 0 729 0 197 443 626 31 109
147 705 247 138 1022 4692 4886 1148 874 615 3673 483 5760 269 513 12 231 1646 573 105 207 1480 4758 86 5494 4624 112 8894 268 365 0 801 595 307 5570 226 146 113 1626 461 521 753 102 384 91 600 545 645 2090 2615 219 566 49 394 2826 186 48 894 565
747 315 181 254 507 1090 722 1116 20 2156 616 1538 233 44 1189 53 346 67 1032 1262 456 614 277 664 741 2213 448 268 8894 93 8 328 1095 181 484 138 575 1301 1656 1404 2147 197 653 357 603 139 533 1456 798 2444 214 309 1852 972 1369 1506 603 875 266
1024 400 440 736 33 454 14 654 0 624 40 247 114 0 472 1143 620 201 356 355 212 243 335 1437 0 642 118 365 93 8894 319 377 947 330 48 32 2265 43 1059 353 454 329 53 0 600 1422 646 459 887 50 982 1475 3 1535 0 1064 888 25 7
1794 0 62 235 0 10 12 271 913 114 123 65 424 60 2601 810 19 533 931 899 448 60 1085 186 1186 0 0 0 8 319 8894 42 319 0 260 0 0 0 1133 819 41 188 212 2212 0 1097 1513 1803 70 744 252 35 443 321 199 393 0 960 484
1565 2481 1482 1682 3928 963 120 1955 2754 168 1478 852 238 987 822 1129 1584 239 1447 1913 1605 2150 35 1638 75 144 25 801 328 377 42 8894 0 1954 319 834 73 1404 659 2087 521 3063 2136 1261 1954 118 53 416 134 356 166 124 37 347 333 1370 1998 2862 2521
0 963 0 1821 310 566 56 120 91 1822 19 579 0 143 1410 732 842 1085 1324 351 0 166 1200 1 156 0 749 595 1095 947 319 0 8894 0 0 190 17 594 116 309 182 0 55 53 2789 1025 83 1237 0 693 1724 91 1199 204 5 603 2789 270 89
3778 3893 3331 2718 3979 180 77 542 270 72 173 537 298 187 0 0 4985 220 145 2061 3813 455 0 2713 324 34 465 307 181 330 0 1954 0 8894 1013 0 0 2596 244 3029 446 5365 4249 1065 5288 0 0 612 102 326 0 0 287 0 365 4576 5163 124 2289
425 348 461 96 10 5030 4486 608 19 31 3631 87 5584 570 301 0 1691 840 19 190 5 993 3991 316 6072 4590 487 5570 484 48 260 319 0 1013 8894 8 430 52 1866 286 282 1472 1058 418 386 289 681 1159 2100 3436 18 402 847 376 2914 0 318 19 504
20 307 322 193 464 7 116 453 1671 134 321 1546 82 125 0 0 70 35 27 83 55 352 419 36 39 194 0 226 138 32 0 834 190 0 8 8894 45 268 44 176 223 42 0 150 49 2886 11 400 490 27 192 10 245 55 110 265 45 259 307
167 880 65 135 1 201 364 151 123 171 32 347 267 618 41 127 425 572 32 98 655 235 107 42 85 680 10 146 575 2265 0 73 17 0 430 45 8894 624 203 553 434 2 17 2 14 173 784 73 33 71 252 744 1330 995 0 786 14 339 15
2316 2357 2451 1149 3404 45 100 674 128 484 475 858 163 224 194 155 2617 266 278 1280 2657 470 0 1285 97 430 551 113 1301 43 0 1404 594 2596 52 268 624 8894 98 2026 140 2511 2067 1299 2925 154 511 577 53 624 44 102 494 183 211 3518 2962 213 1233
3620 133 551 80 560 2356 1567 924 940 962 1705 128 1659 141 878 3185 203 153 1499 298 159 727 2315 1151 2062 1641 80 1626 1656 1059 1133 659 116 244 1866 44 203 98 8894 1039 172 610 141 200 204 161 1040 1505 3391 2688 1522 1304 614 1199 3308 550 80 892 487
3890 2946 2987 1603 2744 314 849 807 232 0 49 1115 128 344 61 760 3018 398 9 2324 2921 461 523 2847 65 1002 1835 461 1404 353 819 2087 309 3029 286 176 553 2026 1039 8894 544 3142 3233 1065 3029 153 543 97 100 74 246 295 42 293 854 3375 3074 0 2307
241 518 1245 740 103 549 929 441 410 258 148 1894 282 608 1635 647 405 183 156 1195 207 346 227 91 360 1789 0 521 2147 454 41 521 182 446 282 223 434 140 172 544 8894 274 168 821 290 417 84 258 158 86 1367 563 377 1852 478 734 290 150 0
4559 4664 3665 2088 4991 507 49 1258 1299 1 268 543 140 98 126 497 5038 127 305 2086 3951 1267 223 2646 141 190 487 753 197 329 188 3063 0 5365 1472 42 2 2511 610 3142 274 8894 4744 1166 5019 109 258 314 187 779 616 354 858 163 238 4413 4951 1109 2321
3596 3829 3540 1915 3506 564 87 1781 372 1407 532 639 133 213 113 141 3908 309 283 2775 3462 1193 117 3477 56 39 550 102 653 53 212 2136 55 4249 1058 0 17 2067 141 3233 168 4744 8894 1634 3888 750 485 384 1076 580 0 0 846 939 752 3371 3820 433 2201
1065 1065 2198 1074 1190 404 712 889 1678 123 460 501 852 479 2084 419 1102 297 1929 2062 1207 470 508 1348 1436 292 60 384 357 0 2212 1261 53 1065 418 150 2 1299 200 1065 821 1166 1634 8894 1118 1124 2631 442 415 417 171 20 63 676 696 990 1065 227 1599
3676 4636 3331 4217 4253 95 174 418 954 330 68 537 42 511 0 0 5469 123 145 2061 3802 455 0 2554 43 18 901 91 603 600 0 1954 2789 5288 386 49 14 2925 204 3029 290 5019 3888 1118 8894 0 0 1324 0 673 882 0 1299 0 304 5097 8102 0 2273
42 382 391 155 7 158 261 1172 1677 1672 470 541 426 57 1823 441 20 891 1517 1031 102 469 1009 2368 1278 8 2 600 139 1422 1097 118 1025 0 289 2886 173 154 161 153 417 109 750 1124 0 8894 1273 123 2013 107 355 47 56 1650 111 250 0 98 10
32 0 828 131 106 860 587 66 37 319 545 192 895 23 772 172 0 40 1450 674 482 187 778 186 1626 1544 93 545 533 646 1513 53 83 0 681 11 784 511 1040 543 84 258 485 2631 0 1273 8894 0 1872 620 158 887 251 126 1960 957 0 503 1024
1155 418 97 1297 409 1231 811 491 480 566 1016 202 810 463 446 112 535 518 0 305 675 240 1204 1153 1197 805 663 645 1456 459 1803 416 1237 612 1159 400 73 577 1505 97 258 314 384 442 1324 123 0 8894 1474 2665 8 968 2218 376 1646 581 1331 391 968
1107 274 669 381 100 2425 2062 1747 183 645 2072 919 2047 364 261 341 168 436 149 351 147 1397 2621 2387 2277 1827 0 2090 798 887 70 134 0 102 2100 490 33 53 3391 100 158 187 1076 415 0 2013 1872 1474 8894 2787 332 477 247 913 3363 107 0 479 517
1909 273 143 97 666 3346 2553 765 356 1041 3012 94 2572 46 0 15 358 0 396 15 410 921 3411 747 2984 2637 521 2615 2444 50 744 356 693 326 3436 27 71 624 2688 74 86 779 580 417 673 107 620 2665 2787 8894 91 554 1730 333 3669 482 673 944 790
1390 1034 1198 975 0 249 115 18 0 442 19 455 39 19 486 2355 701 734 1121 43 44 811 488 454 45 98 1 219 214 982 252 166 1724 0 18 192 252 44 1522 246 1367 616 0 171 882 355 158 8 332 91 8894 917 6 1105 23 150 882 379 675
876 112 247 925 0 726 541 34 39 287 402 269 482 621 209 1314 0 107 132 152 396 322 641 150 742 1285 0 566 309 1475 35 124 91 0 402 10 744 102 1304 295 563 354 0 20 0 47 887 968 477 554 917 8894 1040 539 709 841 0 153 0
716 259 0 349 329 74 484 380 865 1217 463 297 471 655 237 0 584 673 975 443 674 296 472 0 277 12 729 49 1852 3 443 37 1199 287 847 245 1330 494 614 42 377 858 846 63 1299 56 251 2218 247 1730 6 1040 8894 444 136 548 1193 8 561
819 391 1585 1194 7 727 812 2676 73 1386 901 1383 288 62 966 952 20 745 514 778 108 660 377 2824 439 583 0 394 972 1535 321 347 204 0 376 55 995 183 1199 293 1852 163 939 676 0 1650 126 376 913 333 1105 539 444 8894 293 292 0 113 7
542 232 336 140 279 3255 3113 1131 297 228 2779 207 2595 352 77 368 283 204 379 237 319 651 2971 517 3008 3168 197 2826 1369 0 199 333 5 365 2914 110 0 211 3308 854 478 238 752 696 304 111 1960 1646 3363 3669 23 709 136 293 8894 242 305 694 496
3980 3622 3239 2035 4375 543 109 677 213 382 358 982 31 30 54 582 4660 84 148 1930 4011 579 30 2526 25 1142 443 186 1506 1064 393 1370 603 4576 0 265 786 3518 550 3375 734 4413 3371 990 5097 250 957 581 107 482 150 841 548 292 242 8894 5097 6 1600
3676 4636 3331 4119 4302 95 162 418 414 330 68 545 55 178 0 0 5544 123 145 2061 3802 455 0 2669 43 18 626 48 603 888 0 1998 2789 5163 318 45 14 2962 80 3074 290 4951 3820 1065 8102 0 0 1331 0 673 882 0 1193 0 305 5097 8894 0 2239
0 1126 186 228 2568 850 311 1458 3492 1392 1972 258 753 440 1756 1136 3 478 2213 746 169 1736 76 330 97 0 31 894 875 25 960 2862 270 124 19 259 339 213 892 0 150 1109 433 227 0 98 503 391 479 944 379 153 8 113 694 6 0 8894 433
2135 1804 1956 1662 1921 216 1258 527 211 209 824 782 772 312 0 1029 1854 2329 121 2115 1818 1254 0 1902 622 156 109 565 266 7 484 2521 89 2289 504 307 15 1233 487 2307 0 2321 2201 1599 2273 10 1024 968 517 790 675 0 561 7 496 1600 2239 433 8894
