1791 451 64 499 394 394 416 388 3 408 286 287 91 6 155 818 394 13 91 848 414 394 155 91 394 394 668 901 155 29 394 394 1005 394 394 394 513 359 638 391 263 394 701 91 358 509 394 394 394 308 394 188 165 1053 394 394 13 394 394
451 1791 776 304 655 655 655 655 46 676 657 942 534 0 7 760 655 2 771 550 257 655 7 771 655 655 457 851 7 1 655 655 137 655 655 655 681 7 0 679 137 655 18 771 284 736 655 655 655 106 655 209 593 345 655 655 2 655 655
64 776 1791 306 0 0 0 0 46 21 0 270 536 0 1018 0 0 0 773 0 6 0 1018 773 0 0 112 0 849 0 0 0 8 0 0 0 23 0 274 24 173 0 270 773 83 157 0 0 0 58 0 163 41 0 0 0 0 0 0
499 304 306 1791 34 34 56 0 46 25 2 616 1324 11 1 408 34 2 1324 408 300 34 1 1324 34 34 23 408 145 1 34 34 479 34 34 34 1 34 1068 25 60 34 484 1324 773 1 34 34 34 116 34 34 211 408 34 34 2 34 34
394 655 0 34 1791 1791 1446 1206 0 1095 697 1178 0 0 0 415 1791 0 0 205 1393 1791 0 0 1791 1791 0 506 0 0 1791 1791 75 1791 1791 1791 993 1098 128 1443 76 1791 0 0 284 774 1791 1791 1791 1147 1791 1075 1212 0 1791 1791 0 1791 1791
394 655 0 34 1791 1791 1446 1206 0 1095 697 1178 0 0 0 415 1791 0 0 205 1393 1791 0 0 1791 1791 0 506 0 0 1791 1791 75 1791 1791 1791 993 1098 128 1443 76 1791 0 0 284 774 1791 1791 1791 1147 1791 1075 1212 0 1791 1791 0 1791 1791
416 655 0 56 1446 1446 1791 1206 0 1248 740 833 0 0 153 437 1446 43 0 227 1048 1446 153 0 1446 1446 2 528 153 118 1446 1446 97 1446 1446 1446 993 753 150 1098 176 1446 22 0 273 927 1446 1446 1446 865 1446 730 867 22 1446 1446 275 1446 1446
388 655 0 0 1206 1206 1206 1791 214 1103 701 685 66 66 8 417 1206 4 0 207 808 1206 8 0 1206 1206 3 508 8 2 1206 1206 77 1206 1206 1206 1163 513 130 1048 73 1206 2 0 222 782 1206 1206 1206 625 1206 490 627 2 1206 1206 4 1206 1206
3 46 46 46 0 0 0 214 1791 2 0 24 112 41 0 0 0 0 46 0 1 0 0 46 0 0 0 0 0 0 0 0 2 0 0 0 3 0 3 3 0 0 102 46 87 9 0 0 0 0 0 38 13 0 0 0 0 0 0
408 676 21 25 1095 1095 1248 1103 2 1791 707 708 21 0 525 524 1095 10 21 314 697 1095 525 21 1095 1095 104 615 525 16 1095 1095 184 1095 1095 1095 1102 402 237 1111 548 1095 42 21 217 1299 1095 1095 1095 514 1095 379 571 109 1095 1095 144 1095 1095
286 657 0 2 697 697 740 701 0 707 1791 688 0 0 0 415 697 1094 0 205 299 697 0 0 697 697 0 506 0 0 697 697 1 697 697 697 705 4 5 699 91 697 7 0 204 700 697 697 697 116 697 148 568 0 697 697 794 697 697
287 942 270 616 1178 1178 833 685 24 708 688 1791 582 0 6 434 1178 3 582 224 780 1178 6 582 1178 1178 19 525 6 1 1178 1178 6 1178 1178 1178 691 500 0 1106 139 1178 31 582 495 691 1178 1178 1178 536 1178 624 1229 19 1178 1178 3 1178 1178
91 534 536 1324 0 0 0 66 112 21 0 582 1791 14 0 0 0 0 1554 0 266 0 0 1554 0 0 19 0 144 0 0 0 71 0 0 0 11 0 660 24 38 0 76 1554 464 0 0 0 0 54 0 0 177 0 0 0 0 0 0
6 0 0 11 0 0 0 66 41 0 0 0 14 1791 0 0 0 0 0 0 2 0 0 0 0 0 198 0 2 0 0 0 17 0 0 0 2 0 0 0 0 0 2 0 73 0 0 0 0 13 0 0 13 0 0 0 0 0 0
155 7 1018 1 0 0 153 8 0 525 0 6 0 0 1791 0 0 0 0 0 6 0 1791 0 0 0 2 0 1622 0 0 0 8 0 0 0 345 0 274 70 904 0 266 0 14 930 0 0 0 58 0 163 22 0 0 0 134 0 0
818 760 0 408 415 415 437 417 0 524 415 434 0 0 0 1791 415 0 0 1581 119 415 0 0 415 415 991 1700 0 0 415 415 928 415 415 415 429 124 718 415 102 415 667 0 524 489 415 415 415 134 415 241 467 1376 415 415 0 415 415
394 655 0 34 1791 1791 1446 1206 0 1095 697 1178 0 0 0 415 1791 0 0 205 1393 1791 0 0 1791 1791 0 506 0 0 1791 1791 75 1791 1791 1791 993 1098 128 1443 76 1791 0 0 284 774 1791 1791 1791 1147 1791 1075 1212 0 1791 1791 0 1791 1791
13 2 0 2 0 0 43 4 0 10 1094 3 0 0 0 0 0 1791 0 0 14 0 0 0 0 0 0 0 0 0 0 0 2 0 0 0 8 73 5 2 102 0 112 0 66 3 0 0 0 42 0 73 9 0 0 0 1491 0 0
91 771 773 1324 0 0 0 0 46 21 0 582 1554 0 0 0 0 0 1791 0 266 0 0 1791 0 0 112 0 144 0 0 0 71 0 0 0 11 0 660 24 38 0 76 1791 464 0 0 0 0 54 0 0 177 0 0 0 0 0 0
848 550 0 408 205 205 227 207 0 314 205 224 0 0 0 1581 205 0 0 1791 119 205 0 0 205 205 1201 1490 0 0 205 205 1091 205 205 205 219 334 718 205 102 205 712 0 550 279 205 205 205 218 205 268 257 1586 205 205 0 205 205
414 257 6 300 1393 1393 1048 808 1 697 299 780 266 2 6 119 1393 14 266 119 1791 1393 6 266 1393 1393 48 119 6 6 1393 1393 142 1393 1393 1393 595 1146 394 1045 82 1393 20 266 239 376 1393 1393 1393 1229 1393 1109 814 48 1393 1393 14 1393 1393
394 655 0 34 1791 1791 1446 1206 0 1095 697 1178 0 0 0 415 1791 0 0 205 1393 1791 0 0 1791 1791 0 506 0 0 1791 1791 75 1791 1791 1791 993 1098 128 1443 76 1791 0 0 284 774 1791 1791 1791 1147 1791 1075 1212 0 1791 1791 0 1791 1791
155 7 1018 1 0 0 153 8 0 525 0 6 0 0 1791 0 0 0 0 0 6 0 1791 0 0 0 2 0 1622 0 0 0 8 0 0 0 345 0 274 70 904 0 266 0 14 930 0 0 0 58 0 163 22 0 0 0 134 0 0
91 771 773 1324 0 0 0 0 46 21 0 582 1554 0 0 0 0 0 1791 0 266 0 0 1791 0 0 112 0 144 0 0 0 71 0 0 0 11 0 660 24 38 0 76 1791 464 0 0 0 0 54 0 0 177 0 0 0 0 0 0
394 655 0 34 1791 1791 1446 1206 0 1095 697 1178 0 0 0 415 1791 0 0 205 1393 1791 0 0 1791 1791 0 506 0 0 1791 1791 75 1791 1791 1791 993 1098 128 1443 76 1791 0 0 284 774 1791 1791 1791 1147 1791 1075 1212 0 1791 1791 0 1791 1791
394 655 0 34 1791 1791 1446 1206 0 1095 697 1178 0 0 0 415 1791 0 0 205 1393 1791 0 0 1791 1791 0 506 0 0 1791 1791 75 1791 1791 1791 993 1098 128 1443 76 1791 0 0 284 774 1791 1791 1791 1147 1791 1075 1212 0 1791 1791 0 1791 1791
668 457 112 23 0 0 2 3 0 104 0 19 19 198 2 991 0 0 112 1201 48 0 2 112 0 0 1791 900 2 0 0 0 911 0 0 0 14 539 333 0 122 0 427 112 30 76 0 0 0 183 0 235 52 1406 0 0 2 0 0
901 851 0 408 506 506 528 508 0 615 506 525 0 0 0 1700 506 0 0 1490 119 506 0 0 506 506 900 1791 0 0 506 506 928 506 506 506 520 33 718 506 102 506 658 0 524 580 506 506 506 134 506 207 558 1285 506 506 0 506 506
155 7 849 145 0 0 153 8 0 525 0 6 144 2 1622 0 0 0 144 0 6 0 1622 144 0 0 2 0 1791 0 0 0 8 0 0 0 345 0 418 70 904 0 229 144 14 930 0 0 0 58 0 163 22 0 0 0 134 0 0
29 1 0 1 0 0 118 2 0 16 0 1 0 0 0 0 0 0 0 0 6 0 0 0 0 0 0 0 0 1791 0 0 5 0 0 0 4 21 3 0 464 0 73 0 14 1 0 0 0 10 0 192 3 0 0 0 127 0 0
394 655 0 34 1791 1791 1446 1206 0 1095 697 1178 0 0 0 415 1791 0 0 205 1393 1791 0 0 1791 1791 0 506 0 0 1791 1791 75 1791 1791 1791 993 1098 128 1443 76 1791 0 0 284 774 1791 1791 1791 1147 1791 1075 1212 0 1791 1791 0 1791 1791
394 655 0 34 1791 1791 1446 1206 0 1095 697 1178 0 0 0 415 1791 0 0 205 1393 1791 0 0 1791 1791 0 506 0 0 1791 1791 75 1791 1791 1791 993 1098 128 1443 76 1791 0 0 284 774 1791 1791 1791 1147 1791 1075 1212 0 1791 1791 0 1791 1791
1005 137 8 479 75 75 97 77 2 184 1 6 71 17 8 928 75 2 71 1091 142 75 8 71 75 75 911 928 8 5 75 75 1791 75 75 75 89 443 788 75 67 75 771 71 424 2 75 75 75 293 75 120 80 1296 75 75 2 75 75
394 655 0 34 1791 1791 1446 1206 0 1095 697 1178 0 0 0 415 1791 0 0 205 1393 1791 0 0 1791 1791 0 506 0 0 1791 1791 75 1791 1791 1791 993 1098 128 1443 76 1791 0 0 284 774 1791 1791 1791 1147 1791 1075 1212 0 1791 1791 0 1791 1791
394 655 0 34 1791 1791 1446 1206 0 1095 697 1178 0 0 0 415 1791 0 0 205 1393 1791 0 0 1791 1791 0 506 0 0 1791 1791 75 1791 1791 1791 993 1098 128 1443 76 1791 0 0 284 774 1791 1791 1791 1147 1791 1075 1212 0 1791 1791 0 1791 1791
394 655 0 34 1791 1791 1446 1206 0 1095 697 1178 0 0 0 415 1791 0 0 205 1393 1791 0 0 1791 1791 0 506 0 0 1791 1791 75 1791 1791 1791 993 1098 128 1443 76 1791 0 0 284 774 1791 1791 1791 1147 1791 1075 1212 0 1791 1791 0 1791 1791
513 681 23 1 993 993 993 1163 3 1102 705 691 11 2 345 429 993 8 11 219 595 993 345 11 993 993 14 520 345 4 993 993 89 993 993 993 1791 300 56 1026 410 993 11 11 205 1119 993 993 993 412 993 277 576 14 993 993 8 993 993
359 7 0 34 1098 1098 753 513 0 402 4 500 0 0 0 124 1098 73 0 334 1146 1098 0 0 1098 1098 539 33 0 21 1098 1098 443 1098 1098 1098 300 1791 128 750 70 1098 166 0 109 81 1098 1098 1098 1222 1098 1063 646 539 1098 1098 73 1098 1098
638 0 274 1068 128 128 150 130 3 237 5 0 660 0 274 718 128 5 660 718 394 128 274 660 128 128 333 718 418 3 128 128 788 128 128 128 56 128 1791 103 110 128 634 660 512 73 128 128 128 210 128 156 12 718 128 128 5 128 128
391 679 24 25 1443 1443 1098 1048 3 1111 699 1106 24 0 70 415 1443 2 24 205 1045 1443 70 24 1443 1443 0 506 70 0 1443 1443 75 1443 1443 1443 1026 750 103 1791 146 1443 0 24 327 844 1443 1443 1443 799 1443 727 970 0 1443 1443 2 1443 1443
263 137 173 60 76 76 176 73 0 548 91 139 38 0 904 102 76 102 38 102 82 76 904 38 76 76 122 102 904 464 76 76 67 76 76 76 410 70 110 146 1791 76 99 38 53 906 76 76 76 10 76 196 59 143 76 76 188 76 76
394 655 0 34 1791 1791 1446 1206 0 1095 697 1178 0 0 0 415 1791 0 0 205 1393 1791 0 0 1791 1791 0 506 0 0 1791 1791 75 1791 1791 1791 993 1098 128 1443 76 1791 0 0 284 774 1791 1791 1791 1147 1791 1075 1212 0 1791 1791 0 1791 1791
701 18 270 484 0 0 22 2 102 42 7 31 76 2 266 667 0 112 76 712 20 0 266 76 0 0 427 658 229 73 0 0 771 0 0 0 11 166 634 0 99 0 1791 76 470 13 0 0 0 89 0 176 25 812 0 0 112 0 0
91 771 773 1324 0 0 0 0 46 21 0 582 1554 0 0 0 0 0 1791 0 266 0 0 1791 0 0 112 0 144 0 0 0 71 0 0 0 11 0 660 24 38 0 76 1791 464 0 0 0 0 54 0 0 177 0 0 0 0 0 0
358 284 83 773 284 284 273 222 87 217 204 495 464 73 14 524 284 66 464 550 239 284 14 464 284 284 30 524 14 14 284 284 424 284 284 284 205 109 512 327 53 284 470 464 1791 215 284 284 284 268 284 217 354 349 284 284 66 284 284
509 736 157 1 774 774 927 782 9 1299 700 691 0 0 930 489 774 3 0 279 376 774 930 0 774 774 76 580 930 1 774 774 2 774 774 774 1119 81 73 844 906 774 13 0 215 1791 774 774 774 193 774 191 576 74 774 774 137 774 774
394 655 0 34 1791 1791 1446 1206 0 1095 697 1178 0 0 0 415 1791 0 0 205 1393 1791 0 0 1791 1791 0 506 0 0 1791 1791 75 1791 1791 1791 993 1098 128 1443 76 1791 0 0 284 774 1791 1791 1791 1147 1791 1075 1212 0 1791 1791 0 1791 1791
394 655 0 34 1791 1791 1446 1206 0 1095 697 1178 0 0 0 415 1791 0 0 205 1393 1791 0 0 1791 1791 0 506 0 0 1791 1791 75 1791 1791 1791 993 1098 128 1443 76 1791 0 0 284 774 1791 1791 1791 1147 1791 1075 1212 0 1791 1791 0 1791 1791
394 655 0 34 1791 1791 1446 1206 0 1095 697 1178 0 0 0 415 1791 0 0 205 1393 1791 0 0 1791 1791 0 506 0 0 1791 1791 75 1791 1791 1791 993 1098 128 1443 76 1791 0 0 284 774 1791 1791 1791 1147 1791 1075 1212 0 1791 1791 0 1791 1791
308 106 58 116 1147 1147 865 625 0 514 116 536 54 13 58 134 1147 42 54 218 1229 1147 58 54 1147 1147 183 134 58 10 1147 1147 293 1147 1147 1147 412 1222 210 799 10 1147 89 54 268 193 1147 1147 1147 1791 1147 1109 689 211 1147 1147 42 1147 1147
394 655 0 34 1791 1791 1446 1206 0 1095 697 1178 0 0 0 415 1791 0 0 205 1393 1791 0 0 1791 1791 0 506 0 0 1791 1791 75 1791 1791 1791 993 1098 128 1443 76 1791 0 0 284 774 1791 1791 1791 1147 1791 1075 1212 0 1791 1791 0 1791 1791
188 209 163 34 1075 1075 730 490 38 379 148 624 0 0 163 241 1075 73 0 268 1109 1075 163 0 1075 1075 235 207 163 192 1075 1075 120 1075 1075 1075 277 1063 156 727 196 1075 176 0 217 191 1075 1075 1075 1109 1075 1791 746 235 1075 1075 73 1075 1075
165 593 41 211 1212 1212 867 627 13 571 568 1229 177 13 22 467 1212 9 177 257 814 1212 22 177 1212 1212 52 558 22 3 1212 1212 80 1212 1212 1212 576 646 12 970 59 1212 25 177 354 576 1212 1212 1212 689 1212 746 1791 52 1212 1212 9 1212 1212
1053 345 0 408 0 0 22 2 0 109 0 19 0 0 0 1376 0 0 0 1586 48 0 0 0 0 0 1406 1285 0 0 0 0 1296 0 0 0 14 539 718 0 143 0 812 0 349 74 0 0 0 211 0 235 52 1791 0 0 0 0 0
394 655 0 34 1791 1791 1446 1206 0 1095 697 1178 0 0 0 415 1791 0 0 205 1393 1791 0 0 1791 1791 0 506 0 0 1791 1791 75 1791 1791 1791 993 1098 128 1443 76 1791 0 0 284 774 1791 1791 1791 1147 1791 1075 1212 0 1791 1791 0 1791 1791
394 655 0 34 1791 1791 1446 1206 0 1095 697 1178 0 0 0 415 1791 0 0 205 1393 1791 0 0 1791 1791 0 506 0 0 1791 1791 75 1791 1791 1791 993 1098 128 1443 76 1791 0 0 284 774 1791 1791 1791 1147 1791 1075 1212 0 1791 1791 0 1791 1791
13 2 0 2 0 0 275 4 0 144 794 3 0 0 134 0 0 1491 0 0 14 0 134 0 0 0 2 0 134 127 0 0 2 0 0 0 8 73 5 2 188 0 112 0 66 137 0 0 0 42 0 73 9 0 0 0 1791 0 0
394 655 0 34 1791 1791 1446 1206 0 1095 697 1178 0 0 0 415 1791 0 0 205 1393 1791 0 0 1791 1791 0 506 0 0 1791 1791 75 1791 1791 1791 993 1098 128 1443 76 1791 0 0 284 774 1791 1791 1791 1147 1791 1075 1212 0 1791 1791 0 1791 1791
394 655 0 34 1791 1791 1446 1206 0 1095 697 1178 0 0 0 415 1791 0 0 205 1393 1791 0 0 1791 1791 0 506 0 0 1791 1791 75 1791 1791 1791 993 1098 128 1443 76 1791 0 0 284 774 1791 1791 1791 1147 1791 1075 1212 0 1791 1791 0 1791 1791
