3012 0 2958 2958 2408 203 34 0 0 0 2752 0 2958 12 2078 2738 0 2374 2197 2185 2958 2884 2838 444 497 2754 1340 514 2958 2958 2301 2958 2958 2958 2283 0 2958 0 1962 12 0 873 2958 2520 2958 2958 0 2958 2958 0 2958 2958 2194 61 2958 2958 2240 2958 2958
0 3012 0 0 0 0 2764 0 0 3011 0 2759 0 0 108 0 3012 0 0 779 0 0 0 0 977 0 1672 1562 0 0 0 0 0 0 0 3012 0 3012 0 99 3012 804 0 0 0 0 3012 0 0 2036 0 0 0 2928 0 0 0 0 0
2958 0 3012 3012 2456 235 40 0 0 0 2806 0 3012 0 2132 2786 0 2428 2245 2233 3012 2932 2892 444 497 2802 1340 496 3012 3012 2307 3012 3012 3012 2331 0 3012 0 2010 4 0 879 3012 2574 3012 3012 0 3012 3012 0 3012 3012 2242 61 3012 3012 2288 3012 3012
2958 0 3012 3012 2456 235 40 0 0 0 2806 0 3012 0 2132 2786 0 2428 2245 2233 3012 2932 2892 444 497 2802 1340 496 3012 3012 2307 3012 3012 3012 2331 0 3012 0 2010 4 0 879 3012 2574 3012 3012 0 3012 3012 0 3012 3012 2242 61 3012 3012 2288 3012 3012
2408 0 2456 2456 3012 235 111 0 0 0 2593 214 2456 10 1576 2508 0 1872 2720 2233 2456 2473 2336 264 497 2476 1340 371 2456 2456 2059 2456 2456 2456 2360 0 2456 0 1732 14 0 323 2456 2018 2456 2456 0 2456 2456 0 2456 2456 2767 0 2456 2456 2813 2456 2456
203 0 235 235 235 3012 0 12 401 0 235 0 235 37 235 235 0 235 235 235 235 235 217 45 29 280 198 52 235 235 198 235 235 235 235 0 235 0 38 9 0 53 235 235 235 235 0 235 235 6 235 235 235 0 235 235 235 235 235
34 2764 40 40 111 0 3012 0 0 2763 162 2874 40 28 148 61 2764 40 111 531 40 4 40 67 729 23 1424 1568 40 40 40 40 40 40 15 2764 40 2764 29 130 2764 844 40 40 40 40 2764 40 40 2036 40 40 111 2778 40 40 111 40 40
0 0 0 0 0 12 0 3012 1329 0 0 0 0 0 0 0 0 0 0 0 0 0 0 38 0 58 0 0 0 0 0 0 0 0 0 0 0 0 0 0 0 0 0 0 0 0 0 0 0 12 0 0 0 0 0 0 0 0 0
0 0 0 0 0 401 0 1329 3012 0 0 0 0 0 0 0 0 0 0 0 0 0 0 0 0 58 0 0 0 0 0 0 0 0 0 0 0 0 0 0 0 0 0 0 0 0 0 0 0 3 0 0 0 0 0 0 0 0 0
0 3011 0 0 0 0 2763 0 0 3012 0 2758 0 0 108 0 3011 0 0 779 0 0 0 1 977 0 1672 1561 0 0 0 0 0 0 0 3011 0 3011 0 99 3011 803 0 1 0 0 3011 0 0 2035 0 0 0 2927 0 0 0 0 0
2752 0 2806 2806 2593 235 162 0 0 0 3012 129 2806 10 1926 2827 0 2222 2382 2233 2806 2779 2686 497 497 2795 1340 353 2806 2806 2101 2806 2806 2806 2275 0 2806 0 2000 16 0 673 2806 2368 2806 2806 0 2806 2806 0 2806 2806 2379 8 2806 2806 2425 2806 2806
0 2759 0 0 214 0 2874 0 0 2758 129 3012 0 10 108 57 2759 0 214 526 0 17 0 164 724 20 1419 1584 0 0 0 0 0 0 0 2759 0 2759 91 99 2759 804 0 0 0 0 2759 0 0 2036 0 0 214 2759 0 0 214 0 0
2958 0 3012 3012 2456 235 40 0 0 0 2806 0 3012 0 2132 2786 0 2428 2245 2233 3012 2932 2892 444 497 2802 1340 496 3012 3012 2307 3012 3012 3012 2331 0 3012 0 2010 4 0 879 3012 2574 3012 3012 0 3012 3012 0 3012 3012 2242 61 3012 3012 2288 3012 3012
12 0 0 0 10 37 28 0 0 0 10 10 0 3012 47 53 0 0 17 0 0 19 3 24 26 23 0 67 0 0 8 0 0 0 29 0 0 0 54 2 0 42 0 5 0 0 0 0 0 4 0 0 16 0 0 0 53 0 0
2078 108 2132 2132 1576 235 148 0 0 108 1926 108 2132 47 3012 1906 108 1548 1365 1353 2132 2052 2012 1139 1192 1922 906 380 2132 2132 1427 2132 2132 2132 1451 108 2132 108 1896 699 108 1574 2132 1694 2132 2132 108 2132 2132 108 2132 2132 1362 169 2132 2132 1408 2132 2132
2738 0 2786 2786 2508 235 61 0 0 0 2827 57 2786 53 1906 3012 0 2202 2297 2233 2786 2789 2666 472 497 2830 1340 359 2786 2786 2081 2786 2786 2786 2258 0 2786 0 1971 4 0 653 2786 2348 2786 2786 0 2786 2786 0 2786 2786 2294 3 2786 2786 2340 2786 2786
0 3012 0 0 0 0 2764 0 0 3011 0 2759 0 0 108 0 3012 0 0 779 0 0 0 0 977 0 1672 1562 0 0 0 0 0 0 0 3012 0 3012 0 99 3012 804 0 0 0 0 3012 0 0 2036 0 0 0 2928 0 0 0 0 0
2374 0 2428 2428 1872 235 40 0 0 0 2222 0 2428 0 1548 2202 0 3012 1661 1649 2428 2348 2389 444 49 2218 756 496 2428 2428 1723 2428 2428 2428 1747 0 2428 0 1474 10 0 879 2428 2421 2428 2428 0 2428 2428 0 2428 2428 1658 61 2428 2428 1704 2428 2428
2197 0 2245 2245 2720 235 111 0 0 0 2382 214 2245 17 1365 2297 0 1661 3012 2233 2245 2262 2125 166 497 2265 1340 436 2245 2245 2059 2245 2245 2245 2425 0 2245 0 1521 17 0 112 2245 1807 2245 2245 0 2245 2245 0 2245 2245 2833 0 2245 2245 2838 2245 2245
2185 779 2233 2233 2233 235 531 0 0 779 2233 526 2233 0 1353 2233 779 1649 2233 3012 2233 2233 2113 0 1276 2233 2119 236 2233 2233 2049 2233 2233 2233 2195 779 2233 779 1418 4 779 100 2233 1795 2233 2233 779 2233 2233 0 2233 2233 2233 695 2233 2233 2233 2233 2233
2958 0 3012 3012 2456 235 40 0 0 0 2806 0 3012 0 2132 2786 0 2428 2245 2233 3012 2932 2892 444 497 2802 1340 496 3012 3012 2307 3012 3012 3012 2331 0 3012 0 2010 4 0 879 3012 2574 3012 3012 0 3012 3012 0 3012 3012 2242 61 3012 3012 2288 3012 3012
2884 0 2932 2932 2473 235 4 0 0 0 2779 17 2932 19 2052 2789 0 2348 2262 2233 2932 3012 2812 461 497 2802 1340 557 2932 2932 2227 2932 2932 2932 2342 0 2932 0 2010 19 0 799 2932 2494 2932 2932 0 2932 2932 0 2932 2932 2259 4 2932 2932 2305 2932 2932
2838 0 2892 2892 2336 217 40 0 0 0 2686 0 2892 3 2012 2666 0 2389 2125 2113 2892 2812 3012 546 377 2682 1220 496 2892 2892 2187 2892 2892 2892 2211 0 2892 0 2002 5 0 879 2892 2454 2892 2892 0 2892 2892 0 2892 2892 2122 61 2892 2892 2168 2892 2892
444 0 444 444 264 45 67 38 0 1 497 164 444 24 1139 472 0 444 166 0 444 461 546 3012 1201 483 0 444 444 444 54 444 444 444 63 0 444 0 1296 1326 0 1683 444 852 444 444 0 444 444 10 444 444 166 0 444 444 171 444 444
497 977 497 497 497 29 729 0 0 977 497 724 497 26 1192 497 977 49 497 1276 497 497 377 1201 3012 497 1474 3 497 497 497 497 497 497 497 977 497 977 1101 1257 977 967 497 202 497 497 977 497 497 1 497 497 497 893 497 497 497 497 497
2754 0 2802 2802 2476 280 23 58 58 0 2795 20 2802 23 1922 2830 0 2218 2265 2233 2802 2802 2682 483 497 3012 1340 375 2802 2802 2097 2802 2802 2802 2258 0 2802 0 2000 15 0 669 2802 2364 2802 2802 0 2802 2802 0 2802 2802 2262 0 2802 2802 2308 2802 2802
1340 1672 1340 1340 1340 198 1424 0 0 1672 1340 1419 1340 0 906 1340 1672 756 1340 2119 1340 1340 1220 0 1474 1340 3012 222 1340 1340 1340 1340 1340 1340 1340 1672 1340 1672 557 4 1672 22 1340 902 1340 1340 1672 1340 1340 696 1340 1340 1340 1588 1340 1340 1340 1340 1340
514 1562 496 496 371 52 1568 0 0 1561 353 1584 496 67 380 359 1562 496 436 236 496 557 496 444 3 375 222 3012 496 496 446 496 496 496 776 1562 496 1562 398 265 1562 1354 496 496 496 496 1562 496 496 1570 496 496 592 1562 496 496 487 496 496
2958 0 3012 3012 2456 235 40 0 0 0 2806 0 3012 0 2132 2786 0 2428 2245 2233 3012 2932 2892 444 497 2802 1340 496 3012 3012 2307 3012 3012 3012 2331 0 3012 0 2010 4 0 879 3012 2574 3012 3012 0 3012 3012 0 3012 3012 2242 61 3012 3012 2288 3012 3012
2958 0 3012 3012 2456 235 40 0 0 0 2806 0 3012 0 2132 2786 0 2428 2245 2233 3012 2932 2892 444 497 2802 1340 496 3012 3012 2307 3012 3012 3012 2331 0 3012 0 2010 4 0 879 3012 2574 3012 3012 0 3012 3012 0 3012 3012 2242 61 3012 3012 2288 3012 3012
2301 0 2307 2307 2059 198 40 0 0 0 2101 0 2307 8 1427 2081 0 1723 2059 2049 2307 2227 2187 54 497 2097 1340 446 2307 2307 3012 2307 2307 2307 2250 0 2307 0 1305 9 0 286 2307 1869 2307 2307 0 2307 2307 475 2307 2307 2059 61 2307 2307 2059 2307 2307
2958 0 3012 3012 2456 235 40 0 0 0 2806 0 3012 0 2132 2786 0 2428 2245 2233 3012 2932 2892 444 497 2802 1340 496 3012 3012 2307 3012 3012 3012 2331 0 3012 0 2010 4 0 879 3012 2574 3012 3012 0 3012 3012 0 3012 3012 2242 61 3012 3012 2288 3012 3012
2958 0 3012 3012 2456 235 40 0 0 0 2806 0 3012 0 2132 2786 0 2428 2245 2233 3012 2932 2892 444 497 2802 1340 496 3012 3012 2307 3012 3012 3012 2331 0 3012 0 2010 4 0 879 3012 2574 3012 3012 0 3012 3012 0 3012 3012 2242 61 3012 3012 2288 3012 3012
2958 0 3012 3012 2456 235 40 0 0 0 2806 0 3012 0 2132 2786 0 2428 2245 2233 3012 2932 2892 444 497 2802 1340 496 3012 3012 2307 3012 3012 3012 2331 0 3012 0 2010 4 0 879 3012 2574 3012 3012 0 3012 3012 0 3012 3012 2242 61 3012 3012 2288 3012 3012
2283 0 2331 2331 2360 235 15 0 0 0 2275 0 2331 29 1451 2258 0 1747 2425 2195 2331 2342 2211 63 497 2258 1340 776 2331 2331 2250 2331 2331 2331 3012 0 2331 0 1466 22 0 198 2331 1893 2331 2331 0 2331 2331 0 2331 2331 2581 0 2331 2331 2476 2331 2331
0 3012 0 0 0 0 2764 0 0 3011 0 2759 0 0 108 0 3012 0 0 779 0 0 0 0 977 0 1672 1562 0 0 0 0 0 0 0 3012 0 3012 0 99 3012 804 0 0 0 0 3012 0 0 2036 0 0 0 2928 0 0 0 0 0
2958 0 3012 3012 2456 235 40 0 0 0 2806 0 3012 0 2132 2786 0 2428 2245 2233 3012 2932 2892 444 497 2802 1340 496 3012 3012 2307 3012 3012 3012 2331 0 3012 0 2010 4 0 879 3012 2574 3012 3012 0 3012 3012 0 3012 3012 2242 61 3012 3012 2288 3012 3012
0 3012 0 0 0 0 2764 0 0 3011 0 2759 0 0 108 0 3012 0 0 779 0 0 0 0 977 0 1672 1562 0 0 0 0 0 0 0 3012 0 3012 0 99 3012 804 0 0 0 0 3012 0 0 2036 0 0 0 2928 0 0 0 0 0
1962 0 2010 2010 1732 38 29 0 0 0 2000 91 2010 54 1896 1971 0 1474 1521 1418 2010 2010 2002 1296 1101 2000 557 398 2010 2010 1305 2010 2010 2010 1466 0 2010 0 3012 675 0 1123 2010 1572 2010 2010 0 2010 2010 12 2010 2010 1518 0 2010 2010 1564 2010 2010
12 99 4 4 14 9 130 0 0 99 16 99 4 2 699 4 99 10 17 4 4 19 5 1326 1257 15 4 265 4 4 9 4 4 4 22 99 4 99 675 3012 99 1213 4 15 4 4 99 4 4 99 4 4 8 99 4 4 10 4 4
0 3012 0 0 0 0 2764 0 0 3011 0 2759 0 0 108 0 3012 0 0 779 0 0 0 0 977 0 1672 1562 0 0 0 0 0 0 0 3012 0 3012 0 99 3012 804 0 0 0 0 3012 0 0 2036 0 0 0 2928 0 0 0 0 0
873 804 879 879 323 53 844 0 0 803 673 804 879 42 1574 653 804 879 112 100 879 799 879 1683 967 669 22 1354 879 879 286 879 879 879 198 804 879 804 1123 1213 804 3012 879 879 879 879 804 879 879 812 879 879 109 865 879 879 155 879 879
2958 0 3012 3012 2456 235 40 0 0 0 2806 0 3012 0 2132 2786 0 2428 2245 2233 3012 2932 2892 444 497 2802 1340 496 3012 3012 2307 3012 3012 3012 2331 0 3012 0 2010 4 0 879 3012 2574 3012 3012 0 3012 3012 0 3012 3012 2242 61 3012 3012 2288 3012 3012
2520 0 2574 2574 2018 235 40 0 0 1 2368 0 2574 5 1694 2348 0 2421 1807 1795 2574 2494 2454 852 202 2364 902 496 2574 2574 1869 2574 2574 2574 1893 0 2574 0 1572 15 0 879 2574 3012 2574 2574 0 2574 2574 0 2574 2574 1804 61 2574 2574 1850 2574 2574
2958 0 3012 3012 2456 235 40 0 0 0 2806 0 3012 0 2132 2786 0 2428 2245 2233 3012 2932 2892 444 497 2802 1340 496 3012 3012 2307 3012 3012 3012 2331 0 3012 0 2010 4 0 879 3012 2574 3012 3012 0 3012 3012 0 3012 3012 2242 61 3012 3012 2288 3012 3012
2958 0 3012 3012 2456 235 40 0 0 0 2806 0 3012 0 2132 2786 0 2428 2245 2233 3012 2932 2892 444 497 2802 1340 496 3012 3012 2307 3012 3012 3012 2331 0 3012 0 2010 4 0 879 3012 2574 3012 3012 0 3012 3012 0 3012 3012 2242 61 3012 3012 2288 3012 3012
0 3012 0 0 0 0 2764 0 0 3011 0 2759 0 0 108 0 3012 0 0 779 0 0 0 0 977 0 1672 1562 0 0 0 0 0 0 0 3012 0 3012 0 99 3012 804 0 0 0 0 3012 0 0 2036 0 0 0 2928 0 0 0 0 0
2958 0 3012 3012 2456 235 40 0 0 0 2806 0 3012 0 2132 2786 0 2428 2245 2233 3012 2932 2892 444 497 2802 1340 496 3012 3012 2307 3012 3012 3012 2331 0 3012 0 2010 4 0 879 3012 2574 3012 3012 0 3012 3012 0 3012 3012 2242 61 3012 3012 2288 3012 3012
2958 0 3012 3012 2456 235 40 0 0 0 2806 0 3012 0 2132 2786 0 2428 2245 2233 3012 2932 2892 444 497 2802 1340 496 3012 3012 2307 3012 3012 3012 2331 0 3012 0 2010 4 0 879 3012 2574 3012 3012 0 3012 3012 0 3012 3012 2242 61 3012 3012 2288 3012 3012
0 2036 0 0 0 6 2036 12 3 2035 0 2036 0 4 108 0 2036 0 0 0 0 0 0 10 1 0 696 1570 0 0 475 0 0 0 0 2036 0 2036 12 99 2036 812 0 0 0 0 2036 0 0 3012 0 0 0 2036 0 0 0 0 0
2958 0 3012 3012 2456 235 40 0 0 0 2806 0 3012 0 2132 2786 0 2428 2245 2233 3012 2932 2892 444 497 2802 1340 496 3012 3012 2307 3012 3012 3012 2331 0 3012 0 2010 4 0 879 3012 2574 3012 3012 0 3012 3012 0 3012 3012 2242 61 3012 3012 2288 3012 3012
2958 0 3012 3012 2456 235 40 0 0 0 2806 0 3012 0 2132 2786 0 2428 2245 2233 3012 2932 2892 444 497 2802 1340 496 3012 3012 2307 3012 3012 3012 2331 0 3012 0 2010 4 0 879 3012 2574 3012 3012 0 3012 3012 0 3012 3012 2242 61 3012 3012 2288 3012 3012
2194 0 2242 2242 2767 235 111 0 0 0 2379 214 2242 16 1362 2294 0 1658 2833 2233 2242 2259 2122 166 497 2262 1340 592 2242 2242 2059 2242 2242 2242 2581 0 2242 0 1518 8 0 109 2242 1804 2242 2242 0 2242 2242 0 2242 2242 3012 0 2242 2242 2883 2242 2242
61 2928 61 61 0 0 2778 0 0 2927 8 2759 61 0 169 3 2928 61 0 695 61 4 61 0 893 0 1588 1562 61 61 61 61 61 61 0 2928 61 2928 0 99 2928 865 61 61 61 61 2928 61 61 2036 61 61 0 3012 61 61 0 61 61
2958 0 3012 3012 2456 235 40 0 0 0 2806 0 3012 0 2132 2786 0 2428 2245 2233 3012 2932 2892 444 497 2802 1340 496 3012 3012 2307 3012 3012 3012 2331 0 3012 0 2010 4 0 879 3012 2574 3012 3012 0 3012 3012 0 3012 3012 2242 61 3012 3012 2288 3012 3012
2958 0 3012 3012 2456 235 40 0 0 0 2806 0 3012 0 2132 2786 0 2428 2245 2233 3012 2932 2892 444 497 2802 1340 496 3012 3012 2307 3012 3012 3012 2331 0 3012 0 2010 4 0 879 3012 2574 3012 3012 0 3012 3012 0 3012 3012 2242 61 3012 3012 2288 3012 3012
2240 0 2288 2288 2813 235 111 0 0 0 2425 214 2288 53 1408 2340 0 1704 2838 2233 2288 2305 2168 171 497 2308 1340 487 2288 2288 2059 2288 2288 2288 2476 0 2288 0 1564 10 0 155 2288 1850 2288 2288 0 2288 2288 0 2288 2288 2883 0 2288 2288 3012 2288 2288
2958 0 3012 3012 2456 235 40 0 0 0 2806 0 3012 0 2132 2786 0 2428 2245 2233 3012 2932 2892 444 497 2802 1340 496 3012 3012 2307 3012 3012 3012 2331 0 3012 0 2010 4 0 879 3012 2574 3012 3012 0 3012 3012 0 3012 3012 2242 61 3012 3012 2288 3012 3012
2958 0 3012 3012 2456 235 40 0 0 0 2806 0 3012 0 2132 2786 0 2428 2245 2233 3012 2932 2892 444 497 2802 1340 496 3012 3012 2307 3012 3012 3012 2331 0 3012 0 2010 4 0 879 3012 2574 3012 3012 0 3012 3012 0 3012 3012 2242 61 3012 3012 2288 3012 3012
