3315 1978 1587 0 2078 3175 983 2667 0 983 2976 535 2642 103 1868 539 67 1021 3175 1761 3175 3175 103 1262 155 2563 1571 61 568 0 2046 446 2518 3175 1940 3175 795 1823 3175 38 3175 784 3175 616 3175 3175 933 247 3175 433 1298 1120 1044 3175 1901 3175 3175 2706 7
1978 3315 2240 9 1429 2118 2008 1610 18 789 1919 727 1585 885 1858 309 3 1256 2118 1418 2118 2118 885 1623 937 1506 2540 636 1453 157 746 1500 1835 2118 1483 2118 791 733 2118 28 2118 888 2118 625 2118 2118 90 217 2118 532 1422 282 280 2118 757 2118 2118 1649 945
1587 2240 3315 0 880 1727 2711 2072 0 56 1528 1139 1194 1588 2933 52 486 1108 1727 1760 1727 1727 1588 1532 1640 2116 2392 1349 1020 0 355 2144 1444 1727 2484 1727 790 277 1727 13 1727 888 1727 844 1727 1727 432 110 1727 307 1712 402 390 1727 313 1727 1727 1258 1595
0 9 0 3315 71 0 54 56 34 297 50 185 0 0 0 583 252 364 0 12 0 0 0 659 304 167 35 477 666 1526 0 292 0 0 46 0 415 523 0 0 0 0 0 757 0 0 584 404 0 488 36 255 1410 0 239 0 0 0 18
2078 1429 880 71 3315 2218 581 1813 9 780 2226 20 2697 518 1161 613 276 409 2218 1039 2218 2218 518 750 84 1709 974 79 520 30 1937 555 1924 2218 1233 2218 420 1401 2218 38 2218 331 2218 74 2218 2218 623 691 2218 78 804 684 621 2218 1436 2218 2218 2577 22
3175 2118 1727 0 2218 3315 1123 2807 0 898 3116 535 2782 0 2008 539 45 1021 3315 1901 3315 3315 0 1360 52 2703 1711 61 568 0 1943 586 2658 3315 2080 3315 773 1823 3315 28 3315 888 3315 616 3315 3315 933 225 3315 433 1438 1120 1044 3315 1901 3315 3315 2846 7
983 2008 2711 54 581 1123 3315 1468 3 56 924 1193 590 1957 2329 81 444 1477 1123 1156 1123 1123 1957 1581 2009 1512 2376 1379 1400 54 14 2004 840 1123 1880 1123 790 23 1123 13 1123 888 1123 987 1123 1123 6 110 1123 337 1400 393 330 1123 56 1123 1123 654 1712
2667 1610 2072 56 1813 2807 1468 3315 8 390 2608 880 2274 345 2353 495 359 1077 2807 1901 2807 2807 345 1579 397 3019 1448 406 60 56 1435 931 2150 2807 2425 2807 740 1315 2807 28 2807 888 2807 857 2807 2807 933 174 2807 363 1677 1150 1083 2807 1393 2807 2807 2338 352
0 18 0 34 9 0 3 8 3315 9 10 20 0 0 7 10 8 10 0 8 0 0 0 13 13 5 4 20 191 0 0 59 0 0 10 0 23 28 0 0 0 0 0 6 0 0 13 6 0 5 9 7 14 0 18 0 0 0 12
983 789 56 297 780 898 56 390 9 3315 858 78 854 138 56 191 13 319 898 56 898 898 138 310 297 286 334 52 700 209 980 168 897 898 56 898 89 1046 898 105 898 608 898 57 898 898 216 528 898 191 58 180 389 898 909 898 898 854 1
2976 1919 1528 50 2226 3116 924 2608 10 858 3315 336 2790 8 1809 547 88 822 3116 1702 3116 3116 8 1161 22 2504 1512 83 580 0 1951 558 2658 3116 1881 3116 574 1838 3116 21 3116 689 3116 417 3116 3116 983 233 3116 234 1239 934 858 3116 1958 3116 3116 2854 13
535 727 1139 185 20 535 1193 880 20 78 336 3315 2 609 1175 1215 592 598 535 535 535 535 609 899 745 919 548 1039 37 922 5 823 252 535 1488 535 1011 478 535 13 535 535 535 811 535 535 645 243 535 1640 977 948 517 535 700 535 535 66 1414
2642 1585 1194 0 2697 2782 590 2274 0 854 2790 2 3315 533 1475 902 46 488 2782 1368 2782 2782 533 827 69 2170 1178 63 568 0 2476 543 2408 2782 1547 2782 240 1823 2782 19 2782 355 2782 83 2782 2782 933 758 2782 166 905 875 802 2782 1886 2782 2782 3195 7
103 885 1588 0 518 0 1957 345 0 138 8 609 533 3315 1206 415 445 1338 0 33 0 0 3315 656 2686 389 1253 1296 1560 0 1372 1705 0 0 757 0 51 23 0 4 0 0 0 229 0 0 61 735 0 40 277 118 58 0 11 0 0 413 1668
1868 1858 2933 0 1161 2008 2329 2353 7 56 1809 1175 1475 1206 3315 52 555 726 2008 1867 2008 2008 1206 1176 1258 2397 2010 1262 638 26 636 1792 1586 2008 2726 2008 827 558 2008 13 2008 888 2008 846 2008 2008 713 144 2008 328 1734 683 671 2008 594 2008 2008 1539 1213
539 309 52 583 613 539 81 495 10 191 547 1215 902 415 52 3315 398 443 539 98 539 539 415 529 169 606 187 592 177 1298 902 160 282 539 349 539 525 1021 539 17 539 0 539 109 539 539 892 853 539 1841 303 1451 1053 539 1513 539 539 945 833
67 3 486 252 276 45 444 359 8 13 88 592 46 445 555 398 3315 3 45 133 45 45 445 171 498 428 16 683 101 355 46 714 45 45 536 45 1508 300 45 0 45 5 45 334 45 45 661 1024 45 615 1028 250 92 45 223 45 45 99 441
1021 1256 1108 364 409 1021 1477 1077 10 319 822 598 488 1338 726 443 3 3315 1021 610 1021 1021 1338 1741 1396 1106 1436 382 1219 364 896 577 738 1021 676 1021 638 576 1021 16 1021 577 1021 696 1021 1021 182 236 1021 544 673 741 757 1021 533 1021 1021 552 673
3175 2118 1727 0 2218 3315 1123 2807 0 898 3116 535 2782 0 2008 539 45 1021 3315 1901 3315 3315 0 1360 52 2703 1711 61 568 0 1943 586 2658 3315 2080 3315 773 1823 3315 28 3315 888 3315 616 3315 3315 933 225 3315 433 1438 1120 1044 3315 1901 3315 3315 2846 7
1761 1418 1760 12 1039 1901 1156 1901 8 56 1702 535 1368 33 1867 98 133 610 1901 3315 1901 1901 33 911 85 1901 1466 61 33 88 529 619 1668 1901 1901 1901 827 467 1901 256 1901 888 1901 630 1901 1901 601 74 1901 297 1511 573 539 1901 487 1901 1901 1432 40
3175 2118 1727 0 2218 3315 1123 2807 0 898 3116 535 2782 0 2008 539 45 1021 3315 1901 3315 3315 0 1360 52 2703 1711 61 568 0 1943 586 2658 3315 2080 3315 773 1823 3315 28 3315 888 3315 616 3315 3315 933 225 3315 433 1438 1120 1044 3315 1901 3315 3315 2846 7
3175 2118 1727 0 2218 3315 1123 2807 0 898 3116 535 2782 0 2008 539 45 1021 3315 1901 3315 3315 0 1360 52 2703 1711 61 568 0 1943 586 2658 3315 2080 3315 773 1823 3315 28 3315 888 3315 616 3315 3315 933 225 3315 433 1438 1120 1044 3315 1901 3315 3315 2846 7
103 885 1588 0 518 0 1957 345 0 138 8 609 533 3315 1206 415 445 1338 0 33 0 0 3315 656 2686 389 1253 1296 1560 0 1372 1705 0 0 757 0 51 23 0 4 0 0 0 229 0 0 61 735 0 40 277 118 58 0 11 0 0 413 1668
1262 1623 1532 659 750 1360 1581 1579 13 310 1161 899 827 656 1176 529 171 1741 1360 911 1360 1360 656 3315 708 1669 1404 788 746 770 484 1172 1077 1360 1139 1360 883 616 1360 28 1360 878 1360 888 1360 1360 87 410 1360 755 1079 649 1198 1360 538 1360 1360 891 849
155 937 1640 304 84 52 2009 397 13 297 22 745 69 2686 1258 169 498 1396 52 85 52 52 2686 708 3315 441 1305 1372 1706 204 743 1894 4 52 809 52 103 338 52 13 52 52 52 280 52 52 355 106 52 130 329 254 331 52 117 52 52 67 1749
2563 1506 2116 167 1709 2703 1512 3019 5 286 2504 919 2170 389 2397 606 428 1106 2703 1901 2703 2703 389 1669 441 3315 1474 450 6 167 1331 975 2046 2703 2469 2703 888 1211 2703 18 2703 888 2703 866 2703 2703 933 285 2703 474 1677 1120 1211 2703 1289 2703 2703 2234 396
1571 2540 2392 35 974 1711 2376 1448 4 334 1512 548 1178 1253 2010 187 16 1436 1711 1466 1711 1711 1253 1404 1305 1474 3315 720 1518 35 339 1515 1428 1711 1561 1711 758 295 1711 13 1711 888 1711 616 1711 1711 138 252 1711 460 1461 398 300 1711 297 1711 1711 1242 1045
61 636 1349 477 79 61 1379 406 20 52 83 1039 63 1296 1262 592 683 382 61 61 61 61 1296 788 1372 450 720 3315 1031 587 8 1558 62 61 818 61 126 362 61 161 61 61 61 250 61 61 393 46 61 595 539 403 638 61 394 61 61 63 1797
568 1453 1020 666 520 568 1400 60 191 700 580 37 568 1560 638 177 101 1219 568 33 568 568 1560 746 1706 6 1518 1031 3315 455 753 1089 568 568 189 568 52 888 568 0 568 0 568 26 568 568 279 143 568 142 38 245 640 568 677 568 568 569 1105
0 157 0 1526 30 0 54 56 0 209 0 922 0 0 26 1298 355 364 0 88 0 0 0 770 204 167 35 587 455 3315 0 223 33 0 446 0 695 314 0 0 0 0 0 74 0 0 179 571 0 852 472 128 1452 0 12 0 0 0 229
2046 746 355 0 1937 1943 14 1435 0 980 1951 5 2476 1372 636 902 46 896 1943 529 1943 1943 1372 484 743 1331 339 8 753 0 3315 147 1569 1943 708 1943 34 1823 1943 19 1943 0 1943 1 1943 1943 917 850 1943 166 66 875 802 1943 1886 1943 1943 2356 1
446 1500 2144 292 555 586 2004 931 59 168 558 823 543 1705 1792 160 714 577 586 619 586 586 1705 1172 1894 975 1515 1558 1089 223 147 3315 535 586 1343 586 103 363 586 13 586 201 586 335 586 586 242 154 586 276 892 167 428 586 109 586 586 594 1715
2518 1835 1444 0 1924 2658 840 2150 0 897 2658 252 2408 0 1586 282 45 738 2658 1668 2658 2658 0 1077 4 2046 1428 62 568 33 1569 535 3315 2658 1586 2658 490 1507 2658 37 2658 605 2658 333 2658 2658 569 210 2658 150 1155 494 421 2658 1510 2658 2658 2472 19
3175 2118 1727 0 2218 3315 1123 2807 0 898 3116 535 2782 0 2008 539 45 1021 3315 1901 3315 3315 0 1360 52 2703 1711 61 568 0 1943 586 2658 3315 2080 3315 773 1823 3315 28 3315 888 3315 616 3315 3315 933 225 3315 433 1438 1120 1044 3315 1901 3315 3315 2846 7
1940 1483 2484 46 1233 2080 1880 2425 10 56 1881 1488 1547 757 2726 349 536 676 2080 1901 2080 2080 757 1139 809 2469 1561 818 189 446 708 1343 1586 2080 3315 2080 956 630 2080 13 2080 888 2080 848 2080 2080 789 118 2080 493 1727 755 903 2080 666 2080 2080 1611 764
3175 2118 1727 0 2218 3315 1123 2807 0 898 3116 535 2782 0 2008 539 45 1021 3315 1901 3315 3315 0 1360 52 2703 1711 61 568 0 1943 586 2658 3315 2080 3315 773 1823 3315 28 3315 888 3315 616 3315 3315 933 225 3315 433 1438 1120 1044 3315 1901 3315 3315 2846 7
795 791 790 415 420 773 790 740 23 89 574 1011 240 51 827 525 1508 638 773 827 773 773 51 883 103 888 758 126 52 695 34 103 490 773 956 773 3315 34 773 17 773 747 773 753 773 773 280 1046 773 944 1144 411 629 773 51 773 773 304 58
1823 733 277 523 1401 1823 23 1315 28 1046 1838 478 1823 23 558 1021 300 576 1823 467 1823 1823 23 616 338 1211 295 362 888 314 1823 363 1507 1823 630 1823 34 3315 1823 32 1823 0 1823 7 1823 1823 1569 151 1823 656 15 1391 1132 1823 2401 1823 1823 1823 432
3175 2118 1727 0 2218 3315 1123 2807 0 898 3116 535 2782 0 2008 539 45 1021 3315 1901 3315 3315 0 1360 52 2703 1711 61 568 0 1943 586 2658 3315 2080 3315 773 1823 3315 28 3315 888 3315 616 3315 3315 933 225 3315 433 1438 1120 1044 3315 1901 3315 3315 2846 7
38 28 13 0 38 28 13 28 0 105 21 13 19 4 13 17 0 16 28 256 28 28 4 28 13 18 13 161 0 0 19 13 37 28 13 28 17 32 28 3315 28 261 28 13 28 28 0 192 28 13 13 13 13 28 108 28 28 19 541
3175 2118 1727 0 2218 3315 1123 2807 0 898 3116 535 2782 0 2008 539 45 1021 3315 1901 3315 3315 0 1360 52 2703 1711 61 568 0 1943 586 2658 3315 2080 3315 773 1823 3315 28 3315 888 3315 616 3315 3315 933 225 3315 433 1438 1120 1044 3315 1901 3315 3315 2846 7
784 888 888 0 331 888 888 888 0 608 689 535 355 0 888 0 5 577 888 888 888 888 0 878 52 888 888 61 0 0 0 201 605 888 888 888 747 0 888 261 888 3315 888 616 888 888 0 102 888 297 1010 252 249 888 17 888 888 419 7
3175 2118 1727 0 2218 3315 1123 2807 0 898 3116 535 2782 0 2008 539 45 1021 3315 1901 3315 3315 0 1360 52 2703 1711 61 568 0 1943 586 2658 3315 2080 3315 773 1823 3315 28 3315 888 3315 616 3315 3315 933 225 3315 433 1438 1120 1044 3315 1901 3315 3315 2846 7
616 625 844 757 74 616 987 857 6 57 417 811 83 229 846 109 334 696 616 630 616 616 229 888 280 866 616 250 26 74 1 335 333 616 848 616 753 7 616 13 616 616 616 3315 616 616 143 154 616 359 1013 649 274 616 28 616 616 147 237
3175 2118 1727 0 2218 3315 1123 2807 0 898 3116 535 2782 0 2008 539 45 1021 3315 1901 3315 3315 0 1360 52 2703 1711 61 568 0 1943 586 2658 3315 2080 3315 773 1823 3315 28 3315 888 3315 616 3315 3315 933 225 3315 433 1438 1120 1044 3315 1901 3315 3315 2846 7
3175 2118 1727 0 2218 3315 1123 2807 0 898 3116 535 2782 0 2008 539 45 1021 3315 1901 3315 3315 0 1360 52 2703 1711 61 568 0 1943 586 2658 3315 2080 3315 773 1823 3315 28 3315 888 3315 616 3315 3315 933 225 3315 433 1438 1120 1044 3315 1901 3315 3315 2846 7
933 90 432 584 623 933 6 933 13 216 983 645 933 61 713 892 661 182 933 601 933 933 61 87 355 933 138 393 279 179 917 242 569 933 789 933 280 1569 933 0 933 0 933 143 933 933 3315 444 933 932 936 1908 1132 933 1650 933 933 933 549
247 217 110 404 691 225 110 174 6 528 233 243 758 735 144 853 1024 236 225 74 225 225 735 410 106 285 252 46 143 571 850 154 210 225 118 225 1046 151 225 192 225 102 225 154 225 225 444 3315 225 887 699 121 352 225 153 225 225 638 37
3175 2118 1727 0 2218 3315 1123 2807 0 898 3116 535 2782 0 2008 539 45 1021 3315 1901 3315 3315 0 1360 52 2703 1711 61 568 0 1943 586 2658 3315 2080 3315 773 1823 3315 28 3315 888 3315 616 3315 3315 933 225 3315 433 1438 1120 1044 3315 1901 3315 3315 2846 7
433 532 307 488 78 433 337 363 5 191 234 1640 166 40 328 1841 615 544 433 297 433 433 40 755 130 474 460 595 142 852 166 276 150 433 493 433 944 656 433 13 433 297 433 359 433 433 932 887 433 3315 705 1425 1066 433 1148 433 433 220 726
1298 1422 1712 36 804 1438 1400 1677 9 58 1239 977 905 277 1734 303 1028 673 1438 1511 1438 1438 277 1079 329 1677 1461 539 38 472 66 892 1155 1438 1727 1438 1144 15 1438 13 1438 1010 1438 1013 1438 1438 936 699 1438 705 3315 531 363 1438 32 1438 1438 969 283
1120 282 402 255 684 1120 393 1150 7 180 934 948 875 118 683 1451 250 741 1120 573 1120 1120 118 649 254 1120 398 403 245 128 875 167 494 1120 755 1120 411 1391 1120 13 1120 252 1120 649 1120 1120 1908 121 1120 1425 531 3315 1563 1120 1942 1120 1120 885 677
1044 280 390 1410 621 1044 330 1083 14 389 858 517 802 58 671 1053 92 757 1044 539 1044 1044 58 1198 331 1211 300 638 640 1452 802 428 421 1044 903 1044 629 1132 1044 13 1044 249 1044 274 1044 1044 1132 352 1044 1066 363 1563 3315 1044 1037 1044 1044 802 140
3175 2118 1727 0 2218 3315 1123 2807 0 898 3116 535 2782 0 2008 539 45 1021 3315 1901 3315 3315 0 1360 52 2703 1711 61 568 0 1943 586 2658 3315 2080 3315 773 1823 3315 28 3315 888 3315 616 3315 3315 933 225 3315 433 1438 1120 1044 3315 1901 3315 3315 2846 7
1901 757 313 239 1436 1901 56 1393 18 909 1958 700 1886 11 594 1513 223 533 1901 487 1901 1901 11 538 117 1289 297 394 677 12 1886 109 1510 1901 666 1901 51 2401 1901 108 1901 17 1901 28 1901 1901 1650 153 1901 1148 32 1942 1037 1901 3315 1901 1901 1937 780
3175 2118 1727 0 2218 3315 1123 2807 0 898 3116 535 2782 0 2008 539 45 1021 3315 1901 3315 3315 0 1360 52 2703 1711 61 568 0 1943 586 2658 3315 2080 3315 773 1823 3315 28 3315 888 3315 616 3315 3315 933 225 3315 433 1438 1120 1044 3315 1901 3315 3315 2846 7
3175 2118 1727 0 2218 3315 1123 2807 0 898 3116 535 2782 0 2008 539 45 1021 3315 1901 3315 3315 0 1360 52 2703 1711 61 568 0 1943 586 2658 3315 2080 3315 773 1823 3315 28 3315 888 3315 616 3315 3315 933 225 3315 433 1438 1120 1044 3315 1901 3315 3315 2846 7
2706 1649 1258 0 2577 2846 654 2338 0 854 2854 66 3195 413 1539 945 99 552 2846 1432 2846 2846 413 891 67 2234 1242 63 569 0 2356 594 2472 2846 1611 2846 304 1823 2846 19 2846 419 2846 147 2846 2846 933 638 2846 220 969 885 802 2846 1937 2846 2846 3315 7
7 945 1595 18 22 7 1712 352 12 1 13 1414 7 1668 1213 833 441 673 7 40 7 7 1668 849 1749 396 1045 1797 1105 229 1 1715 19 7 764 7 58 432 7 541 7 7 7 237 7 7 549 37 7 726 283 677 140 7 780 7 7 7 3315
