2291 0 17 2155 1380 0 1345 0 0 2155 1257 0 500 524 1807 1604 898 2155 51 66 331 8 0 111 1519 45 0 0 2155 3 2155 0 2155 0 1845 333 0 0 1513 12 0 381 250 0 0 2155 0 61 2155 414 63 0 2155 0 0 39 306 0 2155
0 2291 0 0 233 2291 27 2291 2291 0 0 1336 22 68 24 37 23 0 14 1255 1027 720 2096 0 311 0 1055 2291 0 1012 0 2291 0 2291 0 466 2228 2291 36 16 2150 143 91 2291 2291 0 2291 2047 0 15 1671 2291 0 2291 2291 1411 1877 2291 0
17 0 2291 0 16 0 76 0 0 0 25 0 68 0 24 126 0 0 0 3 55 5 0 391 0 0 40 0 0 348 0 0 0 0 0 0 0 0 80 0 0 0 2 0 0 0 0 0 0 59 0 0 0 0 0 11 0 0 0
2155 0 0 2291 1400 0 1417 0 0 2291 1361 0 504 584 1943 1661 934 2291 11 46 393 8 0 67 1593 0 0 0 2291 0 2291 0 2291 0 1929 333 0 0 1545 12 0 381 286 0 0 2291 0 30 2291 400 63 0 2291 0 0 45 368 0 2291
1380 233 16 1400 2291 233 843 233 233 1400 732 138 398 514 1052 997 483 1400 36 146 230 78 294 81 1192 30 105 233 1400 104 1400 233 1400 233 1204 354 233 233 1166 78 223 386 440 233 233 1400 233 233 1400 414 360 233 1400 233 233 111 231 233 1400
0 2291 0 0 233 2291 27 2291 2291 0 0 1336 22 68 24 37 23 0 14 1255 1027 720 2096 0 311 0 1055 2291 0 1012 0 2291 0 2291 0 466 2228 2291 36 16 2150 143 91 2291 2291 0 2291 2047 0 15 1671 2291 0 2291 2291 1411 1877 2291 0
1345 27 76 1417 843 27 2291 27 27 1417 1296 27 353 519 1475 1412 832 1417 24 43 411 30 27 178 719 111 107 27 1417 67 1417 27 1417 27 1055 350 27 27 766 85 25 405 314 27 27 1417 27 12 1417 444 29 27 1417 27 27 30 395 27 1417
0 2291 0 0 233 2291 27 2291 2291 0 0 1336 22 68 24 37 23 0 14 1255 1027 720 2096 0 311 0 1055 2291 0 1012 0 2291 0 2291 0 466 2228 2291 36 16 2150 143 91 2291 2291 0 2291 2047 0 15 1671 2291 0 2291 2291 1411 1877 2291 0
0 2291 0 0 233 2291 27 2291 2291 0 0 1336 22 68 24 37 23 0 14 1255 1027 720 2096 0 311 0 1055 2291 0 1012 0 2291 0 2291 0 466 2228 2291 36 16 2150 143 91 2291 2291 0 2291 2047 0 15 1671 2291 0 2291 2291 1411 1877 2291 0
2155 0 0 2291 1400 0 1417 0 0 2291 1361 0 504 584 1943 1661 934 2291 11 46 393 8 0 67 1593 0 0 0 2291 0 2291 0 2291 0 1929 333 0 0 1545 12 0 381 286 0 0 2291 0 30 2291 400 63 0 2291 0 0 45 368 0 2291
1257 0 25 1361 732 0 1296 0 0 1361 2291 0 344 503 1369 1266 797 1361 55 13 443 40 0 67 663 0 0 0 1361 34 1361 0 1361 0 999 367 0 0 726 26 0 346 312 0 0 1361 0 0 1361 375 3 0 1361 0 0 226 368 0 1361
0 1336 0 0 138 1336 27 1336 1336 0 0 2291 22 68 24 37 88 0 0 300 1001 615 1359 0 113 0 219 1336 0 57 0 1336 0 1336 0 1 1336 1336 29 16 1195 340 16 1336 1336 0 1336 1092 0 217 716 1336 0 1336 1336 456 1336 1336 0
500 22 68 504 398 22 353 22 22 504 344 22 2291 1079 504 397 238 504 143 60 42 27 22 185 360 122 108 22 504 21 504 22 504 22 425 158 22 22 517 15 22 264 58 22 22 504 22 64 504 761 29 22 504 22 22 391 22 22 504
524 68 0 584 514 68 519 68 68 584 503 68 1079 2291 584 523 425 584 114 24 185 3 68 67 313 0 0 68 584 0 584 68 584 68 446 46 68 68 453 0 68 256 85 68 68 584 68 68 584 698 68 68 584 68 68 315 197 68 584
1807 24 24 1943 1052 24 1475 24 24 1943 1369 24 504 584 2291 1634 907 1943 22 103 417 67 24 86 1245 19 1 24 1943 61 1943 24 1943 24 1581 359 24 24 1197 12 29 392 343 24 24 1943 24 54 1943 400 10 24 1943 24 24 45 392 24 1943
1604 37 126 1661 997 37 1412 37 37 1661 1266 37 397 523 1634 2291 955 1661 41 102 430 45 37 183 963 116 3 37 1661 101 1661 37 1661 37 1299 349 37 37 1019 73 37 344 348 37 37 1661 37 65 1661 400 62 37 1661 37 37 0 405 37 1661
898 23 0 934 483 23 832 23 23 934 797 88 238 425 907 955 2291 934 623 40 344 40 23 85 236 18 0 23 934 233 934 23 934 23 572 182 23 23 380 32 23 527 73 23 23 934 23 23 934 149 30 23 934 23 23 23 391 23 934
2155 0 0 2291 1400 0 1417 0 0 2291 1361 0 504 584 1943 1661 934 2291 11 46 393 8 0 67 1593 0 0 0 2291 0 2291 0 2291 0 1929 333 0 0 1545 12 0 381 286 0 0 2291 0 30 2291 400 63 0 2291 0 0 45 368 0 2291
51 14 0 11 36 14 24 14 14 11 55 0 143 114 22 41 623 11 2291 14 229 54 14 6 12 9 14 14 11 149 11 14 11 14 16 21 14 14 314 7 14 696 21 14 14 11 14 14 11 318 14 14 11 14 14 14 14 14 11
66 1255 3 46 146 1255 43 1255 1255 46 13 300 60 24 103 102 40 46 14 2291 260 433 1060 72 357 72 997 1255 46 1033 46 1255 46 1255 46 644 1192 1255 75 162 1339 121 600 1255 1255 46 1255 1314 46 22 1479 1255 46 1255 1255 1263 841 1255 46
331 1027 55 393 230 1027 411 1027 1027 393 443 1001 42 185 417 430 344 393 229 260 2291 589 1027 49 57 82 215 1027 393 171 393 1027 393 1027 345 155 1027 1027 315 43 886 84 155 1027 1027 393 1027 783 393 266 414 1027 393 1027 1027 206 1363 1027 393
8 720 5 8 78 720 30 720 720 8 40 615 27 3 67 45 40 8 54 433 589 2291 723 3 158 3 260 720 8 354 8 720 8 720 8 389 720 720 16 221 804 39 472 720 720 8 720 476 8 64 185 720 8 720 720 192 755 720 8
0 2096 0 0 294 2096 27 2096 2096 0 0 1359 22 68 24 37 23 0 14 1060 1027 723 2291 0 315 0 904 2096 0 817 0 2096 0 2096 0 271 2033 2096 81 17 1955 143 148 2096 2096 0 2096 1852 0 15 1476 2096 0 2096 2096 1216 1877 2096 0
111 0 391 67 81 0 178 0 0 67 67 0 185 67 86 183 85 67 6 72 49 3 0 2291 67 1422 0 0 67 0 67 0 67 0 67 13 0 0 74 36 0 117 71 0 0 67 0 212 67 34 0 0 67 0 0 0 0 0 67
1519 311 0 1593 1192 311 719 311 311 1593 663 113 360 313 1245 963 236 1593 12 357 57 158 315 67 2291 0 307 311 1593 311 1593 311 1593 311 1593 280 279 311 1403 13 311 348 279 311 311 1593 311 341 1593 315 374 311 1593 311 311 356 219 311 1593
45 0 0 0 30 0 111 0 0 0 0 0 122 0 19 116 18 0 9 72 82 3 0 1422 0 2291 0 0 0 0 0 0 0 0 0 0 0 0 7 36 0 104 68 0 0 0 0 212 0 68 0 0 0 0 0 0 0 0 0
0 1055 40 0 105 1055 107 1055 1055 0 0 219 108 0 1 3 0 0 14 997 215 260 904 0 307 0 2291 1055 0 860 0 1055 0 1055 0 346 1055 1055 30 20 1055 118 119 1055 1055 0 1055 1055 0 60 996 1055 0 1055 1055 994 760 1055 0
0 2291 0 0 233 2291 27 2291 2291 0 0 1336 22 68 24 37 23 0 14 1255 1027 720 2096 0 311 0 1055 2291 0 1012 0 2291 0 2291 0 466 2228 2291 36 16 2150 143 91 2291 2291 0 2291 2047 0 15 1671 2291 0 2291 2291 1411 1877 2291 0
2155 0 0 2291 1400 0 1417 0 0 2291 1361 0 504 584 1943 1661 934 2291 11 46 393 8 0 67 1593 0 0 0 2291 0 2291 0 2291 0 1929 333 0 0 1545 12 0 381 286 0 0 2291 0 30 2291 400 63 0 2291 0 0 45 368 0 2291
3 1012 348 0 104 1012 67 1012 1012 0 34 57 21 0 61 101 233 0 149 1033 171 354 817 0 311 0 860 1012 0 2291 0 1012 0 1012 0 893 949 1012 30 136 992 584 275 1012 1012 0 1012 1012 0 21 1012 1012 0 1012 1012 993 598 1012 0
2155 0 0 2291 1400 0 1417 0 0 2291 1361 0 504 584 1943 1661 934 2291 11 46 393 8 0 67 1593 0 0 0 2291 0 2291 0 2291 0 1929 333 0 0 1545 12 0 381 286 0 0 2291 0 30 2291 400 63 0 2291 0 0 45 368 0 2291
0 2291 0 0 233 2291 27 2291 2291 0 0 1336 22 68 24 37 23 0 14 1255 1027 720 2096 0 311 0 1055 2291 0 1012 0 2291 0 2291 0 466 2228 2291 36 16 2150 143 91 2291 2291 0 2291 2047 0 15 1671 2291 0 2291 2291 1411 1877 2291 0
2155 0 0 2291 1400 0 1417 0 0 2291 1361 0 504 584 1943 1661 934 2291 11 46 393 8 0 67 1593 0 0 0 2291 0 2291 0 2291 0 1929 333 0 0 1545 12 0 381 286 0 0 2291 0 30 2291 400 63 0 2291 0 0 45 368 0 2291
0 2291 0 0 233 2291 27 2291 2291 0 0 1336 22 68 24 37 23 0 14 1255 1027 720 2096 0 311 0 1055 2291 0 1012 0 2291 0 2291 0 466 2228 2291 36 16 2150 143 91 2291 2291 0 2291 2047 0 15 1671 2291 0 2291 2291 1411 1877 2291 0
1845 0 0 1929 1204 0 1055 0 0 1929 999 0 425 446 1581 1299 572 1929 16 46 345 8 0 67 1593 0 0 0 1929 0 1929 0 1929 0 2291 197 0 0 1464 12 0 363 272 0 0 1929 0 30 1929 389 63 0 1929 0 0 45 286 0 1929
333 466 0 333 354 466 350 466 466 333 367 1 158 46 359 349 182 333 21 644 155 389 271 13 280 0 346 466 333 893 333 466 333 466 197 2291 403 466 266 114 552 288 662 466 466 333 466 466 333 221 614 466 333 466 466 487 61 466 333
0 2228 0 0 233 2228 27 2228 2228 0 0 1336 22 68 24 37 23 0 14 1192 1027 720 2033 0 279 0 1055 2228 0 949 0 2228 0 2228 0 403 2291 2228 36 16 2087 143 91 2228 2228 0 2228 1984 0 15 1608 2228 0 2228 2228 1348 1877 2228 0
0 2291 0 0 233 2291 27 2291 2291 0 0 1336 22 68 24 37 23 0 14 1255 1027 720 2096 0 311 0 1055 2291 0 1012 0 2291 0 2291 0 466 2228 2291 36 16 2150 143 91 2291 2291 0 2291 2047 0 15 1671 2291 0 2291 2291 1411 1877 2291 0
1513 36 80 1545 1166 36 766 36 36 1545 726 29 517 453 1197 1019 380 1545 314 75 315 16 81 74 1403 7 30 36 1545 30 1545 36 1545 36 1464 266 36 36 2291 18 36 435 248 36 36 1545 36 60 1545 445 95 36 1545 36 36 75 17 36 1545
12 16 0 12 78 16 85 16 16 12 26 16 15 0 12 73 32 12 7 162 43 221 17 36 13 36 20 16 12 136 12 16 12 16 12 114 16 16 18 2291 16 150 515 16 16 12 16 16 12 215 275 16 12 16 16 25 16 16 12
0 2150 0 0 223 2150 25 2150 2150 0 0 1195 22 68 29 37 23 0 14 1339 886 804 1955 0 311 0 1055 2150 0 992 0 2150 0 2150 0 552 2087 2150 36 16 2291 143 175 2150 2150 0 2150 1906 0 15 1541 2150 0 2150 2150 1411 1736 2150 0
381 143 0 381 386 143 405 143 143 381 346 340 264 256 392 344 527 381 696 121 84 39 143 117 348 104 118 143 381 584 381 143 381 143 363 288 143 143 435 150 143 2291 82 143 143 381 143 164 381 21 170 143 381 143 143 146 88 143 381
250 91 2 286 440 91 314 91 91 286 312 16 58 85 343 348 73 286 21 600 155 472 148 71 279 68 119 91 286 275 286 91 286 91 272 662 91 91 248 515 175 82 2291 91 91 286 91 91 286 362 525 91 286 91 91 97 140 91 286
0 2291 0 0 233 2291 27 2291 2291 0 0 1336 22 68 24 37 23 0 14 1255 1027 720 2096 0 311 0 1055 2291 0 1012 0 2291 0 2291 0 466 2228 2291 36 16 2150 143 91 2291 2291 0 2291 2047 0 15 1671 2291 0 2291 2291 1411 1877 2291 0
0 2291 0 0 233 2291 27 2291 2291 0 0 1336 22 68 24 37 23 0 14 1255 1027 720 2096 0 311 0 1055 2291 0 1012 0 2291 0 2291 0 466 2228 2291 36 16 2150 143 91 2291 2291 0 2291 2047 0 15 1671 2291 0 2291 2291 1411 1877 2291 0
2155 0 0 2291 1400 0 1417 0 0 2291 1361 0 504 584 1943 1661 934 2291 11 46 393 8 0 67 1593 0 0 0 2291 0 2291 0 2291 0 1929 333 0 0 1545 12 0 381 286 0 0 2291 0 30 2291 400 63 0 2291 0 0 45 368 0 2291
0 2291 0 0 233 2291 27 2291 2291 0 0 1336 22 68 24 37 23 0 14 1255 1027 720 2096 0 311 0 1055 2291 0 1012 0 2291 0 2291 0 466 2228 2291 36 16 2150 143 91 2291 2291 0 2291 2047 0 15 1671 2291 0 2291 2291 1411 1877 2291 0
61 2047 0 30 233 2047 12 2047 2047 30 0 1092 64 68 54 65 23 30 14 1314 783 476 1852 212 341 212 1055 2047 30 1012 30 2047 30 2047 30 466 1984 2047 60 16 1906 164 91 2047 2047 30 2047 2291 30 15 1666 2047 30 2047 2047 1401 1633 2047 30
2155 0 0 2291 1400 0 1417 0 0 2291 1361 0 504 584 1943 1661 934 2291 11 46 393 8 0 67 1593 0 0 0 2291 0 2291 0 2291 0 1929 333 0 0 1545 12 0 381 286 0 0 2291 0 30 2291 400 63 0 2291 0 0 45 368 0 2291
414 15 59 400 414 15 444 15 15 400 375 217 761 698 400 400 149 400 318 22 266 64 15 34 315 68 60 15 400 21 400 15 400 15 389 221 15 15 445 215 15 21 362 15 15 400 15 15 400 2291 87 15 400 15 15 330 94 15 400
63 1671 0 63 360 1671 29 1671 1671 63 3 716 29 68 10 62 30 63 14 1479 414 185 1476 0 374 0 996 1671 63 1012 63 1671 63 1671 63 614 1608 1671 95 275 1541 170 525 1671 1671 63 1671 1666 63 87 2291 1671 63 1671 1671 1404 1257 1671 63
0 2291 0 0 233 2291 27 2291 2291 0 0 1336 22 68 24 37 23 0 14 1255 1027 720 2096 0 311 0 1055 2291 0 1012 0 2291 0 2291 0 466 2228 2291 36 16 2150 143 91 2291 2291 0 2291 2047 0 15 1671 2291 0 2291 2291 1411 1877 2291 0
2155 0 0 2291 1400 0 1417 0 0 2291 1361 0 504 584 1943 1661 934 2291 11 46 393 8 0 67 1593 0 0 0 2291 0 2291 0 2291 0 1929 333 0 0 1545 12 0 381 286 0 0 2291 0 30 2291 400 63 0 2291 0 0 45 368 0 2291
0 2291 0 0 233 2291 27 2291 2291 0 0 1336 22 68 24 37 23 0 14 1255 1027 720 2096 0 311 0 1055 2291 0 1012 0 2291 0 2291 0 466 2228 2291 36 16 2150 143 91 2291 2291 0 2291 2047 0 15 1671 2291 0 2291 2291 1411 1877 2291 0
0 2291 0 0 233 2291 27 2291 2291 0 0 1336 22 68 24 37 23 0 14 1255 1027 720 2096 0 311 0 1055 2291 0 1012 0 2291 0 2291 0 466 2228 2291 36 16 2150 143 91 2291 2291 0 2291 2047 0 15 1671 2291 0 2291 2291 1411 1877 2291 0
39 1411 11 45 111 1411 30 1411 1411 45 226 456 391 315 45 0 23 45 14 1263 206 192 1216 0 356 0 994 1411 45 993 45 1411 45 1411 45 487 1348 1411 75 25 1411 146 97 1411 1411 45 1411 1401 45 330 1404 1411 45 1411 1411 2291 997 1411 45
306 1877 0 368 231 1877 395 1877 1877 368 368 1336 22 197 392 405 391 368 14 841 1363 755 1877 0 219 0 760 1877 368 598 368 1877 368 1877 286 61 1877 1877 17 16 1736 88 140 1877 1877 368 1877 1633 368 94 1257 1877 368 1877 1877 997 2291 1877 368
0 2291 0 0 233 2291 27 2291 2291 0 0 1336 22 68 24 37 23 0 14 1255 1027 720 2096 0 311 0 1055 2291 0 1012 0 2291 0 2291 0 466 2228 2291 36 16 2150 143 91 2291 2291 0 2291 2047 0 15 1671 2291 0 2291 2291 1411 1877 2291 0
2155 0 0 2291 1400 0 1417 0 0 2291 1361 0 504 584 1943 1661 934 2291 11 46 393 8 0 67 1593 0 0 0 2291 0 2291 0 2291 0 1929 333 0 0 1545 12 0 381 286 0 0 2291 0 30 2291 400 63 0 2291 0 0 45 368 0 2291
