2648 1320 369 56 1366 13 26 12 0 1366 1096 136 12 12 1366 1062 1552 920 1368 691 585 12 49 973 282 63 12 201 221 12 1366 397 12 12 12 0 84 12 12 12 470 12 12 21 186 0 1 85 12 1102 530 296 1366 12 1366 12 1366 12 1366
1320 2648 337 139 2551 78 540 66 0 2551 1905 123 66 66 2551 1840 2194 2105 2489 687 658 66 272 1321 266 131 66 349 1405 66 2551 506 66 66 66 66 68 66 66 66 470 66 66 403 221 2 53 230 66 1098 548 280 2551 66 2075 66 2551 66 2551
369 337 2648 210 271 796 712 793 0 271 308 105 793 793 271 203 300 62 274 99 287 793 124 376 484 54 793 818 82 793 271 394 793 793 793 504 458 797 793 367 139 793 793 758 387 238 69 824 788 253 100 498 271 793 271 793 271 793 271
56 139 210 2648 139 16 5 3 3 139 142 37 3 3 139 189 67 140 139 3 29 3 492 81 3 103 3 5 207 3 139 0 3 3 3 3 3 0 3 3 3 3 3 101 19 0 0 100 1 6 13 3 139 3 53 3 139 3 139
1366 2551 271 139 2648 12 474 0 0 2648 2002 123 0 0 2648 1881 2291 2103 2586 784 755 0 272 1418 363 131 0 283 1414 0 2648 440 0 0 0 0 165 0 0 0 470 0 0 337 208 2 53 164 0 1195 542 377 2648 0 2172 0 2648 0 2648
13 78 796 16 12 2648 1305 2600 84 12 197 1202 2600 2600 12 109 25 12 12 629 954 2600 207 10 2237 30 2600 1080 45 2600 12 693 2600 2600 2600 1157 2117 1802 2600 2074 598 2600 2600 1506 635 151 40 1378 1777 17 897 2053 12 2600 30 2600 12 2600 12
26 540 712 5 474 1305 2648 1352 0 474 662 334 1352 1352 474 392 441 474 412 381 365 1352 333 44 989 84 1352 1059 498 1352 474 558 1352 1352 1352 944 869 1146 1352 927 205 1352 1352 1161 129 203 243 1225 1134 26 303 805 474 1352 198 1352 474 1352 474
12 66 793 3 0 2600 1352 2648 84 0 245 1250 2648 2648 0 114 13 0 0 629 957 2648 194 10 2285 34 2648 1073 33 2648 0 693 2648 2648 2648 1157 2165 1850 2648 2122 595 2648 2648 1499 635 151 40 1378 1816 17 945 2101 0 2648 18 2648 0 2648 0
0 0 0 3 0 84 0 84 2648 0 0 5 84 84 0 0 0 0 0 103 84 84 0 0 84 0 84 0 28 84 0 60 84 84 84 84 84 1 84 84 84 84 84 104 105 0 0 84 24 0 84 84 0 84 16 84 0 84 0
1366 2551 271 139 2648 12 474 0 0 2648 2002 123 0 0 2648 1881 2291 2103 2586 784 755 0 272 1418 363 131 0 283 1414 0 2648 440 0 0 0 0 165 0 0 0 470 0 0 337 208 2 53 164 0 1195 542 377 2648 0 2172 0 2648 0 2648
1096 1905 308 142 2002 197 662 245 0 2002 2648 365 245 245 2002 1504 1711 1457 1940 616 868 245 296 1253 608 152 245 193 1060 245 2002 393 245 245 245 64 410 116 245 244 286 245 245 317 192 111 151 156 83 1129 460 622 2002 245 1526 245 2002 245 2002
136 123 105 37 123 1202 334 1250 5 123 365 2648 1250 1250 123 237 134 124 123 340 624 1250 156 123 1194 22 1250 85 59 1250 123 130 1250 1250 1250 241 1194 919 1250 1162 170 1250 1250 615 261 117 64 158 838 140 854 1194 123 1250 127 1250 123 1250 123
12 66 793 3 0 2600 1352 2648 84 0 245 1250 2648 2648 0 114 13 0 0 629 957 2648 194 10 2285 34 2648 1073 33 2648 0 693 2648 2648 2648 1157 2165 1850 2648 2122 595 2648 2648 1499 635 151 40 1378 1816 17 945 2101 0 2648 18 2648 0 2648 0
12 66 793 3 0 2600 1352 2648 84 0 245 1250 2648 2648 0 114 13 0 0 629 957 2648 194 10 2285 34 2648 1073 33 2648 0 693 2648 2648 2648 1157 2165 1850 2648 2122 595 2648 2648 1499 635 151 40 1378 1816 17 945 2101 0 2648 18 2648 0 2648 0
1366 2551 271 139 2648 12 474 0 0 2648 2002 123 0 0 2648 1881 2291 2103 2586 784 755 0 272 1418 363 131 0 283 1414 0 2648 440 0 0 0 0 165 0 0 0 470 0 0 337 208 2 53 164 0 1195 542 377 2648 0 2172 0 2648 0 2648
1062 1840 203 189 1881 109 392 114 0 1881 1504 237 114 114 1881 2648 1524 1756 1819 597 301 114 315 1017 166 58 114 300 1041 114 1881 379 114 114 114 0 166 114 114 114 470 114 114 327 159 2 53 84 114 817 618 166 1881 114 1405 114 1881 114 1881
1552 2194 300 67 2291 25 441 13 0 2291 1711 134 13 13 2291 1524 2648 1746 2229 797 768 13 229 1162 376 131 13 204 1057 13 2291 442 13 13 13 0 178 0 13 13 472 13 13 183 221 6 64 164 2 1195 555 390 2291 13 2032 13 2291 13 2291
920 2105 62 140 2103 12 474 0 0 2103 1457 124 0 0 2103 1756 1746 2648 2041 545 234 0 272 873 0 131 0 283 1645 0 2103 379 0 0 0 0 0 0 0 0 470 0 0 337 97 2 53 164 0 650 544 0 2103 0 1627 0 2103 0 2103
1368 2489 274 139 2586 12 412 0 0 2586 1940 123 0 0 2586 1819 2229 2041 2648 784 755 0 272 1418 363 134 0 283 1352 0 2586 440 0 0 0 0 165 0 0 0 470 0 0 358 208 5 68 164 0 1195 542 377 2586 0 2172 0 2586 0 2586
691 687 99 3 784 629 381 629 103 784 616 340 629 629 784 597 797 545 784 2648 903 629 345 645 867 69 629 140 52 629 784 1072 629 629 629 645 794 36 629 626 924 629 629 13 522 786 899 743 16 806 993 867 784 629 802 629 784 629 784
585 658 287 29 755 954 365 957 84 755 868 624 957 957 755 301 768 234 755 903 2648 957 49 554 1320 112 957 138 267 957 755 550 957 957 957 349 1122 159 957 916 539 957 957 136 645 45 144 348 143 573 857 1334 755 957 773 957 755 957 755
12 66 793 3 0 2600 1352 2648 84 0 245 1250 2648 2648 0 114 13 0 0 629 957 2648 194 10 2285 34 2648 1073 33 2648 0 693 2648 2648 2648 1157 2165 1850 2648 2122 595 2648 2648 1499 635 151 40 1378 1816 17 945 2101 0 2648 18 2648 0 2648 0
49 272 124 492 272 207 333 194 0 272 296 156 194 194 272 315 229 272 272 345 49 194 2648 15 189 285 194 229 434 194 272 100 194 194 194 239 200 194 194 138 123 194 194 372 74 337 797 117 194 45 45 138 272 194 64 194 272 194 272
973 1321 376 81 1418 10 44 10 0 1418 1253 123 10 10 1418 1017 1162 873 1418 645 554 10 15 2648 373 28 10 564 485 10 1418 193 10 10 10 12 175 163 10 10 216 10 10 90 155 2 1 105 0 1357 275 387 1418 10 1532 10 1418 10 1418
282 266 484 3 363 2237 989 2285 84 363 608 1194 2285 2285 363 166 376 0 363 867 1320 2285 189 373 2648 34 2285 710 42 2285 363 444 2285 2285 2285 794 2329 1487 2285 1759 589 2285 2285 1136 672 151 40 1015 1453 380 945 2464 363 2285 381 2285 363 2285 363
63 131 54 103 131 30 84 34 0 131 152 22 34 34 131 58 131 131 134 69 112 34 285 28 34 2648 34 138 151 34 131 132 34 34 34 80 34 34 34 20 121 34 34 39 11 59 36 85 34 3 68 75 131 34 131 34 131 34 131
12 66 793 3 0 2600 1352 2648 84 0 245 1250 2648 2648 0 114 13 0 0 629 957 2648 194 10 2285 34 2648 1073 33 2648 0 693 2648 2648 2648 1157 2165 1850 2648 2122 595 2648 2648 1499 635 151 40 1378 1816 17 945 2101 0 2648 18 2648 0 2648 0
201 349 818 5 283 1080 1059 1073 0 283 193 85 1073 1073 283 300 204 283 283 140 138 1073 229 564 710 138 1073 2648 250 1073 283 561 1073 1073 1073 896 590 1422 1073 628 149 1073 1073 1068 267 96 51 1235 1071 530 118 526 283 1073 622 1073 283 1073 283
221 1405 82 207 1414 45 498 33 28 1414 1060 59 33 33 1414 1041 1057 1645 1352 52 267 33 434 485 42 151 33 250 2648 33 1414 167 33 33 33 49 42 33 33 1 61 33 33 353 87 11 214 113 33 90 172 42 1414 33 938 33 1414 33 1414
12 66 793 3 0 2600 1352 2648 84 0 245 1250 2648 2648 0 114 13 0 0 629 957 2648 194 10 2285 34 2648 1073 33 2648 0 693 2648 2648 2648 1157 2165 1850 2648 2122 595 2648 2648 1499 635 151 40 1378 1816 17 945 2101 0 2648 18 2648 0 2648 0
1366 2551 271 139 2648 12 474 0 0 2648 2002 123 0 0 2648 1881 2291 2103 2586 784 755 0 272 1418 363 131 0 283 1414 0 2648 440 0 0 0 0 165 0 0 0 470 0 0 337 208 2 53 164 0 1195 542 377 2648 0 2172 0 2648 0 2648
397 506 394 0 440 693 558 693 60 440 393 130 693 693 440 379 442 379 440 1072 550 693 100 193 444 132 693 561 167 693 440 2648 693 693 693 984 380 353 693 687 660 693 693 331 562 472 706 1081 334 168 559 489 440 693 465 693 440 693 440
12 66 793 3 0 2600 1352 2648 84 0 245 1250 2648 2648 0 114 13 0 0 629 957 2648 194 10 2285 34 2648 1073 33 2648 0 693 2648 2648 2648 1157 2165 1850 2648 2122 595 2648 2648 1499 635 151 40 1378 1816 17 945 2101 0 2648 18 2648 0 2648 0
12 66 793 3 0 2600 1352 2648 84 0 245 1250 2648 2648 0 114 13 0 0 629 957 2648 194 10 2285 34 2648 1073 33 2648 0 693 2648 2648 2648 1157 2165 1850 2648 2122 595 2648 2648 1499 635 151 40 1378 1816 17 945 2101 0 2648 18 2648 0 2648 0
12 66 793 3 0 2600 1352 2648 84 0 245 1250 2648 2648 0 114 13 0 0 629 957 2648 194 10 2285 34 2648 1073 33 2648 0 693 2648 2648 2648 1157 2165 1850 2648 2122 595 2648 2648 1499 635 151 40 1378 1816 17 945 2101 0 2648 18 2648 0 2648 0
0 66 504 3 0 1157 944 1157 84 0 64 241 1157 1157 0 0 0 0 0 645 349 1157 239 12 794 80 1157 896 49 1157 0 984 1157 1157 1157 2648 674 962 1157 1022 331 1157 1157 960 515 539 562 1596 977 90 197 610 0 1157 36 1157 0 1157 0
84 68 458 3 165 2117 869 2165 84 165 410 1194 2165 2165 165 166 178 0 165 794 1122 2165 200 175 2329 34 2165 590 42 2165 165 380 2165 2165 2165 674 2648 1367 2165 1639 574 2165 2165 1016 629 175 91 895 1333 182 945 2242 165 2165 183 2165 165 2165 165
12 66 797 0 0 1802 1146 1850 1 0 116 919 1850 1850 0 114 0 0 0 36 159 1850 194 163 1487 34 1850 1422 33 1850 0 353 1850 1850 1850 962 1367 2648 1850 1324 91 1850 1850 1499 648 132 22 1254 1964 563 147 1303 0 1850 270 1850 0 1850 0
12 66 793 3 0 2600 1352 2648 84 0 245 1250 2648 2648 0 114 13 0 0 629 957 2648 194 10 2285 34 2648 1073 33 2648 0 693 2648 2648 2648 1157 2165 1850 2648 2122 595 2648 2648 1499 635 151 40 1378 1816 17 945 2101 0 2648 18 2648 0 2648 0
12 66 367 3 0 2074 927 2122 84 0 244 1162 2122 2122 0 114 13 0 0 626 916 2122 138 10 1759 20 2122 628 1 2122 0 687 2122 2122 2122 1022 1639 1324 2122 2648 595 2122 2122 1077 513 145 56 852 1290 17 945 1575 0 2122 18 2122 0 2122 0
470 470 139 3 470 598 205 595 84 470 286 170 595 595 470 470 472 470 470 924 539 595 123 216 589 121 595 149 61 595 470 660 595 595 595 331 574 91 595 595 2648 595 595 90 461 120 261 458 178 326 922 583 470 595 488 595 470 595 470
12 66 793 3 0 2600 1352 2648 84 0 245 1250 2648 2648 0 114 13 0 0 629 957 2648 194 10 2285 34 2648 1073 33 2648 0 693 2648 2648 2648 1157 2165 1850 2648 2122 595 2648 2648 1499 635 151 40 1378 1816 17 945 2101 0 2648 18 2648 0 2648 0
12 66 793 3 0 2600 1352 2648 84 0 245 1250 2648 2648 0 114 13 0 0 629 957 2648 194 10 2285 34 2648 1073 33 2648 0 693 2648 2648 2648 1157 2165 1850 2648 2122 595 2648 2648 1499 635 151 40 1378 1816 17 945 2101 0 2648 18 2648 0 2648 0
21 403 758 101 337 1506 1161 1499 104 337 317 615 1499 1499 337 327 183 337 358 13 136 1499 372 90 1136 39 1499 1068 353 1499 337 331 1499 1499 1499 960 1016 1499 1499 1077 90 1499 1499 2648 267 134 31 1034 1499 17 0 952 337 1499 50 1499 337 1499 337
186 221 387 19 208 635 129 635 105 208 192 261 635 635 208 159 221 97 208 522 645 635 74 155 672 11 635 267 87 635 208 562 635 635 635 515 629 648 635 513 461 635 635 267 2648 257 246 523 286 493 493 684 208 635 329 635 208 635 208
0 2 238 0 2 151 203 151 0 2 111 117 151 151 2 2 6 2 5 786 45 151 337 2 151 59 151 96 11 151 2 472 151 151 151 539 175 132 151 145 120 151 151 134 257 2648 684 274 142 47 19 151 2 151 15 151 2 151 2
1 53 69 0 53 40 243 40 0 53 151 64 40 40 53 53 64 53 68 899 144 40 797 1 40 36 40 51 214 40 53 706 40 40 40 562 91 22 40 56 261 40 40 31 246 684 2648 547 3 1 40 40 53 40 22 40 53 40 53
85 230 824 100 164 1378 1225 1378 84 164 156 158 1378 1378 164 84 164 164 164 743 348 1378 117 105 1015 85 1378 1235 113 1378 164 1081 1378 1378 1378 1596 895 1254 1378 852 458 1378 1378 1034 523 274 547 2648 1141 150 346 831 164 1378 293 1378 164 1378 164
12 66 788 1 0 1777 1134 1816 24 0 83 838 1816 1816 0 114 2 0 0 16 143 1816 194 0 1453 34 1816 1071 33 1816 0 334 1816 1816 1816 977 1333 1964 1816 1290 178 1816 1816 1499 286 142 3 1141 2648 74 113 1269 0 1816 4 1816 0 1816 0
1102 1098 253 6 1195 17 26 17 0 1195 1129 140 17 17 1195 817 1195 650 1195 806 573 17 45 1357 380 3 17 530 90 17 1195 168 17 17 17 90 182 563 17 17 326 17 17 17 493 47 1 150 74 2648 357 394 1195 17 1525 17 1195 17 1195
530 548 100 13 542 897 303 945 84 542 460 854 945 945 542 618 555 544 542 993 857 945 45 275 945 68 945 118 172 945 542 559 945 945 945 197 945 147 945 945 922 945 945 0 493 19 40 346 113 357 2648 945 542 945 560 945 542 945 542
296 280 498 3 377 2053 805 2101 84 377 622 1194 2101 2101 377 166 390 0 377 867 1334 2101 138 387 2464 75 2101 526 42 2101 377 489 2101 2101 2101 610 2242 1303 2101 1575 583 2101 2101 952 684 151 40 831 1269 394 945 2648 377 2101 395 2101 377 2101 377
1366 2551 271 139 2648 12 474 0 0 2648 2002 123 0 0 2648 1881 2291 2103 2586 784 755 0 272 1418 363 131 0 283 1414 0 2648 440 0 0 0 0 165 0 0 0 470 0 0 337 208 2 53 164 0 1195 542 377 2648 0 2172 0 2648 0 2648
12 66 793 3 0 2600 1352 2648 84 0 245 1250 2648 2648 0 114 13 0 0 629 957 2648 194 10 2285 34 2648 1073 33 2648 0 693 2648 2648 2648 1157 2165 1850 2648 2122 595 2648 2648 1499 635 151 40 1378 1816 17 945 2101 0 2648 18 2648 0 2648 0
1366 2075 271 53 2172 30 198 18 16 2172 1526 127 18 18 2172 1405 2032 1627 2172 802 773 18 64 1532 381 131 18 622 938 18 2172 465 18 18 18 36 183 270 18 18 488 18 18 50 329 15 22 293 4 1525 560 395 2172 18 2648 18 2172 18 2172
12 66 793 3 0 2600 1352 2648 84 0 245 1250 2648 2648 0 114 13 0 0 629 957 2648 194 10 2285 34 2648 1073 33 2648 0 693 2648 2648 2648 1157 2165 1850 2648 2122 595 2648 2648 1499 635 151 40 1378 1816 17 945 2101 0 2648 18 2648 0 2648 0
1366 2551 271 139 2648 12 474 0 0 2648 2002 123 0 0 2648 1881 2291 2103 2586 784 755 0 272 1418 363 131 0 283 1414 0 2648 440 0 0 0 0 165 0 0 0 470 0 0 337 208 2 53 164 0 1195 542 377 2648 0 2172 0 2648 0 2648
12 66 793 3 0 2600 1352 2648 84 0 245 1250 2648 2648 0 114 13 0 0 629 957 2648 194 10 2285 34 2648 1073 33 2648 0 693 2648 2648 2648 1157 2165 1850 2648 2122 595 2648 2648 1499 635 151 40 1378 1816 17 945 2101 0 2648 18 2648 0 2648 0
1366 2551 271 139 2648 12 474 0 0 2648 2002 123 0 0 2648 1881 2291 2103 2586 784 755 0 272 1418 363 131 0 283 1414 0 2648 440 0 0 0 0 165 0 0 0 470 0 0 337 208 2 53 164 0 1195 542 377 2648 0 2172 0 2648 0 2648
