7552 2968 1932 2639 1131 3095 1920 3452 31 342 1459 2509 361 210 2134 1088 1964 2225 2973 2382 1561 522 1884 2568 1545 3217 1293 1842 362 382 801 2663 499 3237 3407 2888 2777 938 1041 729 3445 2881 2362 2198 2244 1910 381 568 3407 1263 2467 826 984 3302 1152 591 3461 956 1391
2968 7552 1545 3091 1704 3012 1939 4065 34 505 1975 2797 579 399 2410 912 2594 1699 3300 2163 1203 430 2422 3203 1512 3342 1187 1599 264 224 1124 3059 417 3292 4235 2731 3070 1143 749 798 4261 2786 2064 2843 2019 1823 346 321 4116 1484 3147 1034 945 3790 1309 950 3305 1494 1316
1932 1545 7552 972 622 2296 1256 1376 0 0 507 1586 30 30 1750 667 780 1231 1290 767 1648 955 761 1327 1476 1455 1656 1124 143 255 658 1220 496 1264 1376 2025 1374 179 898 426 1376 1251 1524 703 1299 1605 354 665 1376 1331 638 1402 1024 1386 837 714 1981 619 715
2639 3091 972 7552 2732 2406 1328 4755 4 443 1825 2379 1014 272 2799 735 3363 1779 3129 1663 551 175 2923 3373 796 3727 815 1483 577 0 1347 2446 108 3521 4961 2985 3012 1575 2382 856 4877 3321 1330 3804 2334 1569 300 0 4877 1340 4494 1056 1005 4158 947 167 2987 2060 2036
1131 1704 622 2732 7552 1218 735 2966 15 486 440 1480 930 262 2248 309 592 214 1362 760 540 1131 769 1399 1820 2210 1482 536 778 832 1503 1082 400 2087 2788 1904 1549 1080 2212 993 2970 1984 526 598 2297 737 250 529 2930 2101 2354 2334 1129 2710 1644 814 1327 2244 2675
3095 3012 2296 2406 1218 7552 1838 3275 272 905 1270 3057 215 123 2282 992 1388 1755 2514 2385 1059 776 1233 2232 1702 3595 1009 1657 340 437 1074 2665 1067 3826 3275 2498 2823 1746 871 666 3275 3394 2072 1677 2816 2330 106 803 3275 1329 2345 749 977 3624 1039 548 4211 1789 1830
1920 1939 1256 1328 735 1838 7552 2177 88 121 1457 2021 496 620 1142 158 1328 1423 1810 1818 721 599 1631 1974 781 1848 1222 1222 202 283 201 1925 319 2192 1990 2034 2147 205 470 366 2036 1832 1710 1423 1096 1319 338 229 2107 762 1771 847 819 2240 519 518 1890 349 489
3452 4065 1376 4755 2966 3275 2177 7552 0 327 1878 3478 934 376 3718 855 3042 1719 3734 2313 1036 525 3223 3802 1503 4532 1537 1522 541 0 1551 3444 376 4239 6418 3889 4179 1406 2924 999 6587 3796 1939 3635 3421 2008 122 70 6695 2592 4393 1813 1975 5123 1494 629 4121 2571 2834
31 34 0 4 15 272 88 0 7552 36 157 103 239 5 0 82 13 28 258 140 118 609 40 28 141 18 130 155 8 442 42 23 105 26 0 63 37 126 63 74 0 71 134 134 59 173 140 24 0 30 33 141 70 0 82 212 102 424 15
342 505 0 443 486 905 121 327 36 7552 214 54 556 160 218 975 160 319 930 545 292 655 125 324 723 644 2 526 653 421 1 460 833 297 317 696 182 2146 327 276 317 673 270 125 1242 541 1570 194 317 211 327 268 70 555 72 135 496 259 693
1459 1975 507 1825 440 1270 1457 1878 157 214 7552 1520 589 597 844 454 1712 1810 1510 1421 95 229 2098 1487 195 1678 57 828 548 100 343 1717 498 2014 2150 1906 2100 549 491 513 2245 1581 1090 1731 785 821 220 336 1886 515 2032 830 426 1873 820 628 1493 348 286
2509 2797 1586 2379 1480 3057 2021 3478 103 54 1520 7552 737 200 2069 345 2056 1635 2388 2281 1288 695 2189 2546 1280 3240 1203 1392 110 538 1373 2590 772 2509 3333 3049 3077 947 330 636 3358 2857 2554 1957 2630 2258 397 1570 3359 1827 2201 746 1139 3411 1049 1812 3138 1063 1789
361 579 30 1014 930 215 496 934 239 556 589 737 7552 3465 726 128 1056 223 727 416 22 244 1232 566 487 432 33 542 319 269 353 353 317 653 836 408 174 883 1138 1309 962 427 365 969 705 274 672 278 1049 705 894 721 425 801 406 1054 438 464 238
210 399 30 272 262 123 620 376 5 160 597 200 3465 7552 155 242 838 223 220 178 0 293 617 135 452 581 14 545 584 254 117 166 4 463 142 123 123 73 764 855 248 182 202 649 49 167 70 80 170 333 374 314 437 358 435 542 346 226 32
2134 2410 1750 2799 2248 2282 1142 3718 0 218 844 2069 726 155 7552 433 1680 670 1827 1156 1051 477 1890 2375 1357 2740 958 1057 271 351 1948 1804 379 2158 3784 1750 1863 1458 1975 636 3784 1978 1525 2052 2108 1239 255 1093 3786 1737 2677 1275 1254 2484 963 434 2507 3210 1565
1088 912 667 735 309 992 158 855 82 975 454 345 128 242 433 7552 505 1047 768 1148 870 702 473 423 528 726 220 571 411 239 899 1010 759 711 855 461 531 1370 728 446 855 671 567 784 915 1170 958 621 855 475 892 539 402 715 856 229 1377 1205 575
1964 2594 780 3363 592 1388 1328 3042 13 160 1712 2056 1056 838 1680 505 7552 1775 2942 1187 450 90 5169 3856 760 1728 249 1649 154 485 59 3162 77 1961 3160 2868 2395 374 848 415 3023 1850 1594 4288 916 1437 2775 2257 2990 451 2870 133 1096 2306 731 1607 2069 468 236
2225 1699 1231 1779 214 1755 1423 1719 28 319 1810 1635 223 223 670 1047 1775 7552 1699 1440 737 760 1589 1845 692 1649 486 1205 56 440 40 1724 464 1835 1719 1931 2097 170 187 105 1719 1617 1493 1865 773 1276 271 289 1719 99 1941 229 297 1747 220 306 2782 491 180
2973 3300 1290 3129 1362 2514 1810 3734 258 930 1510 2388 727 220 1827 768 2942 1699 7552 2350 1198 398 2470 3168 1572 2959 952 1802 233 315 395 3206 403 3154 3694 3310 2829 1013 802 682 3694 2622 1959 2873 1827 1959 569 435 3694 955 3015 704 1074 3486 1014 697 2951 579 1211
2382 2163 767 1663 760 2385 1818 2313 140 545 1421 2281 416 178 1156 1148 1187 1440 2350 7552 930 764 1228 1569 986 2388 597 1025 55 511 1089 1859 660 2259 2313 2129 2023 1035 507 722 2313 1868 1714 1473 1442 1485 161 557 2313 1321 2114 1008 745 2456 953 769 2423 1183 1305
1561 1203 1648 551 540 1059 721 1036 118 292 95 1288 22 0 1051 870 450 737 1198 930 7552 1143 294 1360 1364 1271 1208 968 388 327 399 1478 324 1236 1036 1520 1318 759 356 400 1036 1108 1765 369 1546 1195 273 303 1036 1068 395 725 696 1259 915 940 1245 106 1070
522 430 955 175 1131 776 599 525 609 655 229 695 244 293 477 702 90 760 398 764 1143 7552 215 367 1582 494 1308 144 566 336 242 610 659 930 415 777 350 592 560 222 522 544 620 152 809 566 642 514 443 590 310 1038 1022 797 885 1365 580 167 839
1884 2422 761 2923 769 1233 1631 3223 40 125 2098 2189 1232 617 1890 473 5169 1589 2470 1228 294 215 7552 3385 814 1672 331 1492 230 454 301 2720 77 1860 3517 2641 1933 416 1186 690 3745 1779 1394 4385 680 1311 2686 2319 3320 834 2584 603 734 2151 508 1626 1795 904 101
2568 3203 1327 3373 1399 2232 1974 3802 28 324 1487 2546 566 135 2375 423 3856 1845 3168 1569 1360 367 3385 7552 1251 2613 936 1469 730 643 541 2852 459 2680 3878 2525 2952 887 888 234 3857 2500 2313 3839 1582 2160 1040 895 3857 1348 3070 550 1307 3414 943 818 2923 685 611
1545 1512 1476 796 1820 1702 781 1503 141 723 195 1280 487 452 1357 528 760 692 1572 986 1364 1582 814 1251 7552 1397 1682 1510 163 293 273 2231 653 1405 1503 2430 1106 692 609 506 1503 1445 1303 862 1858 1582 390 660 1503 949 809 1350 631 1334 1391 1818 1443 479 2055
3217 3342 1455 3727 2210 3595 1848 4532 18 644 1678 3240 432 581 2740 726 1728 1649 2959 2388 1271 494 1672 2613 1397 7552 1500 1477 570 163 1841 2984 365 4104 4775 3757 3540 1370 1721 796 4625 3798 2246 2148 3515 2201 104 401 4650 2083 3579 1614 1298 4537 1133 775 3820 1922 2540
1293 1187 1656 815 1482 1009 1222 1537 130 2 57 1203 33 14 958 220 249 486 952 597 1208 1308 331 936 1682 1500 7552 1123 170 577 1255 1035 146 1061 1599 1637 1224 714 1526 738 1599 1264 1179 165 1231 1099 1025 272 1599 1856 334 1380 1628 1593 953 1736 1123 361 1048
1842 1599 1124 1483 536 1657 1222 1522 155 526 828 1392 542 545 1057 571 1649 1205 1802 1025 968 144 1492 1469 1510 1477 1123 7552 199 240 561 1634 490 1512 1522 1801 1378 943 812 138 1522 1478 1687 1303 889 1929 456 235 1522 879 1104 162 1089 1421 713 196 1472 298 653
362 264 143 577 778 340 202 541 8 653 548 110 319 584 271 411 154 56 233 55 388 566 230 730 163 570 170 199 7552 16 61 158 215 639 345 333 104 345 639 251 519 341 37 0 600 509 222 5 374 328 444 248 439 811 351 54 347 478 307
382 224 255 0 832 437 283 0 442 421 100 538 269 254 351 239 485 440 315 511 327 336 454 643 293 163 577 240 16 7552 462 213 613 2 0 0 0 515 0 218 0 0 341 806 2 409 465 587 0 379 117 50 292 94 342 694 407 279 11
801 1124 658 1347 1503 1074 201 1551 42 1 343 1373 353 117 1948 899 59 40 395 1089 399 242 301 541 273 1841 1255 561 61 462 7552 173 90 717 1641 945 756 1078 1302 1094 1634 1263 1084 597 1506 254 389 2632 1672 1885 1247 1028 902 1476 1194 757 1176 3580 1943
2663 3059 1220 2446 1082 2665 1925 3444 23 460 1717 2590 353 166 1804 1010 3162 1724 3206 1859 1478 610 2720 2852 2231 2984 1035 1634 158 213 173 7552 931 3167 3444 4058 2983 297 642 99 3444 2524 2497 2186 1882 2388 1096 1443 3444 767 2578 698 761 3407 1101 1884 3304 771 1018
499 417 496 108 400 1067 319 376 105 833 498 772 317 4 379 759 77 464 403 660 324 659 77 459 653 365 146 490 215 613 90 931 7552 615 376 681 623 550 263 64 376 855 984 83 651 1311 468 363 376 200 245 176 168 384 554 586 470 546 581
3237 3292 1264 3521 2087 3826 2192 4239 26 297 2014 2509 653 463 2158 711 1961 1835 3154 2259 1236 930 1860 2680 1405 4104 1061 1512 639 2 717 3167 615 7552 4085 3354 3937 954 1545 944 4232 4394 2114 2382 3349 2089 248 442 4116 1699 3466 1286 961 4296 986 361 3448 1687 1784
3407 4235 1376 4961 2788 3275 1990 6418 0 317 2150 3333 836 142 3784 855 3160 1719 3694 2313 1036 415 3517 3878 1503 4775 1599 1522 345 0 1641 3444 376 4085 7552 3915 3730 1431 2748 922 7115 3987 1939 4068 3241 2008 237 70 6788 2401 4506 1973 1810 4959 1516 590 4121 2491 2842
2888 2731 2025 2985 1904 2498 2034 3889 63 696 1906 3049 408 123 1750 461 2868 1931 3310 2129 1520 777 2641 2525 2430 3757 1637 1801 333 0 945 4058 681 3354 3915 7552 3378 310 1656 263 3915 3554 1960 1824 2917 2524 1462 1473 3915 1641 2657 1667 1056 3668 795 1875 3170 737 2969
2777 3070 1374 3012 1549 2823 2147 4179 37 182 2100 3077 174 123 1863 531 2395 2097 2829 2023 1318 350 1933 2952 1106 3540 1224 1378 104 0 756 2983 623 3937 3730 3378 7552 981 1140 466 3604 3430 2229 2171 2670 2521 430 606 3777 1824 2753 1474 1468 3708 902 852 2724 732 1542
938 1143 179 1575 1080 1746 205 1406 126 2146 549 947 883 73 1458 1370 374 170 1013 1035 759 592 416 887 692 1370 714 943 345 515 1078 297 550 954 1431 310 981 7552 480 718 1431 532 364 734 1978 571 1285 53 1431 829 1182 330 352 1641 631 36 1250 1067 1177
1041 749 898 2382 2212 871 470 2924 63 327 491 330 1138 764 1975 728 848 187 802 507 356 560 1186 888 609 1721 1526 812 639 0 1302 642 263 1545 2748 1656 1140 480 7552 1958 2906 1965 411 1300 1890 362 408 41 2803 2379 2254 1881 2518 1735 1165 1265 939 2237 1674
729 798 426 856 993 666 366 999 74 276 513 636 1309 855 636 446 415 105 682 722 400 222 690 234 506 796 738 138 251 218 1094 99 64 944 922 263 466 718 1958 7552 1132 610 87 538 822 142 335 248 998 1325 1006 548 407 1291 703 1018 720 806 1207
3445 4261 1376 4877 2970 3275 2036 6587 0 317 2245 3358 962 248 3784 855 3023 1719 3694 2313 1036 522 3745 3857 1503 4625 1599 1522 519 0 1634 3444 376 4232 7115 3915 3604 1431 2906 1132 7552 3988 1939 3904 3365 2008 300 70 6894 2697 4479 1987 1766 5157 1555 685 4121 2524 2842
2881 2786 1251 3321 1984 3394 1832 3796 71 673 1581 2857 427 182 1978 671 1850 1617 2622 1868 1108 544 1779 2500 1445 3798 1264 1478 341 0 1263 2524 855 4394 3987 3554 3430 532 1965 610 3988 7552 2454 2203 3711 2108 246 750 3955 1633 2857 1533 1060 3583 914 514 2728 1864 1780
2362 2064 1524 1330 526 2072 1710 1939 134 270 1090 2554 365 202 1525 567 1594 1493 1959 1714 1765 620 1394 2313 1303 2246 1179 1687 37 341 1084 2497 984 2114 1939 1960 2229 364 411 87 1939 2454 7552 1673 1915 2119 449 1199 1939 1095 1449 456 935 2147 1272 1282 2196 563 1027
2198 2843 703 3804 598 1677 1423 3635 134 125 1731 1957 969 649 2052 784 4288 1865 2873 1473 369 152 4385 3839 862 2148 165 1303 0 806 597 2186 83 2382 4068 1824 2171 734 1300 538 3904 2203 1673 7552 904 1261 1150 1092 3904 517 3486 668 908 2595 742 868 2358 1136 521
2244 2019 1299 2334 2297 2816 1096 3421 59 1242 785 2630 705 49 2108 915 916 773 1827 1442 1546 809 680 1582 1858 3515 1231 889 600 2 1506 1882 651 3349 3241 2917 2670 1978 1890 822 3365 3711 1915 904 7552 1940 595 984 3294 2081 2213 1649 1156 3165 1138 1104 2381 1827 3104
1910 1823 1605 1569 737 2330 1319 2008 173 541 821 2258 274 167 1239 1170 1437 1276 1959 1485 1195 566 1311 2160 1582 2201 1099 1929 509 409 254 2388 1311 2089 2008 2524 2521 571 362 142 2008 2108 2119 1261 1940 7552 417 507 2008 890 1193 667 867 2224 515 755 2051 117 914
381 346 354 300 250 106 338 122 140 1570 220 397 672 70 255 958 2775 271 569 161 273 642 2686 1040 390 104 1025 456 222 465 389 1096 468 248 237 1462 430 1285 408 335 300 246 449 1150 595 417 7552 2289 289 514 321 393 252 222 463 1540 201 112 71
568 321 665 0 529 803 229 70 24 194 336 1570 278 80 1093 621 2257 289 435 557 303 514 2319 895 660 401 272 235 5 587 2632 1443 363 442 70 1473 606 53 41 248 70 750 1199 1092 984 507 2289 7552 93 307 368 194 52 276 273 2140 532 2573 622
3407 4116 1376 4877 2930 3275 2107 6695 0 317 1886 3359 1049 170 3786 855 2990 1719 3694 2313 1036 443 3320 3857 1503 4650 1599 1522 374 0 1672 3444 376 4116 6788 3915 3777 1431 2803 998 6894 3955 1939 3904 3294 2008 289 93 7552 2517 4479 2117 1862 5110 1432 632 4121 2626 2842
1263 1484 1331 1340 2101 1329 762 2592 30 211 515 1827 705 333 1737 475 451 99 955 1321 1068 590 834 1348 949 2083 1856 879 328 379 1885 767 200 1699 2401 1641 1824 829 2379 1325 2697 1633 1095 517 2081 890 514 307 2517 7552 1087 1801 2055 2403 1572 1242 1347 1288 2167
2467 3147 638 4494 2354 2345 1771 4393 33 327 2032 2201 894 374 2677 892 2870 1941 3015 2114 395 310 2584 3070 809 3579 334 1104 444 117 1247 2578 245 3466 4506 2657 2753 1182 2254 1006 4479 2857 1449 3486 2213 1193 321 368 4479 1087 7552 1227 1261 3754 843 557 2972 2308 1610
826 1034 1402 1056 2334 749 847 1813 141 268 830 746 721 314 1275 539 133 229 704 1008 725 1038 603 550 1350 1614 1380 162 248 50 1028 698 176 1286 1973 1667 1474 330 1881 548 1987 1533 456 668 1649 667 393 194 2117 1801 1227 7552 1262 1407 1572 1068 697 1031 1754
984 945 1024 1005 1129 977 819 1975 70 70 426 1139 425 437 1254 402 1096 297 1074 745 696 1022 734 1307 631 1298 1628 1089 439 292 902 761 168 961 1810 1056 1468 352 2518 407 1766 1060 935 908 1156 867 252 52 1862 2055 1261 1262 7552 1197 1627 869 998 556 659
3302 3790 1386 4158 2710 3624 2240 5123 0 555 1873 3411 801 358 2484 715 2306 1747 3486 2456 1259 797 2151 3414 1334 4537 1593 1421 811 94 1476 3407 384 4296 4959 3668 3708 1641 1735 1291 5157 3583 2147 2595 3165 2224 222 276 5110 2403 3754 1407 1197 7552 1094 645 3811 1623 2323
1152 1309 837 947 1644 1039 519 1494 82 72 820 1049 406 435 963 856 731 220 1014 953 915 885 508 943 1391 1133 953 713 351 342 1194 1101 554 986 1516 795 902 631 1165 703 1555 914 1272 742 1138 515 463 273 1432 1572 843 1572 1627 1094 7552 1652 1340 751 1696
591 950 714 167 814 548 518 629 212 135 628 1812 1054 542 434 229 1607 306 697 769 940 1365 1626 818 1818 775 1736 196 54 694 757 1884 586 361 590 1875 852 36 1265 1018 685 514 1282 868 1104 755 1540 2140 632 1242 557 1068 869 645 1652 7552 549 231 1122
3461 3305 1981 2987 1327 4211 1890 4121 102 496 1493 3138 438 346 2507 1377 2069 2782 2951 2423 1245 580 1795 2923 1443 3820 1123 1472 347 407 1176 3304 470 3448 4121 3170 2724 1250 939 720 4121 2728 2196 2358 2381 2051 201 532 4121 1347 2972 697 998 3811 1340 549 7552 1886 2122
956 1494 619 2060 2244 1789 349 2571 424 259 348 1063 464 226 3210 1205 468 491 579 1183 106 167 904 685 479 1922 361 298 478 279 3580 771 546 1687 2491 737 732 1067 2237 806 2524 1864 563 1136 1827 117 112 2573 2626 1288 2308 1031 556 1623 751 231 1886 7552 1962
1391 1316 715 2036 2675 1830 489 2834 15 693 286 1789 238 32 1565 575 236 180 1211 1305 1070 839 101 611 2055 2540 1048 653 307 11 1943 1018 581 1784 2842 2969 1542 1177 1674 1207 2842 1780 1027 521 3104 914 71 622 2842 2167 1610 1754 659 2323 1696 1122 2122 1962 7552
