3583 2832 552 31 1572 316 234 229 12 229 637 229 223 190 143 840 1815 48 3144 229 1967 259 186 981 2218 286 11 2723 229 2799 107 762 774 2020 3144 241 273 118 3144 23 384 0 23 2969 229 1998 252 456 0 933 327 2162 1742 23 528 229 3060 229 1650
2832 3583 631 31 1621 395 313 308 10 308 716 308 37 57 74 919 1815 32 3193 308 2163 5 337 697 2267 448 12 2772 308 3200 339 839 354 2052 3193 320 258 0 3193 7 667 0 7 3018 308 2440 331 535 15 1043 406 1704 2196 7 1151 308 3109 308 1650
552 631 3583 19 0 1668 1661 1656 2 1656 1685 1764 1385 1405 284 1695 276 25 323 1656 1378 1323 1034 24 7 1325 973 146 1656 323 1334 317 508 326 323 1689 83 0 323 0 1303 16 0 323 1656 1162 1701 1656 1 588 1665 385 1438 0 693 1656 298 1742 323
31 31 19 3583 378 71 715 0 2 0 369 57 62 62 91 19 172 490 31 0 31 0 1 165 676 139 30 44 0 31 18 0 15 93 31 4 105 122 31 19 412 56 19 31 0 41 29 282 67 0 168 91 111 81 87 0 31 109 168
1572 1621 0 378 3583 431 372 927 18 927 695 386 960 927 534 255 808 35 2011 927 549 996 596 1249 2456 270 15 2024 927 1627 24 275 803 444 2011 870 76 12 2011 124 534 0 124 2011 927 560 753 373 98 1730 516 1604 580 124 914 927 2011 365 78
316 395 1668 71 431 3583 2739 2739 2 2739 2731 2184 2468 2488 6 2561 68 1 87 2739 1142 2406 1426 20 71 1139 16 225 2739 87 821 47 808 80 87 2751 49 377 87 15 1372 97 15 4 2739 926 2749 2746 152 1671 3017 442 1216 15 712 2739 87 2739 87
234 313 1661 715 372 2739 3583 2794 5 2794 2790 2173 2523 2543 48 2531 5 475 5 2794 1060 2461 1481 4 437 1073 48 27 2794 5 815 47 502 5 5 2798 32 0 5 4 1244 0 4 5 2794 844 2823 2989 0 1726 2618 394 1211 4 693 2794 5 2903 5
229 308 1656 0 927 2739 2794 3583 0 3583 2744 2169 3312 3332 519 2759 0 0 0 3583 1055 3250 2270 0 225 1068 0 0 3583 0 810 134 502 0 0 3526 0 0 0 0 1216 0 0 0 3583 839 3409 2661 0 2515 2594 338 1129 0 693 3583 0 2966 0
12 10 2 2 18 2 5 0 3583 0 0 0 0 0 3 0 3 2 0 0 4 34 19 44 2 39 0 34 0 0 916 518 349 11 0 2 25 188 0 0 126 0 0 0 0 18 26 2 0 0 0 59 55 8 7 0 0 0 0
229 308 1656 0 927 2739 2794 3583 0 3583 2744 2169 3312 3332 519 2759 0 0 0 3583 1055 3250 2270 0 225 1068 0 0 3583 0 810 134 502 0 0 3526 0 0 0 0 1216 0 0 0 3583 839 3409 2661 0 2515 2594 338 1129 0 693 3583 0 2966 0
637 716 1685 369 695 2731 2790 2744 0 2744 3583 2198 2473 2493 174 2611 381 102 408 2744 1463 2411 1431 4 447 1178 29 357 2744 408 834 264 502 401 408 2756 83 0 408 29 1643 0 29 233 2744 1247 2767 2873 0 1676 2847 338 1483 29 693 2744 407 2599 408
229 308 1764 57 386 2184 2173 2169 0 2169 2198 3583 1898 1918 390 2195 70 329 0 2169 1055 1836 1038 850 30 1124 388 31 2169 0 810 131 502 1 0 2175 44 20 0 985 1332 0 985 56 2169 839 2208 2206 0 1101 2183 377 1185 985 720 2169 84 2174 0
223 37 1385 62 960 2468 2523 3312 0 3312 2473 1898 3583 3541 741 2488 2 1 33 3312 1055 3257 1999 12 258 797 5 33 3312 5 539 239 535 222 33 3255 0 5 33 1 945 0 1 33 3312 568 3138 2390 70 2244 2323 371 858 84 422 3312 33 2695 0
190 57 1405 62 927 2488 2543 3332 0 3332 2493 1918 3541 3583 742 2508 2 0 0 3332 1055 3250 2019 2 225 817 7 0 3332 7 559 240 502 223 0 3275 0 7 0 0 965 0 0 0 3332 588 3158 2410 70 2264 2343 338 878 83 442 3332 0 2715 0
143 74 284 91 534 6 48 519 3 519 174 390 741 742 3583 57 65 21 31 519 61 519 928 934 228 231 1115 30 519 31 285 464 431 1403 31 462 64 1039 31 2 70 4 2 31 519 207 345 65 241 519 9 30 65 85 15 519 3 50 31
840 919 1695 19 255 2561 2531 2759 0 2759 2611 2195 2488 2508 57 3583 543 2 611 2759 1666 2426 1634 108 74 1195 26 362 2759 611 810 655 610 604 611 2771 153 19 611 2 1580 0 2 436 2759 1450 2782 2625 108 1691 2331 415 1476 2 693 2759 527 2703 611
1815 1815 276 172 808 68 5 0 3 0 381 70 2 2 65 543 3583 1220 1862 0 1293 0 8 562 1244 180 23 1503 0 1837 353 723 296 1318 1862 12 198 14 1862 1261 526 1 1261 1738 0 1298 17 180 0 586 123 1043 1077 1261 327 0 1778 0 1180
48 32 25 490 35 1 475 0 2 0 102 329 1 0 21 2 1220 3583 25 0 35 5 8 191 200 71 21 52 0 25 494 237 14 34 25 4 64 45 25 2927 163 0 2927 25 0 26 29 145 0 122 14 121 47 2751 157 0 25 120 62
3144 3193 323 31 2011 87 5 0 0 0 408 0 33 0 31 611 1862 25 3583 0 2121 69 29 863 2657 140 0 3162 0 3199 31 875 744 2009 3583 12 265 0 3583 0 359 0 0 3408 0 2132 23 227 0 803 98 2094 1888 0 843 0 3499 0 1650
229 308 1656 0 927 2739 2794 3583 0 3583 2744 2169 3312 3332 519 2759 0 0 0 3583 1055 3250 2270 0 225 1068 0 0 3583 0 810 134 502 0 0 3526 0 0 0 0 1216 0 0 0 3583 839 3409 2661 0 2515 2594 338 1129 0 693 3583 0 2966 0
1967 2163 1378 31 549 1142 1060 1055 4 1055 1463 1055 1055 1055 61 1666 1293 35 2121 1055 3583 1055 617 22 1195 756 2 1700 1055 2123 387 805 556 2026 2121 1067 210 0 2121 10 1118 242 10 1946 1055 2509 1078 1282 9 195 1153 932 2535 10 394 1055 2037 1055 1650
259 5 1323 0 996 2406 2461 3250 34 3250 2411 1836 3257 3250 519 2426 0 5 69 3250 1055 3583 1937 54 294 735 0 69 3250 0 477 134 571 0 69 3193 0 0 69 5 883 0 5 69 3250 506 3076 2328 0 2194 2261 407 796 5 360 3250 69 2633 13
186 337 1034 1 596 1426 1481 2270 19 2270 1431 1038 1999 2019 928 1634 8 8 29 2270 617 1937 3583 634 254 1463 18 29 2270 29 836 154 772 450 29 2213 22 542 29 8 1290 6 8 29 2270 877 2096 1348 234 1580 1281 29 1076 8 714 2270 29 1653 12
981 697 24 165 1249 20 4 0 44 0 4 850 12 2 934 108 562 191 863 0 22 54 634 3583 891 728 441 903 0 856 70 111 1037 372 863 6 98 896 863 847 642 0 847 919 0 26 39 30 399 752 4 876 86 889 402 0 947 5 13
2218 2267 7 676 2456 71 437 225 2 225 447 30 258 225 228 74 1244 200 2657 225 1195 294 254 891 3583 169 7 2670 225 2273 37 280 744 1090 2657 168 99 0 2657 30 308 0 30 2657 225 1206 51 293 0 1028 207 2071 1303 30 843 225 2657 0 724
286 448 1325 139 270 1139 1073 1068 39 1068 1178 1124 797 817 231 1195 180 71 140 1068 756 735 1463 728 169 3583 591 142 1068 140 747 74 1041 315 140 1068 123 261 140 93 1655 0 93 140 1068 996 1068 1073 382 341 1178 72 1205 93 754 1068 140 1078 114
11 12 973 30 15 16 48 0 0 0 29 388 5 7 1115 26 23 21 0 0 2 0 18 441 7 591 3583 43 0 384 1214 193 124 21 0 33 61 148 0 0 25 0 0 0 0 25 45 65 0 47 9 63 82 85 13 0 0 170 53
2723 2772 146 44 2024 225 27 0 34 0 357 31 33 0 30 362 1503 52 3162 0 1700 69 29 903 2670 142 43 3583 0 2778 71 558 770 1588 3162 12 141 134 3162 31 332 78 31 2987 0 1711 23 259 78 803 232 2141 1702 31 843 0 3162 1 1229
229 308 1656 0 927 2739 2794 3583 0 3583 2744 2169 3312 3332 519 2759 0 0 0 3583 1055 3250 2270 0 225 1068 0 0 3583 0 810 134 502 0 0 3526 0 0 0 0 1216 0 0 0 3583 839 3409 2661 0 2515 2594 338 1129 0 693 3583 0 2966 0
2799 3200 323 31 1627 87 5 0 0 0 408 0 5 7 31 611 1837 25 3199 0 2123 0 29 856 2273 140 384 2778 0 3583 31 805 360 2009 3199 12 271 83 3199 0 359 0 0 3024 0 2132 23 227 0 746 98 1710 1888 85 843 0 3115 0 1703
107 339 1334 18 24 821 815 810 916 810 834 810 539 559 285 810 353 494 31 810 387 477 836 70 37 747 1214 71 810 31 3583 405 436 137 31 843 56 141 31 473 791 0 473 31 810 742 855 810 21 345 810 250 745 473 715 810 31 980 18
762 839 317 0 275 47 47 134 518 134 264 131 239 240 464 655 723 237 875 134 805 134 154 111 280 74 193 558 134 805 405 3583 168 1027 875 153 775 149 875 285 477 0 285 740 134 799 149 187 29 183 9 197 541 282 77 134 791 134 653
774 354 508 15 803 808 502 502 349 502 502 502 535 502 431 610 296 14 744 502 556 571 772 1037 744 1041 124 770 502 360 436 168 3583 171 744 502 110 911 744 14 745 391 14 744 502 299 502 502 565 292 686 1075 544 14 328 502 744 502 0
2020 2052 326 93 444 80 5 0 11 0 401 1 222 223 1403 604 1318 34 2009 0 2026 0 450 372 1090 315 21 1588 0 2009 137 1027 171 3583 2009 12 265 656 2009 10 334 0 10 1842 0 2182 16 220 150 6 98 760 1775 93 47 0 1925 0 1643
3144 3193 323 31 2011 87 5 0 0 0 408 0 33 0 31 611 1862 25 3583 0 2121 69 29 863 2657 140 0 3162 0 3199 31 875 744 2009 3583 12 265 0 3583 0 359 0 0 3408 0 2132 23 227 0 803 98 2094 1888 0 843 0 3499 0 1650
241 320 1689 4 870 2751 2798 3526 2 3526 2756 2175 3255 3275 462 2771 12 4 12 3526 1067 3193 2213 6 168 1068 33 12 3526 12 843 153 502 12 12 3583 0 0 12 6 1228 0 6 0 3526 851 3415 2673 0 2458 2594 338 1141 6 693 3526 12 2970 12
273 258 83 105 76 49 32 0 25 0 83 44 0 0 64 153 198 64 265 0 210 0 22 98 99 123 61 141 0 271 56 775 110 265 265 0 3583 75 265 53 330 19 53 265 0 221 0 77 283 111 8 145 125 53 82 0 253 107 201
118 0 0 122 12 377 0 0 188 0 0 20 5 7 1039 19 14 45 0 0 0 0 542 896 0 261 148 134 0 83 141 149 911 656 0 0 75 3583 0 45 137 240 45 0 0 140 0 0 379 0 395 1 30 48 15 0 0 0 4
3144 3193 323 31 2011 87 5 0 0 0 408 0 33 0 31 611 1862 25 3583 0 2121 69 29 863 2657 140 0 3162 0 3199 31 875 744 2009 3583 12 265 0 3583 0 359 0 0 3408 0 2132 23 227 0 803 98 2094 1888 0 843 0 3499 0 1650
23 7 0 19 124 15 4 0 0 0 29 985 1 0 2 2 1261 2927 0 0 10 5 8 847 30 93 0 31 0 0 473 285 14 10 0 6 53 45 0 3583 230 0 3583 56 0 1 39 37 0 122 14 74 72 3407 82 0 84 5 37
384 667 1303 412 534 1372 1244 1216 126 1216 1643 1332 945 965 70 1580 526 163 359 1216 1118 883 1290 642 308 1655 25 332 1216 359 791 477 745 334 359 1228 330 137 359 230 3583 78 230 184 1216 1187 1239 1493 548 522 1384 40 1506 230 807 1216 359 1216 314
0 0 16 56 0 97 0 0 0 0 0 0 0 0 4 0 1 0 0 0 242 0 6 0 0 0 0 78 0 0 0 0 391 0 0 0 19 240 0 0 78 3583 0 0 0 0 0 10 1305 0 105 369 25 0 199 0 0 0 0
23 7 0 19 124 15 4 0 0 0 29 985 1 0 2 2 1261 2927 0 0 10 5 8 847 30 93 0 31 0 0 473 285 14 10 0 6 53 45 0 3583 230 0 3583 56 0 1 39 37 0 122 14 74 72 3407 82 0 84 5 37
2969 3018 323 31 2011 4 5 0 0 0 233 56 33 0 31 436 1738 25 3408 0 1946 69 29 919 2657 140 0 2987 0 3024 31 740 744 1842 3408 0 265 0 3408 56 184 0 56 3583 0 1957 43 52 0 803 98 2094 1713 56 843 0 3324 0 1475
229 308 1656 0 927 2739 2794 3583 0 3583 2744 2169 3312 3332 519 2759 0 0 0 3583 1055 3250 2270 0 225 1068 0 0 3583 0 810 134 502 0 0 3526 0 0 0 0 1216 0 0 0 3583 839 3409 2661 0 2515 2594 338 1129 0 693 3583 0 2966 0
1998 2440 1162 41 560 926 844 839 18 839 1247 839 568 588 207 1450 1298 26 2132 839 2509 506 877 26 1206 996 25 1711 839 2132 742 799 299 2182 2132 851 221 140 2132 1 1187 0 1 1957 839 3583 862 1066 2 355 937 760 2761 1 856 839 2048 839 1650
252 331 1701 29 753 2749 2823 3409 26 3409 2767 2208 3138 3158 345 2782 17 29 23 3409 1078 3076 2096 39 51 1068 45 23 3409 23 855 149 502 16 23 3415 0 0 23 39 1239 0 39 43 3409 862 3583 2684 0 2341 2594 345 1152 39 693 3409 23 2995 23
456 535 1656 282 373 2746 2989 2661 2 2661 2873 2206 2390 2410 65 2625 180 145 227 2661 1282 2328 1348 30 293 1073 65 259 2661 227 810 187 502 220 227 2673 77 0 227 37 1493 10 37 52 2661 1066 2684 3583 0 1593 2633 344 1433 37 693 2661 227 2661 227
0 15 1 67 98 152 0 0 0 0 0 0 70 70 241 108 0 0 0 0 9 0 234 399 0 382 0 78 0 0 21 29 565 150 0 0 283 379 0 0 548 1305 0 0 0 2 0 0 3583 0 0 436 5 42 35 0 0 0 0
933 1043 588 0 1730 1671 1726 2515 0 2515 1676 1101 2244 2264 519 1691 586 122 803 2515 195 2194 1580 752 1028 341 47 803 2515 746 345 183 292 6 803 2458 111 0 803 122 522 0 122 803 2515 355 2341 1593 0 3583 1526 907 409 122 686 2515 803 1898 0
327 406 1665 168 516 3017 2618 2594 0 2594 2847 2183 2323 2343 9 2331 123 14 98 2594 1153 2261 1281 4 207 1178 9 232 2594 98 810 9 686 98 98 2594 8 395 98 14 1384 105 14 98 2594 937 2594 2633 0 1526 3583 339 1227 14 923 2594 98 2594 98
2162 1704 385 91 1604 442 394 338 59 338 338 377 371 338 30 415 1043 121 2094 338 932 407 29 876 2071 72 63 2141 338 1710 250 197 1075 760 2094 338 145 1 2094 74 40 369 74 2094 338 760 345 344 436 907 339 3583 742 74 567 338 2094 390 572
1742 2196 1438 111 580 1216 1211 1129 55 1129 1483 1185 858 878 65 1476 1077 47 1888 1129 2535 796 1076 86 1303 1205 82 1702 1129 1888 745 541 544 1775 1888 1141 125 30 1888 72 1506 25 72 1713 1129 2761 1152 1433 5 409 1227 742 3583 72 906 1129 1914 1138 1386
23 7 0 81 124 15 4 0 8 0 29 985 84 83 85 2 1261 2751 0 0 10 5 8 889 30 93 85 31 0 85 473 282 14 93 0 6 53 48 0 3407 230 0 3407 56 0 1 39 37 42 122 14 74 72 3583 82 0 84 5 62
528 1151 693 87 914 712 693 693 7 693 693 720 422 442 15 693 327 157 843 693 394 360 714 402 843 754 13 843 693 843 715 77 328 47 843 693 82 15 843 82 807 199 82 843 693 856 693 693 35 686 923 567 906 82 3583 693 843 693 0
229 308 1656 0 927 2739 2794 3583 0 3583 2744 2169 3312 3332 519 2759 0 0 0 3583 1055 3250 2270 0 225 1068 0 0 3583 0 810 134 502 0 0 3526 0 0 0 0 1216 0 0 0 3583 839 3409 2661 0 2515 2594 338 1129 0 693 3583 0 2966 0
3060 3109 298 31 2011 87 5 0 0 0 407 84 33 0 3 527 1778 25 3499 0 2037 69 29 947 2657 140 0 3162 0 3115 31 791 744 1925 3499 12 253 0 3499 84 359 0 84 3324 0 2048 23 227 0 803 98 2094 1914 84 843 0 3583 0 1566
229 308 1742 109 365 2739 2903 2966 0 2966 2599 2174 2695 2715 50 2703 0 120 0 2966 1055 2633 1653 5 0 1078 170 1 2966 0 980 134 502 0 0 2970 107 0 0 5 1216 0 5 0 2966 839 2995 2661 0 1898 2594 390 1138 5 693 2966 0 3583 0
1650 1650 323 168 78 87 5 0 0 0 408 0 0 0 31 611 1180 62 1650 0 1650 13 12 13 724 114 53 1229 0 1703 18 653 0 1643 1650 12 201 4 1650 37 314 0 37 1475 0 1650 23 227 0 0 98 572 1386 62 0 0 1566 0 3583
