3653 3398 235 32 706 0 3408 813 895 39 3408 3408 1253 1289 0 0 0 0 63 3408 0 107 0 0 3408 0 235 0 0 46 2001 0 1861 0 1585 3408 3408 893 3 0 0 2644 3408 0 3408 3408 867 3408 0 0 0 3408 2052 0 3338 0 718 455 0
3398 3653 172 32 897 0 3643 810 1086 36 3643 3643 1279 1283 0 0 0 0 63 3643 0 101 0 0 3643 0 348 0 0 46 2045 0 2052 0 1820 3643 3643 958 3 0 0 2627 3643 0 3643 3643 938 3643 0 0 0 3643 2287 0 3573 0 718 587 0
235 172 3653 158 42 0 172 86 168 471 172 172 130 174 0 0 0 0 459 172 0 341 0 0 172 0 363 0 0 1 4 0 195 0 168 172 172 220 2 0 0 35 172 0 172 172 460 172 0 0 0 172 231 0 172 0 553 99 0
32 32 158 3653 0 0 32 264 94 507 32 32 115 14 0 0 0 0 254 32 0 245 0 0 32 0 52 0 0 5 0 0 110 0 32 32 32 70 0 0 0 182 32 0 32 32 92 32 0 0 0 32 118 0 32 0 37 143 0
706 897 42 0 3653 2592 907 222 975 86 907 907 144 79 2592 2592 2592 2592 67 907 2592 223 2592 2592 907 2592 348 2592 2592 757 547 2510 1343 2592 2718 907 907 746 2344 0 2592 61 907 2592 907 907 769 907 2592 2592 2592 907 1187 2522 977 2592 100 562 2592
0 0 0 0 2592 3653 0 228 68 68 0 0 164 173 3653 3653 3653 3653 99 0 3653 157 3653 3653 0 3653 0 3653 3653 1818 1608 3571 436 3653 1811 0 0 507 3405 0 3653 0 0 3653 0 0 217 0 3653 3653 3653 0 280 3583 70 3653 361 297 3621
3408 3643 172 32 907 0 3653 810 1096 36 3653 3653 1279 1283 0 0 0 0 63 3653 0 101 0 0 3653 0 348 0 0 46 2045 0 2062 0 1830 3653 3653 958 3 0 0 2627 3653 0 3653 3653 948 3653 0 0 0 3653 2297 0 3583 0 718 587 0
813 810 86 264 222 228 810 3653 308 241 810 810 639 667 228 228 228 228 151 810 228 287 228 228 810 228 122 228 228 180 718 228 323 228 316 810 810 542 231 115 228 764 810 228 810 810 136 810 228 228 228 810 267 228 785 228 611 94 228
895 1086 168 94 975 68 1096 308 3653 156 1096 1096 150 106 68 68 68 68 36 1096 68 59 68 68 1096 68 515 68 68 0 0 68 1096 68 1164 1096 1096 339 177 0 68 70 1096 68 1096 1096 1069 1096 68 68 68 1096 1127 68 1096 68 366 555 68
39 36 471 507 86 68 36 241 156 3653 36 36 10 9 68 68 68 68 1081 36 68 358 68 68 36 68 78 68 68 0 18 68 80 68 86 36 36 58 68 0 68 47 36 68 36 36 102 36 68 68 68 36 258 96 36 68 12 182 68
3408 3643 172 32 907 0 3653 810 1096 36 3653 3653 1279 1283 0 0 0 0 63 3653 0 101 0 0 3653 0 348 0 0 46 2045 0 2062 0 1830 3653 3653 958 3 0 0 2627 3653 0 3653 3653 948 3653 0 0 0 3653 2297 0 3583 0 718 587 0
3408 3643 172 32 907 0 3653 810 1096 36 3653 3653 1279 1283 0 0 0 0 63 3653 0 101 0 0 3653 0 348 0 0 46 2045 0 2062 0 1830 3653 3653 958 3 0 0 2627 3653 0 3653 3653 948 3653 0 0 0 3653 2297 0 3583 0 718 587 0
1253 1279 130 115 144 164 1279 639 150 10 1279 1279 3653 3079 164 164 164 164 205 1279 164 224 164 164 1279 164 61 164 164 237 1371 151 375 164 84 1279 1279 410 167 101 164 1214 1279 164 1279 1279 395 1279 164 164 164 1279 165 164 1209 164 378 276 132
1289 1283 174 14 79 173 1283 667 106 9 1283 1283 3079 3653 173 173 173 173 142 1283 173 131 173 173 1283 173 18 173 173 236 1370 158 381 173 98 1283 1283 457 176 166 173 1252 1283 173 1283 1283 416 1283 173 173 173 1283 179 173 1213 173 417 237 141
0 0 0 0 2592 3653 0 228 68 68 0 0 164 173 3653 3653 3653 3653 99 0 3653 157 3653 3653 0 3653 0 3653 3653 1818 1608 3571 436 3653 1811 0 0 507 3405 0 3653 0 0 3653 0 0 217 0 3653 3653 3653 0 280 3583 70 3653 361 297 3621
0 0 0 0 2592 3653 0 228 68 68 0 0 164 173 3653 3653 3653 3653 99 0 3653 157 3653 3653 0 3653 0 3653 3653 1818 1608 3571 436 3653 1811 0 0 507 3405 0 3653 0 0 3653 0 0 217 0 3653 3653 3653 0 280 3583 70 3653 361 297 3621
0 0 0 0 2592 3653 0 228 68 68 0 0 164 173 3653 3653 3653 3653 99 0 3653 157 3653 3653 0 3653 0 3653 3653 1818 1608 3571 436 3653 1811 0 0 507 3405 0 3653 0 0 3653 0 0 217 0 3653 3653 3653 0 280 3583 70 3653 361 297 3621
0 0 0 0 2592 3653 0 228 68 68 0 0 164 173 3653 3653 3653 3653 99 0 3653 157 3653 3653 0 3653 0 3653 3653 1818 1608 3571 436 3653 1811 0 0 507 3405 0 3653 0 0 3653 0 0 217 0 3653 3653 3653 0 280 3583 70 3653 361 297 3621
63 63 459 254 67 99 63 151 36 1081 63 63 205 142 99 99 99 99 3653 63 99 436 99 99 63 99 22 99 99 58 95 99 168 99 67 63 63 173 99 53 99 127 63 99 63 63 396 63 99 99 99 63 98 151 63 99 44 224 99
3408 3643 172 32 907 0 3653 810 1096 36 3653 3653 1279 1283 0 0 0 0 63 3653 0 101 0 0 3653 0 348 0 0 46 2045 0 2062 0 1830 3653 3653 958 3 0 0 2627 3653 0 3653 3653 948 3653 0 0 0 3653 2297 0 3583 0 718 587 0
0 0 0 0 2592 3653 0 228 68 68 0 0 164 173 3653 3653 3653 3653 99 0 3653 157 3653 3653 0 3653 0 3653 3653 1818 1608 3571 436 3653 1811 0 0 507 3405 0 3653 0 0 3653 0 0 217 0 3653 3653 3653 0 280 3583 70 3653 361 297 3621
107 101 341 245 223 157 101 287 59 358 101 101 224 131 157 157 157 157 436 101 157 3653 157 157 101 157 255 157 157 249 128 157 124 157 153 101 101 178 177 162 157 294 101 157 101 101 166 101 157 157 157 101 85 157 101 157 103 50 157
0 0 0 0 2592 3653 0 228 68 68 0 0 164 173 3653 3653 3653 3653 99 0 3653 157 3653 3653 0 3653 0 3653 3653 1818 1608 3571 436 3653 1811 0 0 507 3405 0 3653 0 0 3653 0 0 217 0 3653 3653 3653 0 280 3583 70 3653 361 297 3621
0 0 0 0 2592 3653 0 228 68 68 0 0 164 173 3653 3653 3653 3653 99 0 3653 157 3653 3653 0 3653 0 3653 3653 1818 1608 3571 436 3653 1811 0 0 507 3405 0 3653 0 0 3653 0 0 217 0 3653 3653 3653 0 280 3583 70 3653 361 297 3621
3408 3643 172 32 907 0 3653 810 1096 36 3653 3653 1279 1283 0 0 0 0 63 3653 0 101 0 0 3653 0 348 0 0 46 2045 0 2062 0 1830 3653 3653 958 3 0 0 2627 3653 0 3653 3653 948 3653 0 0 0 3653 2297 0 3583 0 718 587 0
0 0 0 0 2592 3653 0 228 68 68 0 0 164 173 3653 3653 3653 3653 99 0 3653 157 3653 3653 0 3653 0 3653 3653 1818 1608 3571 436 3653 1811 0 0 507 3405 0 3653 0 0 3653 0 0 217 0 3653 3653 3653 0 280 3583 70 3653 361 297 3621
235 348 363 52 348 0 348 122 515 78 348 348 61 18 0 0 0 0 22 348 0 255 0 0 348 0 3653 0 0 0 0 0 353 0 348 348 348 104 88 0 0 145 348 0 348 348 192 348 0 0 0 348 348 0 348 0 62 85 0
0 0 0 0 2592 3653 0 228 68 68 0 0 164 173 3653 3653 3653 3653 99 0 3653 157 3653 3653 0 3653 0 3653 3653 1818 1608 3571 436 3653 1811 0 0 507 3405 0 3653 0 0 3653 0 0 217 0 3653 3653 3653 0 280 3583 70 3653 361 297 3621
0 0 0 0 2592 3653 0 228 68 68 0 0 164 173 3653 3653 3653 3653 99 0 3653 157 3653 3653 0 3653 0 3653 3653 1818 1608 3571 436 3653 1811 0 0 507 3405 0 3653 0 0 3653 0 0 217 0 3653 3653 3653 0 280 3583 70 3653 361 297 3621
46 46 1 5 757 1818 46 180 0 0 46 46 237 236 1818 1818 1818 1818 58 46 1818 249 1818 1818 46 1818 0 1818 1818 3653 1654 1736 24 1818 0 46 46 447 1818 0 1818 46 46 1818 46 46 145 46 1818 1818 1818 46 92 1818 46 1818 376 366 1786
2001 2045 4 0 547 1608 2045 718 0 18 2045 2045 1371 1370 1608 1608 1608 1608 95 2045 1608 128 1608 1608 2045 1608 0 1608 1608 1654 3653 1526 489 1608 222 2045 2045 844 1611 0 1608 2045 2045 1608 2045 2045 171 2045 1608 1608 1608 2045 689 1608 1975 1608 640 324 1576
0 0 0 0 2510 3571 0 228 68 68 0 0 151 158 3571 3571 3571 3571 99 0 3571 157 3571 3571 0 3571 0 3571 3571 1736 1526 3653 436 3571 1811 0 0 530 3323 3 3571 0 0 3571 0 0 217 0 3571 3571 3571 0 280 3501 70 3571 361 348 3539
1861 2052 195 110 1343 436 2062 323 1096 80 2062 2062 375 381 436 436 436 436 168 2062 436 124 436 436 2062 436 353 436 436 24 489 436 3653 436 2009 2062 2062 731 188 70 436 1036 2062 436 2062 2062 922 2062 436 436 436 2062 1860 418 2042 436 547 510 436
0 0 0 0 2592 3653 0 228 68 68 0 0 164 173 3653 3653 3653 3653 99 0 3653 157 3653 3653 0 3653 0 3653 3653 1818 1608 3571 436 3653 1811 0 0 507 3405 0 3653 0 0 3653 0 0 217 0 3653 3653 3653 0 280 3583 70 3653 361 297 3621
1585 1820 168 32 2718 1811 1830 316 1164 86 1830 1830 84 98 1811 1811 1811 1811 67 1830 1811 153 1811 1811 1830 1811 348 1811 1811 0 222 1811 2009 1811 3653 1830 1830 566 1563 0 1811 804 1830 1811 1830 1830 931 1830 1811 1811 1811 1830 2110 1741 1900 1811 439 515 1811
3408 3643 172 32 907 0 3653 810 1096 36 3653 3653 1279 1283 0 0 0 0 63 3653 0 101 0 0 3653 0 348 0 0 46 2045 0 2062 0 1830 3653 3653 958 3 0 0 2627 3653 0 3653 3653 948 3653 0 0 0 3653 2297 0 3583 0 718 587 0
3408 3643 172 32 907 0 3653 810 1096 36 3653 3653 1279 1283 0 0 0 0 63 3653 0 101 0 0 3653 0 348 0 0 46 2045 0 2062 0 1830 3653 3653 958 3 0 0 2627 3653 0 3653 3653 948 3653 0 0 0 3653 2297 0 3583 0 718 587 0
893 958 220 70 746 507 958 542 339 58 958 958 410 457 507 507 507 507 173 958 507 178 507 507 958 507 104 507 507 447 844 530 731 507 566 958 958 3653 362 60 507 635 958 507 958 958 394 958 507 507 507 958 732 507 933 507 299 529 507
3 3 2 0 2344 3405 3 231 177 68 3 3 167 176 3405 3405 3405 3405 99 3 3405 177 3405 3405 3 3405 88 3405 3405 1818 1611 3323 188 3405 1563 3 3 362 3653 0 3405 3 3 3405 3 3 217 3 3405 3405 3405 3 280 3335 48 3405 364 308 3373
0 0 0 0 0 0 0 115 0 0 0 0 101 166 0 0 0 0 53 0 0 162 0 0 0 0 0 0 0 0 0 3 70 0 0 0 0 60 0 3653 0 0 0 0 0 0 86 0 0 0 0 0 93 0 0 0 0 147 0
0 0 0 0 2592 3653 0 228 68 68 0 0 164 173 3653 3653 3653 3653 99 0 3653 157 3653 3653 0 3653 0 3653 3653 1818 1608 3571 436 3653 1811 0 0 507 3405 0 3653 0 0 3653 0 0 217 0 3653 3653 3653 0 280 3583 70 3653 361 297 3621
2644 2627 35 182 61 0 2627 764 70 47 2627 2627 1214 1252 0 0 0 0 127 2627 0 294 0 0 2627 0 145 0 0 46 2045 0 1036 0 804 2627 2627 635 3 0 0 3653 2627 0 2627 2627 206 2627 0 0 0 2627 1271 0 2557 0 483 291 0
3408 3643 172 32 907 0 3653 810 1096 36 3653 3653 1279 1283 0 0 0 0 63 3653 0 101 0 0 3653 0 348 0 0 46 2045 0 2062 0 1830 3653 3653 958 3 0 0 2627 3653 0 3653 3653 948 3653 0 0 0 3653 2297 0 3583 0 718 587 0
0 0 0 0 2592 3653 0 228 68 68 0 0 164 173 3653 3653 3653 3653 99 0 3653 157 3653 3653 0 3653 0 3653 3653 1818 1608 3571 436 3653 1811 0 0 507 3405 0 3653 0 0 3653 0 0 217 0 3653 3653 3653 0 280 3583 70 3653 361 297 3621
3408 3643 172 32 907 0 3653 810 1096 36 3653 3653 1279 1283 0 0 0 0 63 3653 0 101 0 0 3653 0 348 0 0 46 2045 0 2062 0 1830 3653 3653 958 3 0 0 2627 3653 0 3653 3653 948 3653 0 0 0 3653 2297 0 3583 0 718 587 0
3408 3643 172 32 907 0 3653 810 1096 36 3653 3653 1279 1283 0 0 0 0 63 3653 0 101 0 0 3653 0 348 0 0 46 2045 0 2062 0 1830 3653 3653 958 3 0 0 2627 3653 0 3653 3653 948 3653 0 0 0 3653 2297 0 3583 0 718 587 0
867 938 460 92 769 217 948 136 1069 102 948 948 395 416 217 217 217 217 396 948 217 166 217 217 948 217 192 217 217 145 171 217 922 217 931 948 948 394 217 86 217 206 948 217 948 948 3653 948 217 217 217 948 821 211 950 217 426 244 217
3408 3643 172 32 907 0 3653 810 1096 36 3653 3653 1279 1283 0 0 0 0 63 3653 0 101 0 0 3653 0 348 0 0 46 2045 0 2062 0 1830 3653 3653 958 3 0 0 2627 3653 0 3653 3653 948 3653 0 0 0 3653 2297 0 3583 0 718 587 0
0 0 0 0 2592 3653 0 228 68 68 0 0 164 173 3653 3653 3653 3653 99 0 3653 157 3653 3653 0 3653 0 3653 3653 1818 1608 3571 436 3653 1811 0 0 507 3405 0 3653 0 0 3653 0 0 217 0 3653 3653 3653 0 280 3583 70 3653 361 297 3621
0 0 0 0 2592 3653 0 228 68 68 0 0 164 173 3653 3653 3653 3653 99 0 3653 157 3653 3653 0 3653 0 3653 3653 1818 1608 3571 436 3653 1811 0 0 507 3405 0 3653 0 0 3653 0 0 217 0 3653 3653 3653 0 280 3583 70 3653 361 297 3621
0 0 0 0 2592 3653 0 228 68 68 0 0 164 173 3653 3653 3653 3653 99 0 3653 157 3653 3653 0 3653 0 3653 3653 1818 1608 3571 436 3653 1811 0 0 507 3405 0 3653 0 0 3653 0 0 217 0 3653 3653 3653 0 280 3583 70 3653 361 297 3621
3408 3643 172 32 907 0 3653 810 1096 36 3653 3653 1279 1283 0 0 0 0 63 3653 0 101 0 0 3653 0 348 0 0 46 2045 0 2062 0 1830 3653 3653 958 3 0 0 2627 3653 0 3653 3653 948 3653 0 0 0 3653 2297 0 3583 0 718 587 0
2052 2287 231 118 1187 280 2297 267 1127 258 2297 2297 165 179 280 280 280 280 98 2297 280 85 280 280 2297 280 348 280 280 92 689 280 1860 280 2110 2297 2297 732 280 93 280 1271 2297 280 2297 2297 821 2297 280 280 280 2297 3653 280 2308 280 472 611 280
0 0 0 0 2522 3583 0 228 68 96 0 0 164 173 3583 3583 3583 3583 151 0 3583 157 3583 3583 0 3583 0 3583 3583 1818 1608 3501 418 3583 1741 0 0 507 3335 0 3583 0 0 3583 0 0 211 0 3583 3583 3583 0 280 3653 40 3583 361 297 3551
3338 3573 172 32 977 70 3583 785 1096 36 3583 3583 1209 1213 70 70 70 70 63 3583 70 101 70 70 3583 70 348 70 70 46 1975 70 2042 70 1900 3583 3583 933 48 0 70 2557 3583 70 3583 3583 950 3583 70 70 70 3583 2308 40 3653 70 718 587 70
0 0 0 0 2592 3653 0 228 68 68 0 0 164 173 3653 3653 3653 3653 99 0 3653 157 3653 3653 0 3653 0 3653 3653 1818 1608 3571 436 3653 1811 0 0 507 3405 0 3653 0 0 3653 0 0 217 0 3653 3653 3653 0 280 3583 70 3653 361 297 3621
718 718 553 37 100 361 718 611 366 12 718 718 378 417 361 361 361 361 44 718 361 103 361 361 718 361 62 361 361 376 640 361 547 361 439 718 718 299 364 0 361 483 718 361 718 718 426 718 361 361 361 718 472 361 718 361 3653 86 329
455 587 99 143 562 297 587 94 555 182 587 587 276 237 297 297 297 297 224 587 297 50 297 297 587 297 85 297 297 366 324 348 510 297 515 587 587 529 308 147 297 291 587 297 587 587 244 587 297 297 297 587 611 297 587 297 86 3653 297
0 0 0 0 2592 3621 0 228 68 68 0 0 132 141 3621 3621 3621 3621 99 0 3621 157 3621 3621 0 3621 0 3621 3621 1786 1576 3539 436 3621 1811 0 0 507 3373 0 3621 0 0 3621 0 0 217 0 3621 3621 3621 0 280 3551 70 3621 329 297 3653
