5629 4092 2341 203 0 5629 0 5629 5629 0 0 4834 0 0 1874 4542 5011 0 3620 5629 5629 4709 45 0 0 5440 5629 18 0 3315 5629 5629 0 5629 60 0 3764 0 0 4550 0 0 20 0 5060 0 2082 0 5629 0 5629 0 0 5629 954 0 5629 5450 1826
4092 5629 804 229 11 4092 0 4092 4092 7 0 3297 7 0 1885 3005 4243 7 3789 4092 4092 3172 162 7 0 3903 4092 21 7 2896 4092 4092 7 4092 24 11 3619 7 7 3013 134 7 100 7 4092 134 545 0 4092 11 4092 7 7 4092 961 7 4092 3913 1815
2341 804 5629 77 0 2341 2884 2341 2341 2802 0 1783 2884 0 838 3246 1723 2884 332 2341 2341 2249 2439 608 0 2341 2341 2902 2884 428 2341 2341 2884 2341 2944 0 476 2884 2813 3352 0 2884 2904 2884 1772 0 2473 0 2341 0 2341 2337 2884 2341 303 2884 2341 2356 946
203 229 77 5629 305 203 165 203 203 76 27 203 76 1165 634 311 203 76 245 203 203 203 594 178 27 221 203 76 76 390 203 203 76 203 116 305 253 76 76 201 357 76 85 76 203 640 7 27 203 306 203 101 76 203 204 76 203 212 799
0 11 0 305 5629 0 6 0 0 82 0 6 0 0 479 38 0 0 95 0 0 19 50 2249 0 45 0 17 0 0 0 0 0 0 11 5629 99 0 0 1 4275 0 11 0 1 0 5 0 0 5068 0 195 0 0 125 0 0 2 3
5629 4092 2341 203 0 5629 0 5629 5629 0 0 4834 0 0 1874 4542 5011 0 3620 5629 5629 4709 45 0 0 5440 5629 18 0 3315 5629 5629 0 5629 60 0 3764 0 0 4550 0 0 20 0 5060 0 2082 0 5629 0 5629 0 0 5629 954 0 5629 5450 1826
0 0 2884 165 6 0 5629 0 0 3544 1 73 3626 7 371 905 119 3626 44 0 0 37 2837 1350 0 0 0 3626 3626 231 0 0 3626 0 3672 6 114 3626 3555 1011 22 3626 3626 3626 0 33 1054 1 0 6 0 2526 3626 0 245 3626 0 15 1670
5629 4092 2341 203 0 5629 0 5629 5629 0 0 4834 0 0 1874 4542 5011 0 3620 5629 5629 4709 45 0 0 5440 5629 18 0 3315 5629 5629 0 5629 60 0 3764 0 0 4550 0 0 20 0 5060 0 2082 0 5629 0 5629 0 0 5629 954 0 5629 5450 1826
5629 4092 2341 203 0 5629 0 5629 5629 0 0 4834 0 0 1874 4542 5011 0 3620 5629 5629 4709 45 0 0 5440 5629 18 0 3315 5629 5629 0 5629 60 0 3764 0 0 4550 0 0 20 0 5060 0 2082 0 5629 0 5629 0 0 5629 954 0 5629 5450 1826
0 7 2802 76 82 0 3544 0 0 5629 0 293 5547 0 0 905 136 5547 35 0 0 37 2712 3271 0 0 0 5310 5547 0 0 0 5547 0 4928 82 1490 5547 5476 1011 97 5547 5154 5547 0 0 972 0 0 82 0 4447 5547 0 2029 5547 0 15 2374
0 0 0 27 0 0 1 0 0 0 5629 143 0 0 109 29 0 0 22 0 0 14 76 1 0 7 0 5 0 985 0 0 0 0 13 0 6 0 0 0 23 0 8 0 17 0 7 5629 0 10 0 23 0 0 34 0 0 3 2
4834 3297 1783 203 6 4834 73 4834 4834 293 143 5629 293 49 1079 3747 4216 293 3086 4834 4834 4282 94 293 0 4645 4834 311 293 3496 4834 4834 293 4834 353 6 3369 293 293 3755 6 293 313 293 4265 64 1783 143 4834 6 4834 318 293 4834 981 293 4834 4655 2119
0 7 2884 76 0 0 3626 0 0 5547 0 293 5629 0 0 905 136 5629 35 0 0 37 2712 3353 0 0 0 5392 5629 0 0 0 5629 0 5010 0 1490 5629 5558 1011 15 5629 5236 5629 0 0 1054 0 0 0 0 4529 5629 0 2029 5629 0 15 2456
0 0 0 1165 0 0 7 0 0 0 0 49 0 5629 509 108 0 0 557 0 0 13 1121 2 0 18 0 18 0 0 0 0 0 0 70 0 15 0 0 67 29 0 2 0 389 0 6 0 0 1 0 311 0 0 1108 0 0 9 1
1874 1885 838 634 479 1874 371 1874 1874 0 109 1079 0 509 5629 1982 1883 0 1644 1874 1874 954 120 352 0 1892 1874 29 0 999 1874 1874 0 1874 24 479 1401 0 0 1875 536 0 0 0 1952 402 579 109 1874 482 1874 1 0 1874 18 0 1874 1874 81
4542 3005 3246 311 38 4542 905 4542 4542 905 29 3747 905 108 1982 5629 3924 905 2533 4542 4542 3622 950 38 0 4566 4542 923 905 2228 4542 4542 905 4542 965 38 2677 905 875 5283 38 905 925 905 3973 7 2082 29 4542 0 4542 905 905 4542 39 905 4542 4557 739
5011 4243 1723 203 0 5011 119 5011 5011 136 0 4216 136 0 1883 3924 5629 136 3707 5011 5011 4091 164 136 0 4822 5011 41 136 3046 5011 5011 136 5011 196 0 3621 136 136 3932 87 136 194 136 4442 87 1464 0 5011 0 5011 136 136 5011 1090 136 5011 4832 1944
0 7 2884 76 0 0 3626 0 0 5547 0 293 5629 0 0 905 136 5629 35 0 0 37 2712 3353 0 0 0 5392 5629 0 0 0 5629 0 5010 0 1490 5629 5558 1011 15 5629 5236 5629 0 0 1054 0 0 0 0 4529 5629 0 2029 5629 0 15 2456
3620 3789 332 245 95 3620 44 3620 3620 35 22 3086 35 557 1644 2533 3707 35 5629 3620 3620 2700 174 35 62 3431 3620 9 35 2916 3620 3620 35 3620 122 95 3490 35 35 2541 603 35 68 35 3985 909 73 22 3620 95 3620 35 35 3620 1037 35 3620 3441 2193
5629 4092 2341 203 0 5629 0 5629 5629 0 0 4834 0 0 1874 4542 5011 0 3620 5629 5629 4709 45 0 0 5440 5629 18 0 3315 5629 5629 0 5629 60 0 3764 0 0 4550 0 0 20 0 5060 0 2082 0 5629 0 5629 0 0 5629 954 0 5629 5450 1826
5629 4092 2341 203 0 5629 0 5629 5629 0 0 4834 0 0 1874 4542 5011 0 3620 5629 5629 4709 45 0 0 5440 5629 18 0 3315 5629 5629 0 5629 60 0 3764 0 0 4550 0 0 20 0 5060 0 2082 0 5629 0 5629 0 0 5629 954 0 5629 5450 1826
4709 3172 2249 203 19 4709 37 4709 4709 37 14 4282 37 13 954 3622 4091 37 2700 4709 4709 5629 22 37 0 4520 4709 55 37 3012 4709 4709 37 4709 97 19 2844 37 37 3630 48 37 57 37 4140 816 2125 14 4709 19 4709 144 37 4709 958 37 4709 4530 1863
45 162 2439 594 50 45 2837 45 45 2712 76 94 2712 1121 120 950 164 2712 174 45 45 22 5629 436 0 45 45 2793 2712 99 45 45 2712 45 2493 50 361 2712 2641 1056 196 2712 2739 2712 90 581 1 76 45 50 45 2465 2712 45 561 2712 45 60 830
0 7 608 178 2249 0 1350 0 0 3271 1 293 3353 2 352 38 136 3353 35 0 0 37 436 5629 0 45 0 3116 3353 0 0 0 3353 0 2734 2249 1490 3353 3353 1 2264 3353 2960 3353 0 2 1054 1 0 1688 0 2373 3353 0 1838 3353 0 2 2139
0 0 0 27 0 0 0 0 0 0 0 0 0 0 0 0 0 0 62 0 0 0 0 0 5629 0 0 0 0 0 0 0 0 0 19 0 0 0 71 0 0 0 14 0 0 0 0 0 0 0 0 0 0 0 0 0 0 14 6
5440 3903 2341 221 45 5440 0 5440 5440 0 7 4645 0 18 1892 4566 4822 0 3431 5440 5440 4520 45 45 0 5629 5440 18 0 3126 5440 5440 0 5440 60 45 3575 0 0 4550 45 0 20 0 4871 26 2093 7 5440 0 5440 0 0 5440 765 0 5440 5261 1637
5629 4092 2341 203 0 5629 0 5629 5629 0 0 4834 0 0 1874 4542 5011 0 3620 5629 5629 4709 45 0 0 5440 5629 18 0 3315 5629 5629 0 5629 60 0 3764 0 0 4550 0 0 20 0 5060 0 2082 0 5629 0 5629 0 0 5629 954 0 5629 5450 1826
18 21 2902 76 17 18 3626 18 18 5310 5 311 5392 18 29 923 41 5392 9 18 18 55 2793 3116 0 18 18 5629 5392 1 18 18 5392 18 4773 17 1508 5392 5321 1029 35 5392 4999 5392 18 20 1072 5 18 17 18 4292 5392 18 1792 5392 18 33 2219
0 7 2884 76 0 0 3626 0 0 5547 0 293 5629 0 0 905 136 5629 35 0 0 37 2712 3353 0 0 0 5392 5629 0 0 0 5629 0 5010 0 1490 5629 5558 1011 15 5629 5236 5629 0 0 1054 0 0 0 0 4529 5629 0 2029 5629 0 15 2456
3315 2896 428 390 0 3315 231 3315 3315 0 985 3496 0 0 999 2228 3046 0 2916 3315 3315 3012 99 0 0 3126 3315 1 0 5629 3315 3315 0 3315 19 0 2959 0 0 2236 8 0 0 0 3165 120 419 985 3315 0 3315 13 0 3315 973 0 3315 3136 1826
5629 4092 2341 203 0 5629 0 5629 5629 0 0 4834 0 0 1874 4542 5011 0 3620 5629 5629 4709 45 0 0 5440 5629 18 0 3315 5629 5629 0 5629 60 0 3764 0 0 4550 0 0 20 0 5060 0 2082 0 5629 0 5629 0 0 5629 954 0 5629 5450 1826
5629 4092 2341 203 0 5629 0 5629 5629 0 0 4834 0 0 1874 4542 5011 0 3620 5629 5629 4709 45 0 0 5440 5629 18 0 3315 5629 5629 0 5629 60 0 3764 0 0 4550 0 0 20 0 5060 0 2082 0 5629 0 5629 0 0 5629 954 0 5629 5450 1826
0 7 2884 76 0 0 3626 0 0 5547 0 293 5629 0 0 905 136 5629 35 0 0 37 2712 3353 0 0 0 5392 5629 0 0 0 5629 0 5010 0 1490 5629 5558 1011 15 5629 5236 5629 0 0 1054 0 0 0 0 4529 5629 0 2029 5629 0 15 2456
5629 4092 2341 203 0 5629 0 5629 5629 0 0 4834 0 0 1874 4542 5011 0 3620 5629 5629 4709 45 0 0 5440 5629 18 0 3315 5629 5629 0 5629 60 0 3764 0 0 4550 0 0 20 0 5060 0 2082 0 5629 0 5629 0 0 5629 954 0 5629 5450 1826
60 24 2944 116 11 60 3672 60 60 4928 13 353 5010 70 24 965 196 5010 122 60 60 97 2493 2734 19 60 60 4773 5010 19 60 60 5010 60 5629 11 871 5010 4939 1071 26 5010 4617 5010 34 40 1114 13 60 11 60 3910 5010 60 1410 5010 60 75 2496
0 11 0 305 5629 0 6 0 0 82 0 6 0 0 479 38 0 0 95 0 0 19 50 2249 0 45 0 17 0 0 0 0 0 0 11 5629 99 0 0 1 4275 0 11 0 1 0 5 0 0 5068 0 195 0 0 125 0 0 2 3
3764 3619 476 253 99 3764 114 3764 3764 1490 6 3369 1490 15 1401 2677 3621 1490 3490 3764 3764 2844 361 1490 0 3575 3764 1508 1490 2959 3764 3764 1490 3764 871 99 5629 1490 1490 2685 6 1490 1097 1490 3764 24 414 6 3764 99 3764 1490 1490 3764 2365 1490 3764 3585 2081
0 7 2884 76 0 0 3626 0 0 5547 0 293 5629 0 0 905 136 5629 35 0 0 37 2712 3353 0 0 0 5392 5629 0 0 0 5629 0 5010 0 1490 5629 5558 1011 15 5629 5236 5629 0 0 1054 0 0 0 0 4529 5629 0 2029 5629 0 15 2456
0 7 2813 76 0 0 3555 0 0 5476 0 293 5558 0 0 875 136 5558 35 0 0 37 2641 3353 71 0 0 5321 5558 0 0 0 5558 0 4939 0 1490 5558 5629 940 15 5558 5165 5558 0 0 1054 0 0 0 0 4458 5558 0 2029 5558 0 15 2456
4550 3013 3352 201 1 4550 1011 4550 4550 1011 0 3755 1011 67 1875 5283 3932 1011 2541 4550 4550 3630 1056 1 0 4550 4550 1029 1011 2236 4550 4550 1011 4550 1071 1 2685 1011 940 5629 1 1011 1031 1011 3981 0 2082 0 4550 1 4550 1011 1011 4550 57 1011 4550 4555 835
0 134 0 357 4275 0 22 0 0 97 23 6 15 29 536 38 87 15 603 0 0 48 196 2264 0 45 0 35 15 8 0 0 15 0 26 4275 6 15 15 1 5629 15 26 15 1 880 20 23 0 3714 0 76 15 0 166 15 0 2 84
0 7 2884 76 0 0 3626 0 0 5547 0 293 5629 0 0 905 136 5629 35 0 0 37 2712 3353 0 0 0 5392 5629 0 0 0 5629 0 5010 0 1490 5629 5558 1011 15 5629 5236 5629 0 0 1054 0 0 0 0 4529 5629 0 2029 5629 0 15 2456
20 100 2904 85 11 20 3626 20 20 5154 8 313 5236 2 0 925 194 5236 68 20 20 57 2739 2960 14 20 20 4999 5236 0 20 20 5236 20 4617 11 1097 5236 5165 1031 26 5236 5629 5236 20 46 1074 8 20 11 20 4136 5236 20 1636 5236 20 35 2502
0 7 2884 76 0 0 3626 0 0 5547 0 293 5629 0 0 905 136 5629 35 0 0 37 2712 3353 0 0 0 5392 5629 0 0 0 5629 0 5010 0 1490 5629 5558 1011 15 5629 5236 5629 0 0 1054 0 0 0 0 4529 5629 0 2029 5629 0 15 2456
5060 4092 1772 203 1 5060 0 5060 5060 0 17 4265 0 389 1952 3973 4442 0 3985 5060 5060 4140 90 0 0 4871 5060 18 0 3165 5060 5060 0 5060 34 1 3764 0 0 3981 1 0 20 0 5629 162 1513 17 5060 1 5060 0 0 5060 954 0 5060 4881 1988
0 134 0 640 0 0 33 0 0 0 0 64 0 0 402 7 87 0 909 0 0 816 581 2 0 26 0 20 0 120 0 0 0 0 40 0 24 0 0 0 880 0 46 0 162 5629 120 0 0 20 0 136 0 0 181 0 0 31 1193
2082 545 2473 7 5 2082 1054 2082 2082 972 7 1783 1054 6 579 2082 1464 1054 73 2082 2082 2125 1 1054 0 2093 2082 1072 1054 419 2082 2082 1054 2082 1114 5 414 1054 1054 2082 20 1054 1074 1054 1513 120 5629 7 2082 50 2082 289 1054 2082 45 1054 2082 2082 1072
0 0 0 27 0 0 1 0 0 0 5629 143 0 0 109 29 0 0 22 0 0 14 76 1 0 7 0 5 0 985 0 0 0 0 13 0 6 0 0 0 23 0 8 0 17 0 7 5629 0 10 0 23 0 0 34 0 0 3 2
5629 4092 2341 203 0 5629 0 5629 5629 0 0 4834 0 0 1874 4542 5011 0 3620 5629 5629 4709 45 0 0 5440 5629 18 0 3315 5629 5629 0 5629 60 0 3764 0 0 4550 0 0 20 0 5060 0 2082 0 5629 0 5629 0 0 5629 954 0 5629 5450 1826
0 11 0 306 5068 0 6 0 0 82 10 6 0 1 482 0 0 0 95 0 0 19 50 1688 0 0 0 17 0 0 0 0 0 0 11 5068 99 0 0 1 3714 0 11 0 1 20 50 10 0 5629 0 195 0 0 125 0 0 2 3
5629 4092 2341 203 0 5629 0 5629 5629 0 0 4834 0 0 1874 4542 5011 0 3620 5629 5629 4709 45 0 0 5440 5629 18 0 3315 5629 5629 0 5629 60 0 3764 0 0 4550 0 0 20 0 5060 0 2082 0 5629 0 5629 0 0 5629 954 0 5629 5450 1826
0 7 2337 101 195 0 2526 0 0 4447 23 318 4529 311 1 905 136 4529 35 0 0 144 2465 2373 0 0 0 4292 4529 13 0 0 4529 0 3910 195 1490 4529 4458 1011 76 4529 4136 4529 0 136 289 23 0 195 0 5629 4529 0 2157 4529 0 15 1356
0 7 2884 76 0 0 3626 0 0 5547 0 293 5629 0 0 905 136 5629 35 0 0 37 2712 3353 0 0 0 5392 5629 0 0 0 5629 0 5010 0 1490 5629 5558 1011 15 5629 5236 5629 0 0 1054 0 0 0 0 4529 5629 0 2029 5629 0 15 2456
5629 4092 2341 203 0 5629 0 5629 5629 0 0 4834 0 0 1874 4542 5011 0 3620 5629 5629 4709 45 0 0 5440 5629 18 0 3315 5629 5629 0 5629 60 0 3764 0 0 4550 0 0 20 0 5060 0 2082 0 5629 0 5629 0 0 5629 954 0 5629 5450 1826
954 961 303 204 125 954 245 954 954 2029 34 981 2029 1108 18 39 1090 2029 1037 954 954 958 561 1838 0 765 954 1792 2029 973 954 954 2029 954 1410 125 2365 2029 2029 57 166 2029 1636 2029 954 181 45 34 954 125 954 2157 2029 954 5629 2029 954 832 1728
0 7 2884 76 0 0 3626 0 0 5547 0 293 5629 0 0 905 136 5629 35 0 0 37 2712 3353 0 0 0 5392 5629 0 0 0 5629 0 5010 0 1490 5629 5558 1011 15 5629 5236 5629 0 0 1054 0 0 0 0 4529 5629 0 2029 5629 0 15 2456
5629 4092 2341 203 0 5629 0 5629 5629 0 0 4834 0 0 1874 4542 5011 0 3620 5629 5629 4709 45 0 0 5440 5629 18 0 3315 5629 5629 0 5629 60 0 3764 0 0 4550 0 0 20 0 5060 0 2082 0 5629 0 5629 0 0 5629 954 0 5629 5450 1826
5450 3913 2356 212 2 5450 15 5450 5450 15 3 4655 15 9 1874 4557 4832 15 3441 5450 5450 4530 60 2 14 5261 5450 33 15 3136 5450 5450 15 5450 75 2 3585 15 15 4555 2 15 35 15 4881 31 2082 3 5450 2 5450 15 15 5450 832 15 5450 5629 1647
1826 1815 946 799 3 1826 1670 1826 1826 2374 2 2119 2456 1 81 739 1944 2456 2193 1826 1826 1863 830 2139 6 1637 1826 2219 2456 1826 1826 1826 2456 1826 2496 3 2081 2456 2456 835 84 2456 2502 2456 1988 1193 1072 2 1826 3 1826 1356 2456 1826 1728 2456 1826 1647 5629
