1451 65 392 23 23 23 23 0 23 23 779 692 23 717 23 123 15 23 717 717 23 692 0 15 23 692 562 23 0 23 23 0 800 692 23 692 313 692 333 242 717 717 626 521 92 61 0 692 23 0 717 223 537 8 230 0 692 692 680
65 1451 684 796 796 796 796 0 796 796 365 430 796 0 796 5 1219 813 0 0 796 581 675 1044 796 615 110 796 439 796 796 221 101 205 796 205 61 205 4 238 0 0 0 45 690 902 542 234 796 321 0 199 313 202 60 439 205 238 261
392 684 1451 479 479 479 479 0 479 479 690 783 479 0 479 39 496 483 0 0 480 934 303 472 479 943 366 479 67 479 479 221 121 558 479 558 78 558 65 310 0 0 0 45 84 506 168 587 479 65 0 262 538 237 94 67 558 591 614
23 796 479 1451 1451 1451 1451 0 1451 1451 137 225 1451 0 1451 4 1026 1423 0 0 1410 376 236 1201 1451 412 5 1451 0 1451 1451 221 6 0 1451 0 60 0 4 231 0 0 0 45 418 1086 127 29 1451 0 0 209 5 197 10 0 0 33 60
23 796 479 1451 1451 1451 1451 0 1451 1451 137 225 1451 0 1451 4 1026 1423 0 0 1410 376 236 1201 1451 412 5 1451 0 1451 1451 221 6 0 1451 0 60 0 4 231 0 0 0 45 418 1086 127 29 1451 0 0 209 5 197 10 0 0 33 60
23 796 479 1451 1451 1451 1451 0 1451 1451 137 225 1451 0 1451 4 1026 1423 0 0 1410 376 236 1201 1451 412 5 1451 0 1451 1451 221 6 0 1451 0 60 0 4 231 0 0 0 45 418 1086 127 29 1451 0 0 209 5 197 10 0 0 33 60
23 796 479 1451 1451 1451 1451 0 1451 1451 137 225 1451 0 1451 4 1026 1423 0 0 1410 376 236 1201 1451 412 5 1451 0 1451 1451 221 6 0 1451 0 60 0 4 231 0 0 0 45 418 1086 127 29 1451 0 0 209 5 197 10 0 0 33 60
0 0 0 0 0 0 0 1451 0 0 0 1 0 0 0 0 0 0 0 0 1 0 1 1 0 7 0 0 0 0 0 1227 3 0 0 0 58 0 0 99 0 0 0 2 2 0 0 1 0 0 0 16 2 7 0 0 0 0 1
23 796 479 1451 1451 1451 1451 0 1451 1451 137 225 1451 0 1451 4 1026 1423 0 0 1410 376 236 1201 1451 412 5 1451 0 1451 1451 221 6 0 1451 0 60 0 4 231 0 0 0 45 418 1086 127 29 1451 0 0 209 5 197 10 0 0 33 60
23 796 479 1451 1451 1451 1451 0 1451 1451 137 225 1451 0 1451 4 1026 1423 0 0 1410 376 236 1201 1451 412 5 1451 0 1451 1451 221 6 0 1451 0 60 0 4 231 0 0 0 45 418 1086 127 29 1451 0 0 209 5 197 10 0 0 33 60
779 365 690 137 137 137 137 0 137 137 1451 1304 137 87 137 0 160 154 87 87 135 1156 162 160 137 1094 422 137 30 137 137 130 307 1188 137 1188 616 1188 461 530 87 87 87 2 210 335 143 1188 137 75 87 493 841 113 447 30 1188 1188 1176
692 430 783 225 225 225 225 1 225 225 1304 1451 225 0 225 8 225 230 0 0 263 1294 227 225 225 1232 427 225 8 225 225 222 190 1217 225 1217 624 1217 503 595 0 0 0 45 166 473 99 1246 225 126 0 631 797 197 498 8 1217 1250 1261
23 796 479 1451 1451 1451 1451 0 1451 1451 137 225 1451 0 1451 4 1026 1423 0 0 1410 376 236 1201 1451 412 5 1451 0 1451 1451 221 6 0 1451 0 60 0 4 231 0 0 0 45 418 1086 127 29 1451 0 0 209 5 197 10 0 0 33 60
717 0 0 0 0 0 0 0 0 0 87 0 0 1451 0 115 0 0 1451 1451 0 0 0 0 0 0 512 0 0 0 0 0 862 0 0 0 0 0 433 0 1451 1451 1360 1255 61 0 0 0 0 0 1451 308 297 0 458 0 0 0 0
23 796 479 1451 1451 1451 1451 0 1451 1451 137 225 1451 0 1451 4 1026 1423 0 0 1410 376 236 1201 1451 412 5 1451 0 1451 1451 221 6 0 1451 0 60 0 4 231 0 0 0 45 418 1086 127 29 1451 0 0 209 5 197 10 0 0 33 60
123 5 39 4 4 4 4 0 4 4 0 8 4 115 4 1451 1 4 115 115 4 3 129 1 4 1 115 4 372 4 4 0 28 0 4 0 79 0 4 94 115 115 24 115 16 6 222 24 4 372 115 166 5 959 374 372 0 0 3
15 1219 496 1026 1026 1026 1026 0 1026 1026 160 225 1026 0 1026 1 1451 1043 0 0 1026 376 659 1274 1026 410 5 1026 423 1026 1026 221 89 0 1026 0 60 0 4 166 0 0 0 45 841 1132 550 29 1026 305 0 199 108 198 10 423 0 33 56
23 813 483 1423 1423 1423 1423 0 1423 1423 154 230 1423 0 1423 4 1043 1451 0 0 1415 381 253 1218 1423 417 5 1423 17 1423 1423 221 23 5 1423 5 61 5 9 236 0 0 0 45 435 1091 144 34 1423 5 0 214 22 198 15 17 5 38 65
717 0 0 0 0 0 0 0 0 0 87 0 0 1451 0 115 0 0 1451 1451 0 0 0 0 0 0 512 0 0 0 0 0 862 0 0 0 0 0 433 0 1451 1451 1360 1255 61 0 0 0 0 0 1451 308 297 0 458 0 0 0 0
717 0 0 0 0 0 0 0 0 0 87 0 0 1451 0 115 0 0 1451 1451 0 0 0 0 0 0 512 0 0 0 0 0 862 0 0 0 0 0 433 0 1451 1451 1360 1255 61 0 0 0 0 0 1451 308 297 0 458 0 0 0 0
23 796 480 1410 1410 1410 1410 1 1410 1410 135 263 1410 0 1410 4 1026 1415 0 0 1451 414 236 1201 1410 450 5 1410 0 1410 1410 222 6 38 1410 38 77 38 42 269 0 0 0 45 418 1124 127 67 1410 38 0 247 5 198 48 0 38 71 98
692 581 934 376 376 376 376 0 376 376 1156 1294 376 0 376 3 376 381 0 0 414 1451 236 376 376 1383 427 376 0 376 376 221 190 1069 376 1069 493 1069 505 587 0 0 0 45 18 624 88 1098 376 118 0 623 649 200 490 0 1069 1102 1113
0 675 303 236 236 236 236 1 236 236 162 227 236 0 236 129 659 253 0 0 236 236 1451 484 236 236 5 236 1208 236 236 222 278 2 236 2 2 2 0 129 0 0 0 45 543 342 928 31 236 1090 0 635 110 198 244 1208 2 35 58
15 1044 472 1201 1201 1201 1201 1 1201 1201 160 225 1201 0 1201 1 1274 1218 0 0 1201 376 484 1451 1201 410 5 1201 248 1201 1201 222 90 0 1201 0 60 0 4 231 0 0 0 45 666 1082 375 29 1201 130 0 209 109 198 10 248 0 33 56
23 796 479 1451 1451 1451 1451 0 1451 1451 137 225 1451 0 1451 4 1026 1423 0 0 1410 376 236 1201 1451 412 5 1451 0 1451 1451 221 6 0 1451 0 60 0 4 231 0 0 0 45 418 1086 127 29 1451 0 0 209 5 197 10 0 0 33 60
692 615 943 412 412 412 412 7 412 412 1094 1232 412 0 412 1 410 417 0 0 450 1383 236 410 412 1451 427 412 0 412 412 228 190 1007 412 1007 463 1007 472 560 0 0 0 45 18 627 98 1036 412 87 0 592 618 204 459 0 1007 1040 1051
562 110 366 5 5 5 5 0 5 5 422 427 5 512 5 115 5 5 512 512 5 427 5 5 5 427 1451 5 0 5 5 5 345 422 5 422 8 422 3 191 512 512 421 513 16 5 3 422 5 0 512 197 719 5 98 0 422 423 427
23 796 479 1451 1451 1451 1451 0 1451 1451 137 225 1451 0 1451 4 1026 1423 0 0 1410 376 236 1201 1451 412 5 1451 0 1451 1451 221 6 0 1451 0 60 0 4 231 0 0 0 45 418 1086 127 29 1451 0 0 209 5 197 10 0 0 33 60
0 439 67 0 0 0 0 0 0 0 30 8 0 0 0 372 423 17 0 0 0 0 1208 248 0 0 0 0 1451 0 0 0 278 0 0 0 0 0 0 0 0 0 0 0 541 106 1136 24 0 1333 0 465 108 0 487 1451 0 0 0
23 796 479 1451 1451 1451 1451 0 1451 1451 137 225 1451 0 1451 4 1026 1423 0 0 1410 376 236 1201 1451 412 5 1451 0 1451 1451 221 6 0 1451 0 60 0 4 231 0 0 0 45 418 1086 127 29 1451 0 0 209 5 197 10 0 0 33 60
23 796 479 1451 1451 1451 1451 0 1451 1451 137 225 1451 0 1451 4 1026 1423 0 0 1410 376 236 1201 1451 412 5 1451 0 1451 1451 221 6 0 1451 0 60 0 4 231 0 0 0 45 418 1086 127 29 1451 0 0 209 5 197 10 0 0 33 60
0 221 221 221 221 221 221 1227 221 221 130 222 221 0 221 0 221 221 0 0 222 221 222 222 221 228 5 221 0 221 221 1451 3 0 221 0 58 0 1 226 0 0 0 45 2 221 0 29 221 0 0 200 2 199 0 0 0 33 57
800 101 121 6 6 6 6 3 6 6 307 190 6 862 6 28 89 23 862 862 6 190 278 90 6 190 345 6 278 6 6 3 1451 190 6 190 125 190 193 61 862 862 860 666 172 6 278 190 6 194 862 25 511 19 76 278 190 190 190
692 205 558 0 0 0 0 0 0 0 1188 1217 0 0 0 0 0 5 0 0 38 1069 2 0 0 1007 422 0 0 0 0 0 190 1451 0 1451 858 1451 503 509 0 0 0 34 400 248 123 1359 0 118 0 425 1031 2 490 0 1451 1404 1379
23 796 479 1451 1451 1451 1451 0 1451 1451 137 225 1451 0 1451 4 1026 1423 0 0 1410 376 236 1201 1451 412 5 1451 0 1451 1451 221 6 0 1451 0 60 0 4 231 0 0 0 45 418 1086 127 29 1451 0 0 209 5 197 10 0 0 33 60
692 205 558 0 0 0 0 0 0 0 1188 1217 0 0 0 0 0 5 0 0 38 1069 2 0 0 1007 422 0 0 0 0 0 190 1451 0 1451 858 1451 503 509 0 0 0 34 400 248 123 1359 0 118 0 425 1031 2 490 0 1451 1404 1379
313 61 78 60 60 60 60 58 60 60 616 624 60 0 60 79 60 61 0 0 77 493 2 60 60 463 8 60 0 60 60 58 125 858 60 858 1451 858 482 320 0 0 0 34 373 287 90 766 60 97 0 338 459 90 411 0 858 811 786
692 205 558 0 0 0 0 0 0 0 1188 1217 0 0 0 0 0 5 0 0 38 1069 2 0 0 1007 422 0 0 0 0 0 190 1451 0 1451 858 1451 503 509 0 0 0 34 400 248 123 1359 0 118 0 425 1031 2 490 0 1451 1404 1379
333 4 65 4 4 4 4 0 4 4 461 503 4 433 4 4 4 9 433 433 42 505 0 4 4 472 3 4 0 4 4 1 193 503 4 503 482 503 1451 333 433 433 433 439 1 252 14 507 4 118 433 540 83 4 819 0 503 508 493
242 238 310 231 231 231 231 99 231 231 530 595 231 0 231 94 166 236 0 0 269 587 129 231 231 560 191 231 0 231 231 226 61 509 231 509 320 509 333 1451 0 0 0 24 64 411 60 534 231 118 0 456 245 350 269 0 509 549 534
717 0 0 0 0 0 0 0 0 0 87 0 0 1451 0 115 0 0 1451 1451 0 0 0 0 0 0 512 0 0 0 0 0 862 0 0 0 0 0 433 0 1451 1451 1360 1255 61 0 0 0 0 0 1451 308 297 0 458 0 0 0 0
717 0 0 0 0 0 0 0 0 0 87 0 0 1451 0 115 0 0 1451 1451 0 0 0 0 0 0 512 0 0 0 0 0 862 0 0 0 0 0 433 0 1451 1451 1360 1255 61 0 0 0 0 0 1451 308 297 0 458 0 0 0 0
626 0 0 0 0 0 0 0 0 0 87 0 0 1360 0 24 0 0 1360 1360 0 0 0 0 0 0 421 0 0 0 0 0 860 0 0 0 0 0 433 0 1360 1360 1451 1164 61 0 0 0 0 0 1360 308 297 0 458 0 0 0 0
521 45 45 45 45 45 45 2 45 45 2 45 45 1255 45 115 45 45 1255 1255 45 45 45 45 45 45 513 45 0 45 45 45 666 34 45 34 34 34 439 24 1255 1255 1164 1451 95 45 0 5 45 0 1255 353 331 45 458 0 34 40 38
92 690 84 418 418 418 418 2 418 418 210 166 418 61 418 16 841 435 61 61 418 18 543 666 418 18 16 418 541 418 418 2 172 400 418 400 373 400 1 64 61 61 61 95 1451 524 661 308 418 423 61 1 508 18 1 541 400 353 340
61 902 506 1086 1086 1086 1086 0 1086 1086 335 473 1086 0 1086 6 1132 1091 0 0 1124 624 342 1082 1086 627 5 1086 106 1086 1086 221 6 248 1086 248 287 248 252 411 0 0 0 45 524 1451 233 277 1086 224 0 453 2 203 258 106 248 281 292
0 542 168 127 127 127 127 0 127 127 143 99 127 0 127 222 550 144 0 0 127 88 928 375 127 98 3 127 1136 127 127 0 278 123 127 123 90 123 14 60 0 0 0 0 661 233 1451 147 127 1018 0 155 231 25 226 1136 123 123 123
692 234 587 29 29 29 29 1 29 29 1188 1246 29 0 29 24 29 34 0 0 67 1098 31 29 29 1036 422 29 24 29 29 29 190 1359 29 1359 766 1359 507 534 0 0 0 5 308 277 147 1451 29 142 0 454 939 31 514 24 1359 1374 1364
23 796 479 1451 1451 1451 1451 0 1451 1451 137 225 1451 0 1451 4 1026 1423 0 0 1410 376 236 1201 1451 412 5 1451 0 1451 1451 221 6 0 1451 0 60 0 4 231 0 0 0 45 418 1086 127 29 1451 0 0 209 5 197 10 0 0 33 60
0 321 65 0 0 0 0 0 0 0 75 126 0 0 0 372 305 5 0 0 38 118 1090 130 0 87 0 0 1333 0 0 0 194 118 0 118 97 118 118 118 0 0 0 0 423 224 1018 142 0 1451 0 583 1 0 605 1333 118 118 118
717 0 0 0 0 0 0 0 0 0 87 0 0 1451 0 115 0 0 1451 1451 0 0 0 0 0 0 512 0 0 0 0 0 862 0 0 0 0 0 433 0 1451 1451 1360 1255 61 0 0 0 0 0 1451 308 297 0 458 0 0 0 0
223 199 262 209 209 209 209 16 209 209 493 631 209 308 209 166 199 214 308 308 247 623 635 209 209 592 197 209 465 209 209 200 25 425 209 425 338 425 540 456 308 308 308 353 1 453 155 454 209 583 308 1451 94 214 882 465 425 458 469
537 313 538 5 5 5 5 2 5 5 841 797 5 297 5 5 108 22 297 297 5 649 110 109 5 618 719 5 108 5 5 2 511 1031 5 1031 459 1031 83 245 297 297 297 331 508 2 231 939 5 1 297 94 1451 7 70 108 1031 984 971
8 202 237 197 197 197 197 7 197 197 113 197 197 0 197 959 198 198 0 0 198 200 198 198 197 204 5 197 0 197 197 199 19 2 197 2 90 2 4 350 0 0 0 45 18 203 25 31 197 0 0 214 7 1451 2 0 2 35 61
230 60 94 10 10 10 10 0 10 10 447 498 10 458 10 374 10 15 458 458 48 490 244 10 10 459 98 10 487 10 10 0 76 490 10 490 411 490 819 269 458 458 458 458 1 258 226 514 10 605 458 882 70 2 1451 487 490 490 478
0 439 67 0 0 0 0 0 0 0 30 8 0 0 0 372 423 17 0 0 0 0 1208 248 0 0 0 0 1451 0 0 0 278 0 0 0 0 0 0 0 0 0 0 0 541 106 1136 24 0 1333 0 465 108 0 487 1451 0 0 0
692 205 558 0 0 0 0 0 0 0 1188 1217 0 0 0 0 0 5 0 0 38 1069 2 0 0 1007 422 0 0 0 0 0 190 1451 0 1451 858 1451 503 509 0 0 0 34 400 248 123 1359 0 118 0 425 1031 2 490 0 1451 1404 1379
692 238 591 33 33 33 33 0 33 33 1188 1250 33 0 33 0 33 38 0 0 71 1102 35 33 33 1040 423 33 0 33 33 33 190 1404 33 1404 811 1404 508 549 0 0 0 40 353 281 123 1374 33 118 0 458 984 35 490 0 1404 1451 1412
680 261 614 60 60 60 60 1 60 60 1176 1261 60 0 60 3 56 65 0 0 98 1113 58 56 60 1051 427 60 0 60 60 57 190 1379 60 1379 786 1379 493 534 0 0 0 38 340 292 123 1364 60 118 0 469 971 61 478 0 1379 1412 1451
