5392 611 4 341 275 1294 1857 298 362 107 417 1145 611 0 511 1618 274 332 1780 155 395 796 1408 1802 611 706 1611 1552 1786 611 796 1494 962 1854 796 723 1675 1857 611 127 0 0 182 285 651 1069 175 962 1430 0 172 1857 962 1846 280 796 941 0 478
611 5392 0 10 803 1908 0 0 0 49 0 1143 4118 4 0 174 54 0 0 42 324 4595 454 0 4629 99 0 303 0 4283 4185 117 4185 0 4518 175 89 0 4606 1212 0 110 0 48 3736 970 1 4185 103 0 0 0 4185 0 1434 4109 2925 0 2026
4 0 5392 9 62 1233 0 153 149 2658 333 153 0 0 3572 60 0 3641 61 2463 1987 0 25 60 202 11 1568 12 0 0 260 0 1 89 38 2235 2 0 202 0 3943 185 33 68 3 1494 148 1 0 3943 150 0 1 0 0 153 0 3943 49
341 10 9 5392 160 15 351 6 537 243 11 0 0 0 537 25 300 15 15 268 16 615 75 15 73 316 30 439 537 52 535 267 615 245 436 327 6 537 40 242 0 69 38 15 0 53 471 615 152 78 162 537 615 64 51 615 122 0 367
275 803 62 160 5392 45 48 380 158 481 23 442 163 0 0 448 491 418 116 67 453 942 652 464 866 155 260 506 55 845 942 75 983 37 942 263 105 48 833 0 0 0 300 648 354 6 85 983 155 0 260 48 983 467 845 942 479 0 12
1294 1908 1233 15 45 5392 1142 75 2 180 121 761 1537 400 1247 177 4 1533 1525 0 130 1378 871 10 1883 148 2262 1161 1013 1380 1400 529 1761 10 1378 142 1142 1142 1838 785 1232 0 1 11 1377 3217 1 1761 1228 1232 0 1142 1761 10 11 1383 1636 1232 973
1857 0 0 351 48 1142 5392 1 1114 572 1646 2464 0 0 1634 135 272 0 4658 400 357 0 3543 0 0 2072 2449 3850 5077 0 0 4279 0 494 0 267 4457 5206 0 0 0 0 341 0 12 1210 246 0 2476 0 0 5206 0 86 167 0 0 0 340
298 0 153 6 380 75 1 5392 1034 95 1 1 0 0 1 0 2301 434 103 69 24 0 63 14 0 1294 0 24 14 1 0 1 73 236 7 321 404 1 0 0 0 0 132 3137 3 42 9 73 38 0 7 1 73 226 65 0 0 0 49
362 0 149 537 158 2 1114 1034 5392 344 151 7 0 0 1300 0 338 0 566 256 10 0 50 0 0 951 0 9 1300 0 0 986 0 359 0 297 647 1300 0 0 0 0 206 0 3 4 432 0 11 78 120 1300 0 35 9 0 0 0 444
107 49 2658 243 481 180 572 95 344 5392 275 197 17 84 2919 410 117 2844 811 2383 2651 72 279 765 49 428 276 408 572 55 72 572 72 48 72 2379 396 572 49 17 2586 0 69 734 44 137 0 72 37 2586 9 572 72 133 207 72 114 2586 81
417 0 333 11 23 121 1646 1 151 275 5392 167 0 11 646 435 38 0 1646 11 9 11 1094 921 14 1153 7 1319 1646 2 474 1720 11 921 11 3 1407 1646 0 396 0 388 0 0 12 31 4 11 70 0 136 1646 11 921 1044 367 6 0 237
1145 1143 153 0 442 761 2464 1 7 197 167 5392 913 33 0 16 23 8 2464 147 357 1143 3039 104 1121 193 2040 2464 2464 1143 1143 2305 1143 104 1143 231 2238 2464 1143 3 1602 104 0 9 2437 2537 0 1143 2201 1524 1 2464 1143 104 1260 1067 293 1602 604
611 4118 0 0 163 1537 0 0 0 17 0 913 5392 665 0 174 452 0 0 65 318 3955 23 0 3524 99 0 0 0 3569 3573 117 3545 0 4090 173 89 0 3578 1742 0 709 0 48 3545 970 1 3545 132 0 122 0 3545 0 795 3469 3449 0 2026
0 4 0 0 0 400 0 0 0 84 11 33 665 5392 0 183 46 0 0 15 0 0 8 0 1 59 0 21 0 0 0 0 0 0 0 35 6 0 0 1021 0 101 0 0 0 1 45 0 123 0 154 0 0 0 0 5 583 0 0
511 0 3572 537 0 1247 1634 1 1300 2919 646 0 0 0 5392 0 272 3572 1086 2617 1927 0 130 0 0 1461 1258 278 1820 0 0 1506 0 359 0 2475 1103 1820 0 0 3572 0 206 0 12 1123 432 0 0 3650 120 1820 0 35 0 0 0 3572 444
1618 174 60 25 448 177 135 0 0 410 435 16 174 183 0 5392 61 565 239 69 987 174 156 2918 174 89 1033 3 0 174 174 0 174 2349 174 695 26 0 174 118 0 1530 321 595 202 178 84 174 84 0 1270 0 174 2641 413 174 672 0 665
274 54 0 300 491 4 272 2301 338 117 38 23 452 46 272 61 5392 123 88 183 63 75 46 88 54 1641 0 47 288 80 54 121 75 175 127 698 236 272 126 1 0 739 110 3199 22 48 280 75 124 0 0 272 75 110 65 55 58 0 273
332 0 3641 15 418 1533 0 434 0 2844 0 8 0 0 3572 565 123 5392 660 2362 2492 59 208 565 0 74 1374 31 0 0 0 0 469 0 0 2258 30 0 0 0 3580 0 93 1259 69 1131 0 469 182 3580 112 0 469 402 0 42 404 3580 7
1780 0 61 15 116 1525 4658 103 566 811 1646 2464 0 0 1086 239 88 660 5392 145 596 35 3535 239 0 1775 2314 3868 4529 0 0 4045 445 29 0 211 4374 4658 0 0 0 0 115 239 12 1210 0 445 2634 0 0 4658 445 52 167 18 57 0 77
155 42 2463 268 67 0 400 69 256 2383 11 147 65 15 2617 69 183 2362 145 5392 2027 42 294 71 42 159 387 147 400 42 42 148 42 377 42 2348 259 400 42 15 2362 2 11 7 90 0 1102 42 585 2362 168 400 42 176 8 42 143 2362 366
395 324 1987 16 453 130 357 24 10 2651 9 357 318 0 1927 987 63 2492 596 2027 5392 324 518 1342 324 351 741 502 357 324 324 357 324 185 324 2024 434 357 324 50 1927 1 175 903 318 133 0 324 657 1927 483 357 324 710 8 324 722 1927 237
796 4595 0 615 942 1378 0 0 0 72 11 1143 3955 0 0 174 75 59 35 42 324 5392 511 0 4226 99 30 732 0 4227 4710 117 4982 0 4785 79 89 0 4215 1212 0 110 38 48 3736 970 1 4982 304 0 42 0 4982 0 1475 4889 3023 0 2026
1408 454 25 75 652 871 3543 63 50 279 1094 3039 23 8 130 156 46 208 3535 294 518 511 5392 182 511 756 2322 3855 3414 496 511 3115 511 32 511 198 3286 3543 484 20 703 0 86 217 727 1754 148 511 2317 625 98 3543 511 182 665 511 136 703 342
1802 0 60 15 464 10 0 14 0 765 921 104 0 0 0 2918 88 565 239 71 1342 0 182 5392 22 115 704 142 73 0 0 387 0 4235 0 695 26 0 0 0 0 0 239 902 28 18 4 0 84 0 112 0 0 4760 2532 0 404 0 620
611 4629 202 73 866 1883 0 0 0 49 14 1121 3524 1 0 174 54 0 0 42 324 4226 511 22 5392 98 0 383 22 4205 4413 95 4226 22 4313 175 89 0 5281 1215 0 311 22 0 3714 970 1 4226 106 0 3 0 4226 22 1504 4217 2904 0 2004
706 99 11 316 155 148 2072 1294 951 428 1153 193 99 59 1461 89 1641 74 1775 159 351 99 756 115 98 5392 142 893 2076 99 99 2012 99 182 99 139 1732 2076 99 134 0 77 287 1449 111 77 312 99 134 35 114 2076 99 195 34 45 99 0 478
1611 0 1568 30 260 2262 2449 0 0 276 7 2040 0 0 1258 1033 0 1374 2314 387 741 30 2322 704 0 142 5392 2347 2185 0 30 1701 30 754 30 166 2329 2314 0 0 1418 0 291 24 28 2493 339 30 2314 1418 265 2314 30 724 0 30 333 1418 360
1552 303 12 439 506 1161 3850 24 9 408 1319 2464 0 21 278 3 47 31 3868 147 502 732 3855 142 383 893 2347 5392 3721 348 762 3237 750 3 746 198 3601 3850 350 21 0 30 45 104 0 1210 0 750 2535 0 42 3850 750 3 1061 781 98 0 0
1786 0 0 537 55 1013 5077 14 1300 572 1646 2464 0 0 1820 0 288 0 4529 400 357 0 3414 73 22 2076 2185 3721 5392 0 0 4465 0 432 0 450 4297 5263 0 0 0 0 296 13 12 1081 432 0 2347 78 120 5263 0 108 240 0 0 0 444
611 4283 0 52 845 1380 0 1 0 55 2 1143 3569 0 0 174 80 0 0 42 324 4227 496 0 4205 99 0 348 0 5392 4227 117 4227 0 4227 33 89 0 4215 1212 0 110 0 0 3736 970 1 4227 265 0 22 0 4227 0 1475 4153 2928 0 2026
796 4185 260 535 942 1400 0 0 0 72 474 1143 3573 0 0 174 54 0 0 42 324 4710 511 0 4413 99 30 762 0 4227 5392 117 4710 0 4639 79 89 0 4402 1213 0 674 38 0 3736 970 1 4710 32 0 42 0 4710 0 1475 4990 3023 0 2026
1494 117 0 267 75 529 4279 1 986 572 1720 2305 117 0 1506 0 121 0 4045 148 357 117 3115 387 95 2012 1701 3237 4465 117 117 5392 117 457 117 450 3813 4465 117 0 0 110 315 0 129 597 267 117 1863 78 223 4465 117 387 554 41 117 0 379
962 4185 1 615 983 1761 0 73 0 72 11 1143 3545 0 0 174 75 469 445 42 324 4982 511 0 4226 99 30 750 0 4227 4710 117 5392 0 4611 79 89 0 4215 1212 0 110 38 0 3736 970 1 5392 427 0 42 0 5392 0 1475 4889 3023 0 2026
1854 0 89 245 37 10 494 236 359 48 921 104 0 0 359 2349 175 0 29 377 185 0 32 4235 22 182 754 3 432 0 0 457 0 5392 0 697 137 359 0 0 0 0 259 0 28 18 213 0 84 0 0 359 0 4320 2532 0 0 0 723
796 4518 38 436 942 1378 0 7 0 72 11 1143 4090 0 0 174 127 0 0 42 324 4785 511 0 4313 99 30 746 0 4227 4639 117 4611 0 5392 33 89 0 4302 1212 0 256 38 0 3736 970 1 4611 0 0 42 0 4611 0 1475 4535 3023 0 2026
723 175 2235 327 263 142 267 321 297 2379 3 231 173 35 2475 695 698 2258 211 2348 2024 79 198 695 175 139 166 198 450 33 79 450 79 697 33 5392 421 450 247 3 2223 700 122 144 33 0 352 79 208 2298 136 450 79 1008 33 79 70 2223 173
1675 89 2 6 105 1142 4457 404 647 396 1407 2238 89 6 1103 26 236 30 4374 259 434 89 3286 26 89 1732 2329 3601 4297 89 89 3813 89 137 89 421 5392 4426 89 6 0 18 292 42 101 1210 32 89 2516 0 25 4426 89 326 15 89 89 0 121
1857 0 0 537 48 1142 5206 1 1300 572 1646 2464 0 0 1820 0 272 0 4658 400 357 0 3543 0 0 2076 2314 3850 5263 0 0 4465 0 359 0 450 4426 5392 0 0 0 0 206 0 12 1210 432 0 2476 78 120 5392 0 35 167 0 0 0 444
611 4606 202 40 833 1838 0 0 0 49 0 1143 3578 0 0 174 126 0 0 42 324 4215 484 0 5281 99 0 350 0 4215 4402 117 4215 0 4302 247 89 0 5392 1212 0 405 0 0 3736 970 1 4215 103 0 0 0 4215 0 1464 4184 2925 0 2026
127 1212 0 242 0 785 0 0 0 17 396 3 1742 1021 0 118 1 0 0 15 50 1212 20 0 1215 134 0 21 0 1212 1213 0 1212 0 1212 3 6 0 1212 5392 0 766 0 0 1212 285 1 1212 341 0 598 0 1212 0 0 1217 2193 0 1212
0 0 3943 0 0 1232 0 0 0 2586 0 1602 0 0 3572 0 0 3580 0 2362 1927 0 703 0 0 0 1418 0 0 0 0 0 0 0 0 2223 0 0 0 0 5392 0 0 0 1333 2943 0 0 0 5314 0 0 0 0 0 0 0 5392 466
0 110 185 69 0 0 0 0 0 0 388 104 709 101 0 1530 739 0 0 2 1 110 0 0 311 77 0 30 0 110 674 110 110 0 256 700 18 0 405 766 0 5392 0 0 110 0 94 110 36 0 2547 0 110 0 0 403 679 0 110
182 0 33 38 300 1 341 132 206 69 0 0 0 0 206 321 110 93 115 11 175 38 86 239 22 287 291 45 296 0 38 315 38 259 38 122 292 206 0 0 0 0 5392 9 0 0 2055 38 122 0 7 206 38 361 64 38 144 0 1512
285 48 68 15 648 11 0 3137 0 734 0 9 48 0 0 595 3199 1259 239 7 903 48 217 902 0 1449 24 104 13 0 0 0 0 0 0 144 42 0 0 0 0 0 9 5392 69 48 0 0 89 0 112 0 0 318 4 0 323 0 49
651 3736 3 0 354 1377 12 3 3 44 12 2437 3545 0 12 202 22 69 12 90 318 3736 727 28 3714 111 28 0 12 3736 3736 129 3736 28 3736 33 101 12 3736 1212 1333 110 0 69 5392 2303 44 3736 0 1255 0 12 3736 28 985 3660 2925 1333 2535
1069 970 1494 53 6 3217 1210 42 4 137 31 2537 970 1 1123 178 48 1131 1210 0 133 970 1754 18 970 77 2493 1210 1081 970 970 597 970 18 970 0 1210 1210 970 285 2943 0 0 48 2303 5392 55 970 1210 2865 0 1210 970 18 18 970 970 2943 1029
175 1 148 471 85 1 246 9 432 0 4 0 1 45 432 84 280 0 0 1102 0 1 148 4 1 312 339 0 432 1 1 267 1 213 1 352 32 432 1 1 0 94 2055 0 44 55 5392 1 122 78 373 432 1 112 4 1 7 0 1994
962 4185 1 615 983 1761 0 73 0 72 11 1143 3545 0 0 174 75 469 445 42 324 4982 511 0 4226 99 30 750 0 4227 4710 117 5392 0 4611 79 89 0 4215 1212 0 110 38 0 3736 970 1 5392 427 0 42 0 5392 0 1475 4889 3023 0 2026
1430 103 0 152 155 1228 2476 38 11 37 70 2201 132 123 0 84 124 182 2634 585 657 304 2317 84 106 134 2314 2535 2347 265 32 1863 427 84 0 208 2516 2476 103 341 0 36 122 89 0 1210 122 427 5392 0 613 2476 427 84 290 287 80 0 122
0 0 3943 78 0 1232 0 0 78 2586 0 1524 0 0 3650 0 0 3580 0 2362 1927 0 625 0 0 35 1418 0 78 0 0 78 0 0 0 2298 0 78 0 0 5314 0 0 0 1255 2865 78 0 0 5392 78 78 0 0 0 0 0 5314 466
172 0 150 162 260 0 0 7 120 9 136 1 122 154 120 1270 0 112 0 168 483 42 98 112 3 114 265 42 120 22 42 223 42 0 42 136 25 120 0 598 0 2547 7 112 0 0 373 42 613 78 5392 120 42 119 7 42 192 0 38
1857 0 0 537 48 1142 5206 1 1300 572 1646 2464 0 0 1820 0 272 0 4658 400 357 0 3543 0 0 2076 2314 3850 5263 0 0 4465 0 359 0 450 4426 5392 0 0 0 0 206 0 12 1210 432 0 2476 78 120 5392 0 35 167 0 0 0 444
962 4185 1 615 983 1761 0 73 0 72 11 1143 3545 0 0 174 75 469 445 42 324 4982 511 0 4226 99 30 750 0 4227 4710 117 5392 0 4611 79 89 0 4215 1212 0 110 38 0 3736 970 1 5392 427 0 42 0 5392 0 1475 4889 3023 0 2026
1846 0 0 64 467 10 86 226 35 133 921 104 0 0 35 2641 110 402 52 176 710 0 182 4760 22 195 724 3 108 0 0 387 0 4320 0 1008 326 35 0 0 0 0 361 318 28 18 112 0 84 0 119 35 0 5392 2532 0 434 0 685
280 1434 0 51 845 11 167 65 9 207 1044 1260 795 0 0 413 65 0 167 8 8 1475 665 2532 1504 34 0 1061 240 1475 1475 554 1475 2532 1475 33 15 167 1464 0 0 0 64 4 985 18 4 1475 290 0 7 167 1475 2532 5392 1494 176 0 230
796 4109 153 615 942 1383 0 0 0 72 367 1067 3469 5 0 174 55 42 18 42 324 4889 511 0 4217 45 30 781 0 4153 4990 41 4889 0 4535 79 89 0 4184 1217 0 403 38 0 3660 970 1 4889 287 0 42 0 4889 0 1494 5392 2947 0 1950
941 2925 0 122 479 1636 0 0 0 114 6 293 3449 583 0 672 58 404 57 143 722 3023 136 404 2904 99 333 98 0 2928 3023 117 3023 0 3023 70 89 0 2925 2193 0 679 144 323 2925 970 7 3023 80 0 192 0 3023 434 176 2947 5392 0 2026
0 0 3943 0 0 1232 0 0 0 2586 0 1602 0 0 3572 0 0 3580 0 2362 1927 0 703 0 0 0 1418 0 0 0 0 0 0 0 0 2223 0 0 0 0 5392 0 0 0 1333 2943 0 0 0 5314 0 0 0 0 0 0 0 5392 466
478 2026 49 367 12 973 340 49 444 81 237 604 2026 0 444 665 273 7 77 366 237 2026 342 620 2004 478 360 0 444 2026 2026 379 2026 723 2026 173 121 444 2026 1212 466 110 1512 49 2535 1029 1994 2026 122 466 38 444 2026 685 230 1950 2026 466 5392
