2123 1776 1564 80 1053 13 88 1315 0 1877 117 463 9 0 9 744 24 81 1824 609 1113 9 394 1877 9 1814 15 73 1877 31 9 16 9 291 1195 208 74 1877 1877 152 1427 9 9 867 141 9 43 116 126 1877 0 33 9 1877 9 9 1877 370 73
1776 2123 1594 0 1053 27 63 1235 44 1905 108 335 0 0 0 772 54 1 1913 615 1197 0 423 1905 0 1905 15 34 1905 0 0 28 0 351 1294 211 74 1905 1905 166 1418 0 0 851 119 0 54 107 46 1905 57 69 0 1905 0 0 1905 370 4
1564 1594 2123 22 1053 60 142 1217 0 1557 113 311 5 0 5 424 188 23 1557 611 849 5 128 1557 5 1557 92 60 1557 34 5 39 5 320 1137 79 74 1557 1557 199 1423 5 5 662 117 5 32 112 68 1557 20 52 5 1557 5 5 1557 370 18
80 0 22 2123 0 0 21 574 0 0 40 6 0 0 0 0 2 813 5 58 140 0 68 0 0 0 0 88 0 95 0 107 0 50 31 91 19 0 0 5 0 0 0 0 13 0 2 0 633 0 25 0 0 0 0 0 0 35 290
1053 1053 1053 0 2123 0 0 852 0 1053 366 280 258 0 258 0 1 1 1078 804 331 258 58 1053 258 1216 19 84 1053 231 258 0 258 229 1064 71 198 1053 1053 11 1284 258 258 296 47 258 8 344 46 1053 0 10 258 1053 258 258 1053 645 27
13 27 60 0 0 2123 370 16 0 0 52 0 0 0 0 1 0 0 8 1 381 0 94 0 0 0 0 390 0 0 0 19 0 120 161 227 155 0 0 640 0 0 0 143 220 0 103 0 171 0 39 50 0 0 0 0 0 509 0
88 63 142 21 0 370 2123 87 0 21 17 1014 0 0 0 828 590 7 21 12 65 0 50 21 0 21 7 183 21 356 0 69 0 108 40 87 160 21 21 56 0 0 0 27 116 0 0 0 123 21 36 2 0 21 0 0 21 113 0
1315 1235 1217 574 852 16 87 2123 25 1235 57 120 0 0 0 333 5 529 1240 626 821 0 201 1235 0 1235 9 90 1235 32 0 30 0 297 934 75 101 1235 1235 136 1072 0 0 578 82 0 10 7 581 1235 20 0 0 1235 0 0 1235 390 290
0 44 0 0 0 0 0 25 2123 0 102 0 0 0 0 4 1 0 1 0 15 0 4 0 0 0 0 88 0 0 0 169 0 151 162 162 519 0 0 79 0 0 0 4 200 0 173 0 591 0 802 3 0 0 0 0 0 77 1
1877 1905 1557 0 1053 0 21 1235 0 2123 108 522 0 0 0 990 1 1 2052 615 1359 0 440 2123 0 1960 15 145 2123 0 0 0 0 281 1221 369 74 2123 2123 139 1418 0 0 1069 121 0 54 107 46 2123 0 96 0 2123 0 0 2123 370 4
117 108 113 40 366 52 17 57 102 108 2123 68 1521 0 1521 6 5 36 133 49 45 1521 706 108 1521 271 28 81 108 398 1521 74 1521 53 140 153 83 108 108 37 764 1521 1521 3 758 1521 74 657 61 108 44 23 1521 108 1521 1521 108 59 1196
463 335 311 6 280 0 1014 120 0 522 68 2123 42 33 42 1034 474 14 467 38 341 42 32 522 42 385 48 141 522 357 42 130 42 112 285 208 159 522 522 3 301 42 42 262 81 42 9 274 46 522 68 28 42 522 42 42 522 125 47
9 0 5 0 258 0 0 0 0 0 1521 42 2123 0 2123 0 2 7 25 366 0 2123 1308 0 2123 163 0 47 0 443 2123 0 2123 0 32 755 3 0 0 6 656 2123 2123 445 1360 2123 49 606 0 0 0 9 2123 0 1894 2123 0 64 1798
0 0 0 0 0 0 0 0 0 0 0 33 0 2123 0 0 97 27 0 159 0 0 12 0 0 0 492 1 0 6 0 0 0 0 3 0 0 0 0 13 0 0 0 158 0 0 44 3 0 0 0 0 0 0 0 0 0 7 0
9 0 5 0 258 0 0 0 0 0 1521 42 2123 0 2123 0 2 7 25 366 0 2123 1308 0 2123 163 0 47 0 443 2123 0 2123 0 32 755 3 0 0 6 656 2123 2123 445 1360 2123 49 606 0 0 0 9 2123 0 1894 2123 0 64 1798
744 772 424 0 0 1 828 333 4 990 6 1034 0 0 0 2123 290 8 919 16 1018 0 440 990 0 827 0 130 990 591 0 190 0 36 90 304 32 990 990 139 285 0 0 775 121 0 48 0 5 990 224 96 0 990 0 0 990 43 4
24 54 188 2 1 0 590 5 1 1 5 474 2 97 2 290 2123 136 1 9 14 2 20 1 2 1 0 146 1 654 2 112 2 69 2 78 0 1 1 2 1 2 2 41 117 2 0 20 119 1 41 112 2 1 189 2 1 1 23
81 1 23 813 1 0 7 529 0 1 36 14 7 27 7 8 136 2123 6 25 24 7 75 1 7 1 289 524 1 29 7 1 7 1 7 149 158 1 1 63 1 7 7 11 20 7 303 279 893 1 1 190 7 1 44 7 1 0 297
1824 1913 1557 5 1078 8 21 1240 1 2052 133 467 25 0 25 919 1 6 2123 628 1325 25 425 2052 25 1985 22 150 2052 25 25 0 25 282 1227 357 81 2052 2052 147 1443 25 25 998 104 25 63 132 51 2052 0 103 25 2052 25 25 2052 370 9
609 615 611 58 804 1 12 626 0 615 49 38 366 159 366 16 9 25 628 2123 304 366 348 615 366 629 331 20 615 22 366 27 366 160 622 407 229 615 615 26 644 366 366 589 333 366 38 35 20 615 0 46 366 615 137 366 615 393 352
1113 1197 849 140 331 381 65 821 15 1359 45 341 0 0 0 1018 14 24 1325 304 2123 0 421 1359 0 1238 0 249 1359 70 0 87 0 232 503 369 87 1359 1359 143 696 0 0 1027 121 0 62 0 23 1359 68 96 0 1359 0 0 1359 364 27
9 0 5 0 258 0 0 0 0 0 1521 42 2123 0 2123 0 2 7 25 366 0 2123 1308 0 2123 163 0 47 0 443 2123 0 2123 0 32 755 3 0 0 6 656 2123 2123 445 1360 2123 49 606 0 0 0 9 2123 0 1894 2123 0 64 1798
394 423 128 68 58 94 50 201 4 440 706 32 1308 12 1308 440 20 75 425 348 421 1308 2123 440 1308 420 12 17 440 57 1308 78 1308 13 105 869 1 440 440 149 4 1308 1308 738 1452 1308 36 0 83 440 16 86 1308 440 1079 1308 440 54 1376
1877 1905 1557 0 1053 0 21 1235 0 2123 108 522 0 0 0 990 1 1 2052 615 1359 0 440 2123 0 1960 15 145 2123 0 0 0 0 281 1221 369 74 2123 2123 139 1418 0 0 1069 121 0 54 107 46 2123 0 96 0 2123 0 0 2123 370 4
9 0 5 0 258 0 0 0 0 0 1521 42 2123 0 2123 0 2 7 25 366 0 2123 1308 0 2123 163 0 47 0 443 2123 0 2123 0 32 755 3 0 0 6 656 2123 2123 445 1360 2123 49 606 0 0 0 9 2123 0 1894 2123 0 64 1798
1814 1905 1557 0 1216 0 21 1235 0 1960 271 385 163 0 163 827 1 1 1985 629 1238 163 420 1960 163 2123 15 89 1960 163 163 0 163 281 1221 268 74 1960 1960 139 1581 163 163 906 121 163 54 270 46 1960 0 96 163 1960 163 163 1960 370 4
15 15 92 0 19 0 7 9 0 15 28 48 0 492 0 0 0 289 22 331 0 0 12 15 0 15 2123 72 15 135 0 0 0 0 15 40 370 15 15 35 15 0 0 60 0 0 516 849 16 15 0 156 0 15 1 0 15 7 0
73 34 60 88 84 390 183 90 88 145 81 141 47 1 47 130 146 524 150 20 249 47 17 145 47 89 72 2123 145 109 47 38 47 57 33 194 304 145 145 62 49 47 47 148 20 47 31 174 557 145 63 45 47 145 156 47 145 266 89
1877 1905 1557 0 1053 0 21 1235 0 2123 108 522 0 0 0 990 1 1 2052 615 1359 0 440 2123 0 1960 15 145 2123 0 0 0 0 281 1221 369 74 2123 2123 139 1418 0 0 1069 121 0 54 107 46 2123 0 96 0 2123 0 0 2123 370 4
31 0 34 95 231 0 356 32 0 0 398 357 443 6 443 591 654 29 25 22 70 443 57 0 443 163 135 109 0 2123 443 190 443 54 1 120 1 0 0 35 392 443 443 65 94 443 172 511 125 0 219 9 443 0 443 443 0 4 118
9 0 5 0 258 0 0 0 0 0 1521 42 2123 0 2123 0 2 7 25 366 0 2123 1308 0 2123 163 0 47 0 443 2123 0 2123 0 32 755 3 0 0 6 656 2123 2123 445 1360 2123 49 606 0 0 0 9 2123 0 1894 2123 0 64 1798
16 28 39 107 0 19 69 30 169 0 74 130 0 0 0 190 112 1 0 27 87 0 78 0 0 0 0 38 0 190 0 2123 0 1145 138 59 123 0 0 0 0 0 0 125 105 0 11 0 95 0 351 43 0 0 0 0 0 59 0
9 0 5 0 258 0 0 0 0 0 1521 42 2123 0 2123 0 2 7 25 366 0 2123 1308 0 2123 163 0 47 0 443 2123 0 2123 0 32 755 3 0 0 6 656 2123 2123 445 1360 2123 49 606 0 0 0 9 2123 0 1894 2123 0 64 1798
291 351 320 50 229 120 108 297 151 281 53 112 0 0 0 36 69 1 282 160 232 0 13 281 0 281 0 57 281 54 0 1145 0 2123 452 64 103 281 281 0 281 0 0 195 36 0 35 0 41 281 388 33 0 281 0 0 281 239 0
1195 1294 1137 31 1064 161 40 934 162 1221 140 285 32 3 32 90 2 7 1227 622 503 32 105 1221 32 1221 15 33 1221 1 32 138 32 452 2123 300 47 1221 1221 143 1133 32 32 440 89 32 78 107 63 1221 160 37 32 1221 32 32 1221 336 35
208 211 79 91 71 227 87 75 162 369 153 208 755 0 755 304 78 149 357 407 369 755 869 369 755 268 40 194 369 120 755 59 755 64 300 2123 48 369 369 143 71 755 755 825 868 755 135 2 190 369 36 132 755 369 526 755 369 151 757
74 74 74 19 198 155 160 101 519 74 83 159 3 0 3 32 0 158 81 229 87 3 1 74 3 74 370 304 74 1 3 123 3 103 47 48 2123 74 74 5 74 3 3 46 1 3 48 0 135 74 20 157 3 74 3 3 74 450 3
1877 1905 1557 0 1053 0 21 1235 0 2123 108 522 0 0 0 990 1 1 2052 615 1359 0 440 2123 0 1960 15 145 2123 0 0 0 0 281 1221 369 74 2123 2123 139 1418 0 0 1069 121 0 54 107 46 2123 0 96 0 2123 0 0 2123 370 4
1877 1905 1557 0 1053 0 21 1235 0 2123 108 522 0 0 0 990 1 1 2052 615 1359 0 440 2123 0 1960 15 145 2123 0 0 0 0 281 1221 369 74 2123 2123 139 1418 0 0 1069 121 0 54 107 46 2123 0 96 0 2123 0 0 2123 370 4
152 166 199 5 11 640 56 136 79 139 37 3 6 13 6 139 2 63 147 26 143 6 149 139 6 139 35 62 139 35 6 0 6 0 143 143 5 139 139 2123 72 6 6 272 267 6 98 35 87 139 1 78 6 139 6 6 139 29 6
1427 1418 1423 0 1284 0 0 1072 0 1418 764 301 656 0 656 285 1 1 1443 644 696 656 4 1418 656 1581 15 49 1418 392 656 0 656 281 1133 71 74 1418 1418 72 2123 656 656 511 88 656 69 713 46 1418 0 9 656 1418 656 656 1418 370 331
9 0 5 0 258 0 0 0 0 0 1521 42 2123 0 2123 0 2 7 25 366 0 2123 1308 0 2123 163 0 47 0 443 2123 0 2123 0 32 755 3 0 0 6 656 2123 2123 445 1360 2123 49 606 0 0 0 9 2123 0 1894 2123 0 64 1798
9 0 5 0 258 0 0 0 0 0 1521 42 2123 0 2123 0 2 7 25 366 0 2123 1308 0 2123 163 0 47 0 443 2123 0 2123 0 32 755 3 0 0 6 656 2123 2123 445 1360 2123 49 606 0 0 0 9 2123 0 1894 2123 0 64 1798
867 851 662 0 296 143 27 578 4 1069 3 262 445 158 445 775 41 11 998 589 1027 445 738 1069 445 906 60 148 1069 65 445 125 445 195 440 825 46 1069 1069 272 511 445 445 2123 536 445 92 60 2 1069 41 149 445 1069 216 445 1069 398 449
141 119 117 13 47 220 116 82 200 121 758 81 1360 0 1360 121 117 20 104 333 121 1360 1452 121 1360 121 0 20 121 94 1360 105 1360 36 89 868 1 121 121 267 88 1360 1360 536 2123 1360 44 20 67 121 173 50 1360 121 1131 1360 121 81 1353
9 0 5 0 258 0 0 0 0 0 1521 42 2123 0 2123 0 2 7 25 366 0 2123 1308 0 2123 163 0 47 0 443 2123 0 2123 0 32 755 3 0 0 6 656 2123 2123 445 1360 2123 49 606 0 0 0 9 2123 0 1894 2123 0 64 1798
43 54 32 2 8 103 0 10 173 54 74 9 49 44 49 48 0 303 63 38 62 49 36 54 49 54 516 31 54 172 49 11 49 35 78 135 48 54 54 98 69 49 49 92 44 49 2123 535 68 54 161 26 49 54 40 49 54 56 16
116 107 112 0 344 0 0 7 0 107 657 274 606 3 606 0 20 279 132 35 0 606 0 107 606 270 849 174 107 511 606 0 606 0 107 2 0 107 107 35 713 606 606 60 20 606 535 2123 41 107 0 33 606 107 660 606 107 9 281
126 46 68 633 46 171 123 581 591 46 61 46 0 0 0 5 119 893 51 20 23 0 83 46 0 46 16 557 46 125 0 95 0 41 63 190 135 46 46 87 46 0 0 2 67 0 68 41 2123 46 172 0 0 46 0 0 46 83 290
1877 1905 1557 0 1053 0 21 1235 0 2123 108 522 0 0 0 990 1 1 2052 615 1359 0 440 2123 0 1960 15 145 2123 0 0 0 0 281 1221 369 74 2123 2123 139 1418 0 0 1069 121 0 54 107 46 2123 0 96 0 2123 0 0 2123 370 4
0 57 20 25 0 39 36 20 802 0 44 68 0 0 0 224 41 1 0 0 68 0 16 0 0 0 0 63 0 219 0 351 0 388 160 36 20 0 0 1 0 0 0 41 173 0 161 0 172 0 2123 3 0 0 0 0 0 176 1
33 69 52 0 10 50 2 0 3 96 23 28 9 0 9 96 112 190 103 46 96 9 86 96 9 96 156 45 96 9 9 43 9 33 37 132 157 96 96 78 9 9 9 149 50 9 26 33 0 96 3 2123 9 96 13 9 96 0 4
9 0 5 0 258 0 0 0 0 0 1521 42 2123 0 2123 0 2 7 25 366 0 2123 1308 0 2123 163 0 47 0 443 2123 0 2123 0 32 755 3 0 0 6 656 2123 2123 445 1360 2123 49 606 0 0 0 9 2123 0 1894 2123 0 64 1798
1877 1905 1557 0 1053 0 21 1235 0 2123 108 522 0 0 0 990 1 1 2052 615 1359 0 440 2123 0 1960 15 145 2123 0 0 0 0 281 1221 369 74 2123 2123 139 1418 0 0 1069 121 0 54 107 46 2123 0 96 0 2123 0 0 2123 370 4
9 0 5 0 258 0 0 0 0 0 1521 42 1894 0 1894 0 189 44 25 137 0 1894 1079 0 1894 163 1 156 0 443 1894 0 1894 0 32 526 3 0 0 6 656 1894 1894 216 1131 1894 40 660 0 0 0 13 1894 0 2123 1894 0 12 1569
9 0 5 0 258 0 0 0 0 0 1521 42 2123 0 2123 0 2 7 25 366 0 2123 1308 0 2123 163 0 47 0 443 2123 0 2123 0 32 755 3 0 0 6 656 2123 2123 445 1360 2123 49 606 0 0 0 9 2123 0 1894 2123 0 64 1798
1877 1905 1557 0 1053 0 21 1235 0 2123 108 522 0 0 0 990 1 1 2052 615 1359 0 440 2123 0 1960 15 145 2123 0 0 0 0 281 1221 369 74 2123 2123 139 1418 0 0 1069 121 0 54 107 46 2123 0 96 0 2123 0 0 2123 370 4
370 370 370 35 645 509 113 390 77 370 59 125 64 7 64 43 1 0 370 393 364 64 54 370 64 370 7 266 370 4 64 59 64 239 336 151 450 370 370 29 370 64 64 398 81 64 56 9 83 370 176 0 64 370 12 64 370 2123 64
73 4 18 290 27 0 0 290 1 4 1196 47 1798 0 1798 4 23 297 9 352 27 1798 1376 4 1798 4 0 89 4 118 1798 0 1798 0 35 757 3 4 4 6 331 1798 1798 449 1353 1798 16 281 290 4 1 4 1798 4 1569 1798 4 64 2123
