3918 0 32 3841 2793 3841 233 2821 1273 1 3841 3841 3562 3563 3841 2827 3841 17 3841 3841 3841 3841 3841 3841 1496 3841 16 3243 1730 3841 3220 3841 0 108 3841 2633 3455 0 1430 3841 0 2008 2085 0 3841 3841 2651 3841 0 0 249 1 1272 0 1 0 3841 0 0
0 3918 173 0 0 0 3628 0 222 0 0 0 299 298 0 263 0 0 0 0 0 0 0 0 0 0 0 0 0 0 0 0 3918 0 0 1228 0 3918 505 0 3918 0 0 3918 0 0 1133 0 3918 3918 2683 0 197 3918 0 3918 0 3918 3918
32 173 3918 16 1006 16 173 800 754 156 16 16 173 173 16 271 16 228 16 16 16 16 16 16 16 16 3567 225 21 16 553 16 173 2360 16 173 63 173 1703 16 173 1782 1452 173 16 16 16 16 173 173 848 31 715 173 31 173 16 173 173
3841 0 16 3918 2870 3918 290 2861 1293 15 3918 3918 3619 3620 3918 2867 3918 0 3918 3918 3918 3918 3918 3918 1516 3918 0 3263 1789 3918 3297 3918 0 165 3918 2690 3532 0 1430 3918 0 2085 2162 0 3918 3918 2662 3918 0 0 269 0 1292 0 6 0 3918 0 0
2793 0 1006 2870 3918 2870 290 2297 639 25 2870 2870 2571 2572 2870 2393 2870 3 2870 2870 2870 2870 2870 2870 468 2870 990 2215 1792 2870 2249 2870 0 357 2870 2408 2484 0 382 2870 0 1037 2956 0 2870 2870 2660 2870 0 0 926 2 568 0 8 0 2870 0 0
3841 0 16 3918 2870 3918 290 2861 1293 15 3918 3918 3619 3620 3918 2867 3918 0 3918 3918 3918 3918 3918 3918 1516 3918 0 3263 1789 3918 3297 3918 0 165 3918 2690 3532 0 1430 3918 0 2085 2162 0 3918 3918 2662 3918 0 0 269 0 1292 0 6 0 3918 0 0
233 3628 173 290 290 290 3918 290 222 15 290 290 589 588 290 553 290 0 290 290 290 290 290 290 0 290 0 0 122 290 290 290 3628 165 290 1518 290 3628 229 290 3628 290 290 3628 290 290 1300 290 3628 3628 2393 0 302 3628 0 3628 290 3628 3628
2821 0 800 2861 2297 2861 290 3918 1908 15 2861 2861 2720 2721 2861 2213 2861 1 2861 2861 2861 2861 2861 2861 1091 2861 784 2352 1547 2861 3262 2861 0 789 2861 1791 2720 0 1066 2861 0 1674 2758 0 2861 2861 1865 2861 0 0 111 4 1494 0 4 0 2861 0 0
1273 222 754 1293 639 1293 222 1908 3918 0 1293 1293 994 995 1293 505 1293 0 1293 1293 1293 1293 1293 1293 1293 1293 738 1340 152 1293 1705 1293 222 610 1293 65 1340 222 1107 1293 222 1532 1099 222 1293 1293 375 1293 222 222 491 0 1591 222 6 222 1293 222 222
1 0 156 15 25 15 15 15 0 3918 15 15 15 15 15 236 15 1 15 15 15 15 15 15 0 15 507 184 45 15 15 15 0 161 15 15 15 0 16 15 0 15 22 0 15 15 1 15 0 0 252 0 3 0 0 0 15 0 0
3841 0 16 3918 2870 3918 290 2861 1293 15 3918 3918 3619 3620 3918 2867 3918 0 3918 3918 3918 3918 3918 3918 1516 3918 0 3263 1789 3918 3297 3918 0 165 3918 2690 3532 0 1430 3918 0 2085 2162 0 3918 3918 2662 3918 0 0 269 0 1292 0 6 0 3918 0 0
3841 0 16 3918 2870 3918 290 2861 1293 15 3918 3918 3619 3620 3918 2867 3918 0 3918 3918 3918 3918 3918 3918 1516 3918 0 3263 1789 3918 3297 3918 0 165 3918 2690 3532 0 1430 3918 0 2085 2162 0 3918 3918 2662 3918 0 0 269 0 1292 0 6 0 3918 0 0
3562 299 173 3619 2571 3619 589 2720 994 15 3619 3619 3918 3917 3619 2825 3619 0 3619 3619 3619 3619 3619 3619 1217 3619 0 2964 1637 3619 2998 3619 299 165 3619 2989 3233 299 1581 3619 299 1786 1863 299 3619 3619 2363 3619 299 299 43 0 993 299 0 299 3619 299 299
3563 298 173 3620 2572 3620 588 2721 995 15 3620 3620 3917 3918 3620 2825 3620 0 3620 3620 3620 3620 3620 3620 1218 3620 0 2965 1637 3620 2999 3620 298 165 3620 2988 3234 298 1582 3620 298 1787 1864 298 3620 3620 2364 3620 298 298 43 0 994 298 0 298 3620 298 298
3841 0 16 3918 2870 3918 290 2861 1293 15 3918 3918 3619 3620 3918 2867 3918 0 3918 3918 3918 3918 3918 3918 1516 3918 0 3263 1789 3918 3297 3918 0 165 3918 2690 3532 0 1430 3918 0 2085 2162 0 3918 3918 2662 3918 0 0 269 0 1292 0 6 0 3918 0 0
2827 263 271 2867 2393 2867 553 2213 505 236 2867 2867 2825 2825 2867 3918 2867 2 2867 2867 2867 2867 2867 2867 687 2867 390 2311 1804 2867 2445 2867 263 412 2867 2427 2481 263 648 2867 263 1034 1930 263 2867 2867 2134 2867 263 263 572 48 504 263 48 263 2867 263 263
3841 0 16 3918 2870 3918 290 2861 1293 15 3918 3918 3619 3620 3918 2867 3918 0 3918 3918 3918 3918 3918 3918 1516 3918 0 3263 1789 3918 3297 3918 0 165 3918 2690 3532 0 1430 3918 0 2085 2162 0 3918 3918 2662 3918 0 0 269 0 1292 0 6 0 3918 0 0
17 0 228 0 3 0 0 1 0 1 0 0 0 0 0 2 0 3918 0 0 0 0 0 0 2 0 228 15 27 0 5 0 0 48 0 0 7 0 13 0 0 22 17 0 0 0 0 0 0 0 5 0 7 0 1 0 0 0 0
3841 0 16 3918 2870 3918 290 2861 1293 15 3918 3918 3619 3620 3918 2867 3918 0 3918 3918 3918 3918 3918 3918 1516 3918 0 3263 1789 3918 3297 3918 0 165 3918 2690 3532 0 1430 3918 0 2085 2162 0 3918 3918 2662 3918 0 0 269 0 1292 0 6 0 3918 0 0
3841 0 16 3918 2870 3918 290 2861 1293 15 3918 3918 3619 3620 3918 2867 3918 0 3918 3918 3918 3918 3918 3918 1516 3918 0 3263 1789 3918 3297 3918 0 165 3918 2690 3532 0 1430 3918 0 2085 2162 0 3918 3918 2662 3918 0 0 269 0 1292 0 6 0 3918 0 0
3841 0 16 3918 2870 3918 290 2861 1293 15 3918 3918 3619 3620 3918 2867 3918 0 3918 3918 3918 3918 3918 3918 1516 3918 0 3263 1789 3918 3297 3918 0 165 3918 2690 3532 0 1430 3918 0 2085 2162 0 3918 3918 2662 3918 0 0 269 0 1292 0 6 0 3918 0 0
3841 0 16 3918 2870 3918 290 2861 1293 15 3918 3918 3619 3620 3918 2867 3918 0 3918 3918 3918 3918 3918 3918 1516 3918 0 3263 1789 3918 3297 3918 0 165 3918 2690 3532 0 1430 3918 0 2085 2162 0 3918 3918 2662 3918 0 0 269 0 1292 0 6 0 3918 0 0
3841 0 16 3918 2870 3918 290 2861 1293 15 3918 3918 3619 3620 3918 2867 3918 0 3918 3918 3918 3918 3918 3918 1516 3918 0 3263 1789 3918 3297 3918 0 165 3918 2690 3532 0 1430 3918 0 2085 2162 0 3918 3918 2662 3918 0 0 269 0 1292 0 6 0 3918 0 0
3841 0 16 3918 2870 3918 290 2861 1293 15 3918 3918 3619 3620 3918 2867 3918 0 3918 3918 3918 3918 3918 3918 1516 3918 0 3263 1789 3918 3297 3918 0 165 3918 2690 3532 0 1430 3918 0 2085 2162 0 3918 3918 2662 3918 0 0 269 0 1292 0 6 0 3918 0 0
1496 0 16 1516 468 1516 0 1091 1293 0 1516 1516 1217 1218 1516 687 1516 2 1516 1516 1516 1516 1516 1516 3918 1516 0 1531 302 1516 1516 1516 0 4 1516 288 1554 0 1292 1516 0 1517 362 0 1516 1516 434 1516 0 0 269 2015 1326 0 2021 0 1516 0 0
3841 0 16 3918 2870 3918 290 2861 1293 15 3918 3918 3619 3620 3918 2867 3918 0 3918 3918 3918 3918 3918 3918 1516 3918 0 3263 1789 3918 3297 3918 0 165 3918 2690 3532 0 1430 3918 0 2085 2162 0 3918 3918 2662 3918 0 0 269 0 1292 0 6 0 3918 0 0
16 0 3567 0 990 0 0 784 738 507 0 0 0 0 0 390 0 228 0 0 0 0 0 0 0 0 3918 209 21 0 537 0 0 2452 0 0 47 0 1530 0 0 1766 1441 0 0 0 0 0 0 0 942 0 699 0 0 0 0 0 0
3243 0 225 3263 2215 3263 0 2352 1340 184 3263 3263 2964 2965 3263 2311 3263 15 3263 3263 3263 3263 3263 3263 1531 3263 209 3918 1472 3263 2788 3263 0 162 3263 2035 2991 0 1563 3263 0 1842 1653 0 3263 3263 2130 3263 0 0 269 24 1236 0 30 0 3263 0 0
1730 0 21 1789 1792 1789 122 1547 152 45 1789 1789 1637 1637 1789 1804 1789 27 1789 1789 1789 1789 1789 1789 302 1789 21 1472 3918 1789 1685 1789 0 1126 1789 1637 1562 0 11 1789 0 332 1813 0 1789 1789 1684 1789 0 0 156 147 174 0 153 0 1789 0 0
3841 0 16 3918 2870 3918 290 2861 1293 15 3918 3918 3619 3620 3918 2867 3918 0 3918 3918 3918 3918 3918 3918 1516 3918 0 3263 1789 3918 3297 3918 0 165 3918 2690 3532 0 1430 3918 0 2085 2162 0 3918 3918 2662 3918 0 0 269 0 1292 0 6 0 3918 0 0
3220 0 553 3297 2249 3297 290 3262 1705 15 3297 3297 2998 2999 3297 2445 3297 5 3297 3297 3297 3297 3297 3297 1516 3297 537 2788 1685 3297 3918 3297 0 587 3297 2069 3169 0 1397 3297 0 2246 2565 0 3297 3297 2041 3297 0 0 269 75 1829 0 81 0 3297 0 0
3841 0 16 3918 2870 3918 290 2861 1293 15 3918 3918 3619 3620 3918 2867 3918 0 3918 3918 3918 3918 3918 3918 1516 3918 0 3263 1789 3918 3297 3918 0 165 3918 2690 3532 0 1430 3918 0 2085 2162 0 3918 3918 2662 3918 0 0 269 0 1292 0 6 0 3918 0 0
0 3918 173 0 0 0 3628 0 222 0 0 0 299 298 0 263 0 0 0 0 0 0 0 0 0 0 0 0 0 0 0 0 3918 0 0 1228 0 3918 505 0 3918 0 0 3918 0 0 1133 0 3918 3918 2683 0 197 3918 0 3918 0 3918 3918
108 0 2360 165 357 165 165 789 610 161 165 165 165 165 165 412 165 48 165 165 165 165 165 165 4 165 2452 162 1126 165 587 165 0 3918 165 165 212 0 1491 165 0 1931 908 0 165 165 42 165 0 0 44 4 611 0 4 0 165 0 0
3841 0 16 3918 2870 3918 290 2861 1293 15 3918 3918 3619 3620 3918 2867 3918 0 3918 3918 3918 3918 3918 3918 1516 3918 0 3263 1789 3918 3297 3918 0 165 3918 2690 3532 0 1430 3918 0 2085 2162 0 3918 3918 2662 3918 0 0 269 0 1292 0 6 0 3918 0 0
2633 1228 173 2690 2408 2690 1518 1791 65 15 2690 2690 2989 2988 2690 2427 2690 0 2690 2690 2690 2690 2690 2690 288 2690 0 2035 1637 2690 2069 2690 1228 165 2690 3918 2304 1228 652 2690 1228 857 1801 1228 2690 2690 3140 2690 1228 1228 7 0 446 1228 0 1228 2690 1228 1228
3455 0 63 3532 2484 3532 290 2720 1340 15 3532 3532 3233 3234 3532 2481 3532 7 3532 3532 3532 3532 3532 3532 1554 3532 47 2991 1562 3532 3169 3532 0 212 3532 2304 3918 0 1430 3532 0 2132 2035 0 3532 3532 2276 3532 0 0 269 38 1339 0 44 0 3532 0 0
0 3918 173 0 0 0 3628 0 222 0 0 0 299 298 0 263 0 0 0 0 0 0 0 0 0 0 0 0 0 0 0 0 3918 0 0 1228 0 3918 505 0 3918 0 0 3918 0 0 1133 0 3918 3918 2683 0 197 3918 0 3918 0 3918 3918
1430 505 1703 1430 382 1430 229 1066 1107 16 1430 1430 1581 1582 1430 648 1430 13 1430 1430 1430 1430 1430 1430 1292 1430 1530 1563 11 1430 1397 1430 505 1491 1430 652 1430 505 3918 1430 505 2873 179 505 1430 1430 297 1430 505 505 324 9 1139 505 9 505 1430 505 505
3841 0 16 3918 2870 3918 290 2861 1293 15 3918 3918 3619 3620 3918 2867 3918 0 3918 3918 3918 3918 3918 3918 1516 3918 0 3263 1789 3918 3297 3918 0 165 3918 2690 3532 0 1430 3918 0 2085 2162 0 3918 3918 2662 3918 0 0 269 0 1292 0 6 0 3918 0 0
0 3918 173 0 0 0 3628 0 222 0 0 0 299 298 0 263 0 0 0 0 0 0 0 0 0 0 0 0 0 0 0 0 3918 0 0 1228 0 3918 505 0 3918 0 0 3918 0 0 1133 0 3918 3918 2683 0 197 3918 0 3918 0 3918 3918
2008 0 1782 2085 1037 2085 290 1674 1532 15 2085 2085 1786 1787 2085 1034 2085 22 2085 2085 2085 2085 2085 2085 1517 2085 1766 1842 332 2085 2246 2085 0 1931 2085 857 2132 0 2873 2085 0 3918 977 0 2085 2085 829 2085 0 0 269 37 1723 0 43 0 2085 0 0
2085 0 1452 2162 2956 2162 290 2758 1099 22 2162 2162 1863 1864 2162 1930 2162 17 2162 2162 2162 2162 2162 2162 362 2162 1441 1653 1813 2162 2565 2162 0 908 2162 1801 2035 0 179 2162 0 977 3918 0 2162 2162 1991 2162 0 0 783 15 994 0 21 0 2162 0 0
0 3918 173 0 0 0 3628 0 222 0 0 0 299 298 0 263 0 0 0 0 0 0 0 0 0 0 0 0 0 0 0 0 3918 0 0 1228 0 3918 505 0 3918 0 0 3918 0 0 1133 0 3918 3918 2683 0 197 3918 0 3918 0 3918 3918
3841 0 16 3918 2870 3918 290 2861 1293 15 3918 3918 3619 3620 3918 2867 3918 0 3918 3918 3918 3918 3918 3918 1516 3918 0 3263 1789 3918 3297 3918 0 165 3918 2690 3532 0 1430 3918 0 2085 2162 0 3918 3918 2662 3918 0 0 269 0 1292 0 6 0 3918 0 0
3841 0 16 3918 2870 3918 290 2861 1293 15 3918 3918 3619 3620 3918 2867 3918 0 3918 3918 3918 3918 3918 3918 1516 3918 0 3263 1789 3918 3297 3918 0 165 3918 2690 3532 0 1430 3918 0 2085 2162 0 3918 3918 2662 3918 0 0 269 0 1292 0 6 0 3918 0 0
2651 1133 16 2662 2660 2662 1300 1865 375 1 2662 2662 2363 2364 2662 2134 2662 0 2662 2662 2662 2662 2662 2662 434 2662 0 2130 1684 2662 2041 2662 1133 42 2662 3140 2276 1133 297 2662 1133 829 1991 1133 2662 2662 3918 2662 1133 1133 499 51 728 1133 57 1133 2662 1133 1133
3841 0 16 3918 2870 3918 290 2861 1293 15 3918 3918 3619 3620 3918 2867 3918 0 3918 3918 3918 3918 3918 3918 1516 3918 0 3263 1789 3918 3297 3918 0 165 3918 2690 3532 0 1430 3918 0 2085 2162 0 3918 3918 2662 3918 0 0 269 0 1292 0 6 0 3918 0 0
0 3918 173 0 0 0 3628 0 222 0 0 0 299 298 0 263 0 0 0 0 0 0 0 0 0 0 0 0 0 0 0 0 3918 0 0 1228 0 3918 505 0 3918 0 0 3918 0 0 1133 0 3918 3918 2683 0 197 3918 0 3918 0 3918 3918
0 3918 173 0 0 0 3628 0 222 0 0 0 299 298 0 263 0 0 0 0 0 0 0 0 0 0 0 0 0 0 0 0 3918 0 0 1228 0 3918 505 0 3918 0 0 3918 0 0 1133 0 3918 3918 2683 0 197 3918 0 3918 0 3918 3918
249 2683 848 269 926 269 2393 111 491 252 269 269 43 43 269 572 269 5 269 269 269 269 269 269 269 269 942 269 156 269 269 269 2683 44 269 7 269 2683 324 269 2683 269 783 2683 269 269 499 269 2683 2683 3918 12 227 2683 18 2683 269 2683 2683
1 0 31 0 2 0 0 4 0 0 0 0 0 0 0 48 0 0 0 0 0 0 0 0 2015 0 0 24 147 0 75 0 0 4 0 0 38 0 9 0 0 37 15 0 0 0 51 0 0 0 12 3918 273 0 3911 0 0 0 0
1272 197 715 1292 568 1292 302 1494 1591 3 1292 1292 993 994 1292 504 1292 7 1292 1292 1292 1292 1292 1292 1326 1292 699 1236 174 1292 1829 1292 197 611 1292 446 1339 197 1139 1292 197 1723 994 197 1292 1292 728 1292 197 197 227 273 3918 197 279 197 1292 197 197
0 3918 173 0 0 0 3628 0 222 0 0 0 299 298 0 263 0 0 0 0 0 0 0 0 0 0 0 0 0 0 0 0 3918 0 0 1228 0 3918 505 0 3918 0 0 3918 0 0 1133 0 3918 3918 2683 0 197 3918 0 3918 0 3918 3918
1 0 31 6 8 6 0 4 6 0 6 6 0 0 6 48 6 1 6 6 6 6 6 6 2021 6 0 30 153 6 81 6 0 4 6 0 44 0 9 6 0 43 21 0 6 6 57 6 0 0 18 3911 279 0 3918 0 6 0 0
0 3918 173 0 0 0 3628 0 222 0 0 0 299 298 0 263 0 0 0 0 0 0 0 0 0 0 0 0 0 0 0 0 3918 0 0 1228 0 3918 505 0 3918 0 0 3918 0 0 1133 0 3918 3918 2683 0 197 3918 0 3918 0 3918 3918
3841 0 16 3918 2870 3918 290 2861 1293 15 3918 3918 3619 3620 3918 2867 3918 0 3918 3918 3918 3918 3918 3918 1516 3918 0 3263 1789 3918 3297 3918 0 165 3918 2690 3532 0 1430 3918 0 2085 2162 0 3918 3918 2662 3918 0 0 269 0 1292 0 6 0 3918 0 0
0 3918 173 0 0 0 3628 0 222 0 0 0 299 298 0 263 0 0 0 0 0 0 0 0 0 0 0 0 0 0 0 0 3918 0 0 1228 0 3918 505 0 3918 0 0 3918 0 0 1133 0 3918 3918 2683 0 197 3918 0 3918 0 3918 3918
0 3918 173 0 0 0 3628 0 222 0 0 0 299 298 0 263 0 0 0 0 0 0 0 0 0 0 0 0 0 0 0 0 3918 0 0 1228 0 3918 505 0 3918 0 0 3918 0 0 1133 0 3918 3918 2683 0 197 3918 0 3918 0 3918 3918
