2013 1698 1728 0 1541 313 1073 1858 0 0 1679 275 193 322 24 1449 414 1530 0 1755 73 0 904 1858 7 1086 0 1123 392 0 0 1858 1858 1858 0 0 1858 1499 0 1493 1858 0 1858 0 0 0 790 988 0 0 0 1008 0 1858 1783 1858 1858 1858 0
1698 2013 1974 158 1491 367 1379 1853 0 158 1579 47 48 162 124 1444 631 1429 158 1750 200 158 958 1853 145 926 3 1223 464 158 158 1853 1853 1853 158 158 1853 1564 0 1387 1853 158 1853 158 158 137 1103 1296 158 158 158 848 158 1853 1778 1853 1853 1853 158
1728 1974 2013 121 1521 367 1342 1883 0 121 1609 77 63 192 87 1474 594 1459 121 1780 163 121 958 1883 108 956 9 1232 464 121 121 1883 1883 1883 121 121 1883 1564 0 1417 1883 121 1883 121 121 121 1066 1259 121 121 121 878 121 1883 1808 1883 1883 1883 121
0 158 121 2013 321 101 728 0 0 2013 197 0 992 951 1979 0 1470 323 2013 33 691 2013 790 0 2000 894 6 25 0 2013 2013 0 0 0 2013 1986 0 12 0 466 0 2013 0 2013 2006 135 833 697 2013 1973 2013 32 2013 0 0 0 0 0 2013
1541 1491 1521 321 2013 236 902 1651 0 321 1762 209 514 643 345 1242 135 1272 321 1548 43 321 1208 1651 328 1407 0 912 417 321 321 1651 1651 1651 321 321 1651 1292 0 1282 1651 321 1651 321 321 0 583 803 321 321 321 1026 321 1651 1576 1651 1651 1651 321
313 367 367 101 236 2013 349 367 600 101 358 66 68 73 101 268 256 368 101 359 20 101 405 367 101 156 440 397 143 101 101 367 367 367 101 101 367 366 53 367 367 101 367 101 101 0 302 294 101 101 101 108 101 367 340 367 367 367 101
1073 1379 1342 728 902 349 2013 1221 0 728 998 4 115 108 694 1069 914 797 728 1254 477 728 385 1221 715 514 6 787 464 728 728 1221 1221 1221 728 728 1221 1233 2 755 1221 728 1221 728 728 135 1265 1297 728 728 728 457 728 1221 1221 1221 1221 1221 728
1858 1853 1883 0 1651 367 1221 2013 0 0 1739 207 193 322 24 1604 473 1589 0 1910 42 0 958 2013 7 1086 0 1232 464 0 0 2013 2013 2013 0 0 2013 1654 0 1547 2013 0 2013 0 0 0 945 1138 0 0 0 1008 0 2013 1938 2013 2013 2013 0
0 0 0 0 0 600 0 0 2013 0 15 84 19 0 0 37 23 4 0 0 0 0 165 0 0 9 1376 320 697 0 0 0 0 0 0 0 0 0 410 0 0 0 0 0 0 0 0 6 0 0 0 0 0 0 7 0 0 0 0
0 158 121 2013 321 101 728 0 0 2013 197 0 992 951 1979 0 1470 323 2013 33 691 2013 790 0 2000 894 6 25 0 2013 2013 0 0 0 2013 1986 0 12 0 466 0 2013 0 2013 2006 135 833 697 2013 1973 2013 32 2013 0 0 0 0 0 2013
1679 1579 1609 197 1762 358 998 1739 15 197 2013 211 390 519 221 1330 269 1397 197 1636 44 197 1117 1739 204 1283 13 1011 398 197 197 1739 1739 1739 197 197 1739 1380 2 1396 1739 197 1739 197 197 21 671 891 197 200 197 1009 197 1739 1664 1739 1739 1739 197
275 47 77 0 209 66 4 207 84 0 211 2013 217 207 24 436 0 208 0 241 15 0 42 207 7 212 2 155 4 0 0 207 207 207 0 0 207 100 287 207 207 0 207 0 0 0 0 1 0 0 0 207 0 207 208 207 207 207 0
193 48 63 992 514 68 115 193 19 992 390 217 2013 1340 1016 181 519 516 992 206 42 992 783 193 999 1053 19 67 19 992 992 193 193 193 992 965 193 206 159 659 193 992 193 992 985 63 75 44 992 952 992 211 992 193 193 193 193 193 992
322 162 192 951 643 73 108 322 0 951 519 207 1340 2013 975 322 467 645 951 353 28 951 877 322 958 1190 0 189 0 951 951 322 322 322 951 924 322 100 242 788 322 951 322 951 944 56 66 33 951 911 951 348 951 322 322 322 322 322 951
24 124 87 1979 345 101 694 24 0 1979 221 24 1016 975 2013 24 1436 347 1979 57 657 1979 790 24 1982 918 6 25 0 1979 1979 24 24 24 1979 1952 24 36 0 490 24 1979 24 1979 1972 101 799 663 1979 1939 1979 56 1979 24 24 24 24 24 1979
1449 1444 1474 0 1242 268 1069 1604 37 0 1330 436 181 322 24 2013 378 1180 0 1638 35 0 549 1604 7 759 37 918 501 0 0 1604 1604 1604 0 0 1604 1245 0 1138 1604 0 1604 0 0 0 849 830 0 0 0 755 0 1604 1593 1604 1604 1604 0
414 631 594 1470 135 256 914 473 23 1470 269 0 519 467 1436 378 2013 733 1470 436 691 1470 587 473 1457 418 29 426 86 1470 1470 473 473 473 1470 1443 473 485 0 809 473 1470 473 1470 1463 135 1306 1143 1470 1440 1470 30 1470 473 398 473 473 473 1470
1530 1429 1459 323 1272 368 797 1589 4 323 1397 208 516 645 347 1180 733 2013 323 1486 36 323 1265 1589 330 1409 0 808 81 323 323 1589 1589 1589 323 323 1589 1230 4 1870 1589 323 1589 323 323 9 521 722 323 326 323 1030 323 1589 1514 1589 1589 1589 323
0 158 121 2013 321 101 728 0 0 2013 197 0 992 951 1979 0 1470 323 2013 33 691 2013 790 0 2000 894 6 25 0 2013 2013 0 0 0 2013 1986 0 12 0 466 0 2013 0 2013 2006 135 833 697 2013 1973 2013 32 2013 0 0 0 0 0 2013
1755 1750 1780 33 1548 359 1254 1910 0 33 1636 241 206 353 57 1638 436 1486 33 2013 47 33 855 1910 40 1005 0 1129 464 33 33 1910 1910 1910 33 33 1910 1551 24 1444 1910 33 1910 33 33 0 907 1035 33 33 33 1003 33 1910 1852 1910 1910 1910 33
73 200 163 691 43 20 477 42 0 691 44 15 42 28 657 35 691 36 691 47 2013 691 100 42 678 39 14 55 13 691 691 42 42 42 691 691 42 54 0 33 42 691 42 691 691 135 688 748 691 691 691 33 691 42 48 42 42 42 691
0 158 121 2013 321 101 728 0 0 2013 197 0 992 951 1979 0 1470 323 2013 33 691 2013 790 0 2000 894 6 25 0 2013 2013 0 0 0 2013 1986 0 12 0 466 0 2013 0 2013 2006 135 833 697 2013 1973 2013 32 2013 0 0 0 0 0 2013
904 958 958 790 1208 405 385 958 165 790 1117 42 783 877 790 549 587 1265 790 855 100 790 2013 958 790 1491 0 677 3 790 790 958 958 958 790 763 958 667 10 1406 958 790 958 790 783 0 275 495 790 750 790 690 790 958 883 958 958 958 790
1858 1853 1883 0 1651 367 1221 2013 0 0 1739 207 193 322 24 1604 473 1589 0 1910 42 0 958 2013 7 1086 0 1232 464 0 0 2013 2013 2013 0 0 2013 1654 0 1547 2013 0 2013 0 0 0 945 1138 0 0 0 1008 0 2013 1938 2013 2013 2013 0
7 145 108 2000 328 101 715 7 0 2000 204 7 999 958 1982 7 1457 330 2000 40 678 2000 790 7 2013 901 7 25 0 2000 2000 7 7 7 2000 1973 7 19 0 473 7 2000 7 2000 1993 122 820 684 2000 1960 2000 39 2000 7 7 7 7 7 2000
1086 926 956 894 1407 156 514 1086 9 894 1283 212 1053 1190 918 759 418 1409 894 1005 39 894 1491 1086 901 2013 9 415 9 894 894 1086 1086 1086 894 867 1086 727 13 1552 1086 894 1086 894 887 0 18 238 894 854 894 1010 894 1086 1074 1086 1086 1086 894
0 3 9 6 0 440 6 0 1376 6 13 2 19 0 6 37 29 0 6 0 14 6 0 0 7 9 2013 183 706 6 6 0 0 0 6 6 0 0 48 0 0 6 0 6 6 0 6 12 6 6 6 0 6 0 7 0 0 0 6
1123 1223 1232 25 912 397 787 1232 320 25 1011 155 67 189 25 918 426 808 25 1129 55 25 677 1232 25 415 183 2013 523 25 25 1232 1232 1232 25 25 1232 1070 118 766 1232 25 1232 25 25 0 859 1044 25 25 25 337 25 1232 1178 1232 1232 1232 25
392 464 464 0 417 143 464 464 697 0 398 4 19 0 0 501 86 81 0 464 13 0 3 464 0 9 706 523 2013 0 0 464 464 464 0 0 464 464 51 34 464 0 464 0 0 0 464 464 0 0 0 0 0 464 471 464 464 464 0
0 158 121 2013 321 101 728 0 0 2013 197 0 992 951 1979 0 1470 323 2013 33 691 2013 790 0 2000 894 6 25 0 2013 2013 0 0 0 2013 1986 0 12 0 466 0 2013 0 2013 2006 135 833 697 2013 1973 2013 32 2013 0 0 0 0 0 2013
0 158 121 2013 321 101 728 0 0 2013 197 0 992 951 1979 0 1470 323 2013 33 691 2013 790 0 2000 894 6 25 0 2013 2013 0 0 0 2013 1986 0 12 0 466 0 2013 0 2013 2006 135 833 697 2013 1973 2013 32 2013 0 0 0 0 0 2013
1858 1853 1883 0 1651 367 1221 2013 0 0 1739 207 193 322 24 1604 473 1589 0 1910 42 0 958 2013 7 1086 0 1232 464 0 0 2013 2013 2013 0 0 2013 1654 0 1547 2013 0 2013 0 0 0 945 1138 0 0 0 1008 0 2013 1938 2013 2013 2013 0
1858 1853 1883 0 1651 367 1221 2013 0 0 1739 207 193 322 24 1604 473 1589 0 1910 42 0 958 2013 7 1086 0 1232 464 0 0 2013 2013 2013 0 0 2013 1654 0 1547 2013 0 2013 0 0 0 945 1138 0 0 0 1008 0 2013 1938 2013 2013 2013 0
1858 1853 1883 0 1651 367 1221 2013 0 0 1739 207 193 322 24 1604 473 1589 0 1910 42 0 958 2013 7 1086 0 1232 464 0 0 2013 2013 2013 0 0 2013 1654 0 1547 2013 0 2013 0 0 0 945 1138 0 0 0 1008 0 2013 1938 2013 2013 2013 0
0 158 121 2013 321 101 728 0 0 2013 197 0 992 951 1979 0 1470 323 2013 33 691 2013 790 0 2000 894 6 25 0 2013 2013 0 0 0 2013 1986 0 12 0 466 0 2013 0 2013 2006 135 833 697 2013 1973 2013 32 2013 0 0 0 0 0 2013
0 158 121 1986 321 101 728 0 0 1986 197 0 965 924 1952 0 1443 323 1986 33 691 1986 763 0 1973 867 6 25 0 1986 1986 0 0 0 1986 2013 0 12 0 439 0 1986 0 1986 1990 159 833 697 1986 1946 1986 32 1986 0 0 0 0 0 1986
1858 1853 1883 0 1651 367 1221 2013 0 0 1739 207 193 322 24 1604 473 1589 0 1910 42 0 958 2013 7 1086 0 1232 464 0 0 2013 2013 2013 0 0 2013 1654 0 1547 2013 0 2013 0 0 0 945 1138 0 0 0 1008 0 2013 1938 2013 2013 2013 0
1499 1564 1564 12 1292 366 1233 1654 0 12 1380 100 206 100 36 1245 485 1230 12 1551 54 12 667 1654 19 727 0 1070 464 12 12 1654 1654 1654 12 12 1654 2013 0 1188 1654 12 1654 12 12 10 957 1150 12 12 12 649 12 1654 1579 1654 1654 1654 12
0 0 0 0 0 53 2 0 410 0 2 287 159 242 0 0 0 4 0 24 0 0 10 0 0 13 48 118 51 0 0 0 0 0 0 0 0 0 2013 0 0 0 0 0 0 0 0 6 0 0 0 0 0 0 0 0 0 0 0
1493 1387 1417 466 1282 367 755 1547 0 466 1396 207 659 788 490 1138 809 1870 466 1444 33 466 1406 1547 473 1552 0 766 34 466 466 1547 1547 1547 466 439 1547 1188 0 2013 1547 466 1547 466 459 0 479 683 466 426 466 1008 466 1547 1472 1547 1547 1547 466
1858 1853 1883 0 1651 367 1221 2013 0 0 1739 207 193 322 24 1604 473 1589 0 1910 42 0 958 2013 7 1086 0 1232 464 0 0 2013 2013 2013 0 0 2013 1654 0 1547 2013 0 2013 0 0 0 945 1138 0 0 0 1008 0 2013 1938 2013 2013 2013 0
0 158 121 2013 321 101 728 0 0 2013 197 0 992 951 1979 0 1470 323 2013 33 691 2013 790 0 2000 894 6 25 0 2013 2013 0 0 0 2013 1986 0 12 0 466 0 2013 0 2013 2006 135 833 697 2013 1973 2013 32 2013 0 0 0 0 0 2013
1858 1853 1883 0 1651 367 1221 2013 0 0 1739 207 193 322 24 1604 473 1589 0 1910 42 0 958 2013 7 1086 0 1232 464 0 0 2013 2013 2013 0 0 2013 1654 0 1547 2013 0 2013 0 0 0 945 1138 0 0 0 1008 0 2013 1938 2013 2013 2013 0
0 158 121 2013 321 101 728 0 0 2013 197 0 992 951 1979 0 1470 323 2013 33 691 2013 790 0 2000 894 6 25 0 2013 2013 0 0 0 2013 1986 0 12 0 466 0 2013 0 2013 2006 135 833 697 2013 1973 2013 32 2013 0 0 0 0 0 2013
0 158 121 2006 321 101 728 0 0 2006 197 0 985 944 1972 0 1463 323 2006 33 691 2006 783 0 1993 887 6 25 0 2006 2006 0 0 0 2006 1990 0 12 0 459 0 2006 0 2006 2013 139 833 697 2006 1966 2006 32 2006 0 0 0 0 0 2006
0 137 121 135 0 0 135 0 0 135 21 0 63 56 101 0 135 9 135 0 135 135 0 0 122 0 0 0 0 135 135 0 0 0 135 159 0 10 0 0 0 135 0 135 139 2013 135 175 135 163 135 0 135 0 0 0 0 0 135
790 1103 1066 833 583 302 1265 945 0 833 671 0 75 66 799 849 1306 521 833 907 688 833 275 945 820 18 6 859 464 833 833 945 945 945 833 833 945 957 0 479 945 833 945 833 833 135 2013 1617 833 833 833 0 833 945 870 945 945 945 833
988 1296 1259 697 803 294 1297 1138 6 697 891 1 44 33 663 830 1143 722 697 1035 748 697 495 1138 684 238 12 1044 464 697 697 1138 1138 1138 697 697 1138 1150 6 683 1138 697 1138 697 697 175 1617 2013 697 697 697 160 697 1138 1063 1138 1138 1138 697
0 158 121 2013 321 101 728 0 0 2013 197 0 992 951 1979 0 1470 323 2013 33 691 2013 790 0 2000 894 6 25 0 2013 2013 0 0 0 2013 1986 0 12 0 466 0 2013 0 2013 2006 135 833 697 2013 1973 2013 32 2013 0 0 0 0 0 2013
0 158 121 1973 321 101 728 0 0 1973 200 0 952 911 1939 0 1440 326 1973 33 691 1973 750 0 1960 854 6 25 0 1973 1973 0 0 0 1973 1946 0 12 0 426 0 1973 0 1973 1966 163 833 697 1973 2013 1973 33 1973 0 0 0 0 0 1973
0 158 121 2013 321 101 728 0 0 2013 197 0 992 951 1979 0 1470 323 2013 33 691 2013 790 0 2000 894 6 25 0 2013 2013 0 0 0 2013 1986 0 12 0 466 0 2013 0 2013 2006 135 833 697 2013 1973 2013 32 2013 0 0 0 0 0 2013
1008 848 878 32 1026 108 457 1008 0 32 1009 207 211 348 56 755 30 1030 32 1003 33 32 690 1008 39 1010 0 337 0 32 32 1008 1008 1008 32 32 1008 649 0 1008 1008 32 1008 32 32 0 0 160 32 33 32 2013 32 1008 1008 1008 1008 1008 32
0 158 121 2013 321 101 728 0 0 2013 197 0 992 951 1979 0 1470 323 2013 33 691 2013 790 0 2000 894 6 25 0 2013 2013 0 0 0 2013 1986 0 12 0 466 0 2013 0 2013 2006 135 833 697 2013 1973 2013 32 2013 0 0 0 0 0 2013
1858 1853 1883 0 1651 367 1221 2013 0 0 1739 207 193 322 24 1604 473 1589 0 1910 42 0 958 2013 7 1086 0 1232 464 0 0 2013 2013 2013 0 0 2013 1654 0 1547 2013 0 2013 0 0 0 945 1138 0 0 0 1008 0 2013 1938 2013 2013 2013 0
1783 1778 1808 0 1576 340 1221 1938 7 0 1664 208 193 322 24 1593 398 1514 0 1852 48 0 883 1938 7 1074 7 1178 471 0 0 1938 1938 1938 0 0 1938 1579 0 1472 1938 0 1938 0 0 0 870 1063 0 0 0 1008 0 1938 2013 1938 1938 1938 0
1858 1853 1883 0 1651 367 1221 2013 0 0 1739 207 193 322 24 1604 473 1589 0 1910 42 0 958 2013 7 1086 0 1232 464 0 0 2013 2013 2013 0 0 2013 1654 0 1547 2013 0 2013 0 0 0 945 1138 0 0 0 1008 0 2013 1938 2013 2013 2013 0
1858 1853 1883 0 1651 367 1221 2013 0 0 1739 207 193 322 24 1604 473 1589 0 1910 42 0 958 2013 7 1086 0 1232 464 0 0 2013 2013 2013 0 0 2013 1654 0 1547 2013 0 2013 0 0 0 945 1138 0 0 0 1008 0 2013 1938 2013 2013 2013 0
1858 1853 1883 0 1651 367 1221 2013 0 0 1739 207 193 322 24 1604 473 1589 0 1910 42 0 958 2013 7 1086 0 1232 464 0 0 2013 2013 2013 0 0 2013 1654 0 1547 2013 0 2013 0 0 0 945 1138 0 0 0 1008 0 2013 1938 2013 2013 2013 0
0 158 121 2013 321 101 728 0 0 2013 197 0 992 951 1979 0 1470 323 2013 33 691 2013 790 0 2000 894 6 25 0 2013 2013 0 0 0 2013 1986 0 12 0 466 0 2013 0 2013 2006 135 833 697 2013 1973 2013 32 2013 0 0 0 0 0 2013
