1474 0 4 845 892 0 721 892 0 0 892 151 297 342 552 727 892 892 53 411 892 649 404 892 14 892 321 697 543 892 892 892 616 0 892 538 892 0 0 445 276 1064 892 571 590 494 464 892 683 0 332 14 892 0 14 119 892 892 401
0 1474 1208 0 0 1474 154 0 0 1474 0 0 960 959 699 0 0 0 0 689 0 0 0 0 0 0 1024 195 776 0 0 0 0 1474 0 0 0 1474 1474 0 593 0 0 489 0 0 500 0 0 1474 559 0 0 1474 0 765 0 0 433
4 1208 1474 0 0 1208 6 0 0 1208 0 0 964 959 699 0 0 0 0 689 0 0 2 0 0 0 1024 0 510 0 0 0 0 1208 0 0 0 1208 1208 0 593 0 0 223 4 0 504 0 0 1208 293 0 0 1208 0 499 0 0 434
845 0 0 1474 1114 0 941 1114 11 0 1114 390 228 515 487 966 1114 1114 233 400 1114 890 192 1114 9 1114 450 919 445 1114 1114 1114 324 0 1114 760 1114 0 0 926 55 1002 1114 625 592 135 522 1114 905 0 483 9 1114 0 9 52 1114 1114 173
892 0 0 1114 1474 0 1301 1474 0 0 1474 272 228 515 453 1270 1474 1474 34 476 1474 1231 159 1474 0 1474 450 1279 698 1474 1474 1474 308 0 1474 1120 1474 0 0 642 7 1278 1474 985 952 102 522 1474 1265 0 439 0 1474 0 0 285 1474 1474 215
0 1474 1208 0 0 1474 154 0 0 1474 0 0 960 959 699 0 0 0 0 689 0 0 0 0 0 0 1024 195 776 0 0 0 0 1474 0 0 0 1474 1474 0 593 0 0 489 0 0 500 0 0 1474 559 0 0 1474 0 765 0 0 433
721 154 6 941 1301 154 1474 1301 0 154 1301 253 74 342 280 1097 1301 1301 40 303 1301 1058 140 1301 6 1301 277 1414 852 1301 1301 1301 314 154 1301 947 1301 154 154 469 7 1105 1301 1139 946 102 529 1301 1092 154 593 6 1301 154 6 439 1301 1301 110
892 0 0 1114 1474 0 1301 1474 0 0 1474 272 228 515 453 1270 1474 1474 34 476 1474 1231 159 1474 0 1474 450 1279 698 1474 1474 1474 308 0 1474 1120 1474 0 0 642 7 1278 1474 985 952 102 522 1474 1265 0 439 0 1474 0 0 285 1474 1474 215
0 0 0 11 0 0 0 0 1474 0 0 0 0 0 0 0 0 0 0 0 0 5 0 0 0 0 0 0 0 0 0 0 0 0 0 0 0 0 0 0 0 0 0 0 0 3 0 0 0 0 11 0 0 0 0 0 0 0 0
0 1474 1208 0 0 1474 154 0 0 1474 0 0 960 959 699 0 0 0 0 689 0 0 0 0 0 0 1024 195 776 0 0 0 0 1474 0 0 0 1474 1474 0 593 0 0 489 0 0 500 0 0 1474 559 0 0 1474 0 765 0 0 433
892 0 0 1114 1474 0 1301 1474 0 0 1474 272 228 515 453 1270 1474 1474 34 476 1474 1231 159 1474 0 1474 450 1279 698 1474 1474 1474 308 0 1474 1120 1474 0 0 642 7 1278 1474 985 952 102 522 1474 1265 0 439 0 1474 0 0 285 1474 1474 215
151 0 0 390 272 0 253 272 0 0 272 1474 44 270 240 282 272 272 597 105 272 335 470 272 116 272 252 272 0 272 272 272 66 0 272 275 272 0 0 394 81 272 272 2 43 91 127 272 272 0 100 116 272 0 116 34 272 272 19
297 960 964 228 228 960 74 228 0 960 228 44 1474 1187 981 208 228 228 16 1093 228 228 56 228 5 228 1188 33 262 228 228 228 144 960 228 228 228 960 960 228 682 228 228 0 100 157 694 228 228 960 45 5 228 960 5 251 228 228 706
342 959 959 515 515 959 342 515 0 959 515 270 1187 1474 1137 486 515 515 0 992 515 515 159 515 0 515 1409 320 261 515 515 515 0 959 515 515 515 959 959 515 600 515 515 26 6 0 563 515 515 959 44 0 515 959 0 250 515 515 598
552 699 699 487 453 699 280 453 0 699 453 240 981 1137 1474 424 453 453 8 1133 453 453 431 453 5 453 1137 258 1 453 453 453 129 699 453 453 453 699 699 445 831 584 453 15 22 297 350 453 453 699 15 5 453 699 5 1 453 453 804
727 0 0 966 1270 0 1097 1270 0 0 1270 282 208 486 424 1474 1270 1270 77 447 1270 1160 260 1270 10 1270 421 1075 523 1270 1270 1270 137 0 1270 1000 1270 0 0 654 20 1074 1270 810 790 245 480 1270 1061 0 410 10 1270 0 10 277 1270 1270 209
892 0 0 1114 1474 0 1301 1474 0 0 1474 272 228 515 453 1270 1474 1474 34 476 1474 1231 159 1474 0 1474 450 1279 698 1474 1474 1474 308 0 1474 1120 1474 0 0 642 7 1278 1474 985 952 102 522 1474 1265 0 439 0 1474 0 0 285 1474 1474 215
892 0 0 1114 1474 0 1301 1474 0 0 1474 272 228 515 453 1270 1474 1474 34 476 1474 1231 159 1474 0 1474 450 1279 698 1474 1474 1474 308 0 1474 1120 1474 0 0 642 7 1278 1474 985 952 102 522 1474 1265 0 439 0 1474 0 0 285 1474 1474 215
53 0 0 233 34 0 40 34 0 0 34 597 16 0 8 77 34 34 1474 7 34 97 329 34 4 34 0 34 34 34 34 34 244 0 34 37 34 0 0 392 158 47 34 34 283 18 4 34 34 0 29 4 34 0 4 68 34 34 48
411 689 689 400 476 689 303 476 0 689 476 105 1093 992 1133 447 476 476 7 1474 476 476 215 476 12 476 992 281 0 476 476 476 133 689 476 476 476 689 689 313 676 364 476 173 182 216 505 476 476 689 95 12 476 689 12 0 476 476 839
892 0 0 1114 1474 0 1301 1474 0 0 1474 272 228 515 453 1270 1474 1474 34 476 1474 1231 159 1474 0 1474 450 1279 698 1474 1474 1474 308 0 1474 1120 1474 0 0 642 7 1278 1474 985 952 102 522 1474 1265 0 439 0 1474 0 0 285 1474 1474 215
649 0 0 890 1231 0 1058 1231 5 0 1231 335 228 515 453 1160 1231 1231 97 476 1231 1474 213 1231 14 1231 450 1036 455 1231 1231 1231 183 0 1231 1112 1231 0 0 613 7 1035 1231 742 709 104 375 1231 1038 0 317 14 1231 0 14 232 1231 1231 225
404 0 2 192 159 0 140 159 0 0 159 470 56 159 431 260 159 159 329 215 159 213 1474 159 64 159 156 159 0 159 159 159 322 0 159 247 159 0 0 227 457 331 159 0 47 892 6 159 159 0 9 64 159 0 64 17 159 159 464
892 0 0 1114 1474 0 1301 1474 0 0 1474 272 228 515 453 1270 1474 1474 34 476 1474 1231 159 1474 0 1474 450 1279 698 1474 1474 1474 308 0 1474 1120 1474 0 0 642 7 1278 1474 985 952 102 522 1474 1265 0 439 0 1474 0 0 285 1474 1474 215
14 0 0 9 0 0 6 0 0 0 0 116 5 0 5 10 0 0 4 12 0 14 64 0 1474 0 0 0 0 0 0 0 9 0 0 4 0 0 0 56 13 6 0 0 10 40 244 0 2 0 215 1474 0 0 1474 60 0 0 23
892 0 0 1114 1474 0 1301 1474 0 0 1474 272 228 515 453 1270 1474 1474 34 476 1474 1231 159 1474 0 1474 450 1279 698 1474 1474 1474 308 0 1474 1120 1474 0 0 642 7 1278 1474 985 952 102 522 1474 1265 0 439 0 1474 0 0 285 1474 1474 215
321 1024 1024 450 450 1024 277 450 0 1024 450 252 1188 1409 1137 421 450 450 0 992 450 450 156 450 0 450 1474 255 326 450 450 450 0 1024 450 450 450 1024 1024 450 593 450 450 39 6 0 500 450 450 1024 109 0 450 1024 0 315 450 450 598
697 195 0 919 1279 195 1414 1279 0 195 1279 272 33 320 258 1075 1279 1279 34 281 1279 1036 159 1279 0 1279 255 1474 893 1279 1279 1279 308 195 1279 925 1279 195 195 447 7 1083 1279 1180 946 102 522 1279 1070 195 634 0 1279 195 0 480 1279 1279 69
543 776 510 445 698 776 852 698 0 776 698 0 262 261 1 523 698 698 34 0 698 455 0 698 0 698 326 893 1474 698 698 698 308 776 698 344 698 776 776 78 0 698 698 1187 698 102 506 698 489 776 891 0 698 776 0 1039 698 698 1
892 0 0 1114 1474 0 1301 1474 0 0 1474 272 228 515 453 1270 1474 1474 34 476 1474 1231 159 1474 0 1474 450 1279 698 1474 1474 1474 308 0 1474 1120 1474 0 0 642 7 1278 1474 985 952 102 522 1474 1265 0 439 0 1474 0 0 285 1474 1474 215
892 0 0 1114 1474 0 1301 1474 0 0 1474 272 228 515 453 1270 1474 1474 34 476 1474 1231 159 1474 0 1474 450 1279 698 1474 1474 1474 308 0 1474 1120 1474 0 0 642 7 1278 1474 985 952 102 522 1474 1265 0 439 0 1474 0 0 285 1474 1474 215
892 0 0 1114 1474 0 1301 1474 0 0 1474 272 228 515 453 1270 1474 1474 34 476 1474 1231 159 1474 0 1474 450 1279 698 1474 1474 1474 308 0 1474 1120 1474 0 0 642 7 1278 1474 985 952 102 522 1474 1265 0 439 0 1474 0 0 285 1474 1474 215
616 0 0 324 308 0 314 308 0 0 308 66 144 0 129 137 308 308 244 133 308 183 322 308 9 308 0 308 308 308 308 308 1474 0 308 151 308 0 0 56 264 399 308 308 402 370 301 308 210 0 165 9 308 0 9 50 308 308 144
0 1474 1208 0 0 1474 154 0 0 1474 0 0 960 959 699 0 0 0 0 689 0 0 0 0 0 0 1024 195 776 0 0 0 0 1474 0 0 0 1474 1474 0 593 0 0 489 0 0 500 0 0 1474 559 0 0 1474 0 765 0 0 433
892 0 0 1114 1474 0 1301 1474 0 0 1474 272 228 515 453 1270 1474 1474 34 476 1474 1231 159 1474 0 1474 450 1279 698 1474 1474 1474 308 0 1474 1120 1474 0 0 642 7 1278 1474 985 952 102 522 1474 1265 0 439 0 1474 0 0 285 1474 1474 215
538 0 0 760 1120 0 947 1120 0 0 1120 275 228 515 453 1000 1120 1120 37 476 1120 1112 247 1120 4 1120 450 925 344 1120 1120 1120 151 0 1120 1474 1120 0 0 643 7 924 1120 631 598 81 170 1120 1120 0 111 4 1120 0 4 450 1120 1120 215
892 0 0 1114 1474 0 1301 1474 0 0 1474 272 228 515 453 1270 1474 1474 34 476 1474 1231 159 1474 0 1474 450 1279 698 1474 1474 1474 308 0 1474 1120 1474 0 0 642 7 1278 1474 985 952 102 522 1474 1265 0 439 0 1474 0 0 285 1474 1474 215
0 1474 1208 0 0 1474 154 0 0 1474 0 0 960 959 699 0 0 0 0 689 0 0 0 0 0 0 1024 195 776 0 0 0 0 1474 0 0 0 1474 1474 0 593 0 0 489 0 0 500 0 0 1474 559 0 0 1474 0 765 0 0 433
0 1474 1208 0 0 1474 154 0 0 1474 0 0 960 959 699 0 0 0 0 689 0 0 0 0 0 0 1024 195 776 0 0 0 0 1474 0 0 0 1474 1474 0 593 0 0 489 0 0 500 0 0 1474 559 0 0 1474 0 765 0 0 433
445 0 0 926 642 0 469 642 0 0 642 394 228 515 445 654 642 642 392 313 642 613 227 642 56 642 450 447 78 642 642 642 56 0 642 643 642 0 0 1474 22 616 642 153 120 116 176 642 609 0 111 56 642 0 56 25 642 642 208
276 593 593 55 7 593 7 7 0 593 7 81 682 600 831 20 7 7 158 676 7 7 457 7 13 7 593 7 0 7 7 7 264 593 7 7 7 593 593 22 1474 179 7 0 292 544 321 7 7 593 1 13 7 593 13 0 7 7 613
1064 0 0 1002 1278 0 1105 1278 0 0 1278 272 228 515 584 1074 1278 1278 47 364 1278 1035 331 1278 6 1278 450 1083 698 1278 1278 1278 399 0 1278 924 1278 0 0 616 179 1474 1278 789 760 274 426 1278 1069 0 334 6 1278 0 6 285 1278 1278 252
892 0 0 1114 1474 0 1301 1474 0 0 1474 272 228 515 453 1270 1474 1474 34 476 1474 1231 159 1474 0 1474 450 1279 698 1474 1474 1474 308 0 1474 1120 1474 0 0 642 7 1278 1474 985 952 102 522 1474 1265 0 439 0 1474 0 0 285 1474 1474 215
571 489 223 625 985 489 1139 985 0 489 985 2 0 26 15 810 985 985 34 173 985 742 0 985 0 985 39 1180 1187 985 985 985 308 489 985 631 985 489 489 153 0 789 985 1474 946 102 485 985 776 489 928 0 985 489 0 774 985 985 50
590 0 4 592 952 0 946 952 0 0 952 43 100 6 22 790 952 952 283 182 952 709 47 952 10 952 6 946 698 952 952 952 402 0 952 598 952 0 0 120 292 760 952 946 1474 194 524 952 743 0 439 10 952 0 10 285 952 952 71
494 0 0 135 102 0 102 102 3 0 102 91 157 0 297 245 102 102 18 216 102 104 892 102 40 102 0 102 102 102 102 102 370 0 102 81 102 0 0 116 544 274 102 102 194 1474 194 102 24 0 111 40 102 0 40 30 102 102 624
464 500 504 522 522 500 529 522 0 500 522 127 694 563 350 480 522 522 4 505 522 375 6 522 244 522 500 522 506 522 522 522 301 500 522 170 522 500 500 176 321 426 522 485 524 194 1474 522 313 500 395 244 522 500 244 191 522 522 143
892 0 0 1114 1474 0 1301 1474 0 0 1474 272 228 515 453 1270 1474 1474 34 476 1474 1231 159 1474 0 1474 450 1279 698 1474 1474 1474 308 0 1474 1120 1474 0 0 642 7 1278 1474 985 952 102 522 1474 1265 0 439 0 1474 0 0 285 1474 1474 215
683 0 0 905 1265 0 1092 1265 0 0 1265 272 228 515 453 1061 1265 1265 34 476 1265 1038 159 1265 2 1265 450 1070 489 1265 1265 1265 210 0 1265 1120 1265 0 0 609 7 1069 1265 776 743 24 313 1265 1474 0 230 2 1265 0 2 285 1265 1265 215
0 1474 1208 0 0 1474 154 0 0 1474 0 0 960 959 699 0 0 0 0 689 0 0 0 0 0 0 1024 195 776 0 0 0 0 1474 0 0 0 1474 1474 0 593 0 0 489 0 0 500 0 0 1474 559 0 0 1474 0 765 0 0 433
332 559 293 483 439 559 593 439 11 559 439 100 45 44 15 410 439 439 29 95 439 317 9 439 215 439 109 634 891 439 439 439 165 559 439 111 439 559 559 111 1 334 439 928 439 111 395 439 230 559 1474 215 439 559 215 597 439 439 17
14 0 0 9 0 0 6 0 0 0 0 116 5 0 5 10 0 0 4 12 0 14 64 0 1474 0 0 0 0 0 0 0 9 0 0 4 0 0 0 56 13 6 0 0 10 40 244 0 2 0 215 1474 0 0 1474 60 0 0 23
892 0 0 1114 1474 0 1301 1474 0 0 1474 272 228 515 453 1270 1474 1474 34 476 1474 1231 159 1474 0 1474 450 1279 698 1474 1474 1474 308 0 1474 1120 1474 0 0 642 7 1278 1474 985 952 102 522 1474 1265 0 439 0 1474 0 0 285 1474 1474 215
0 1474 1208 0 0 1474 154 0 0 1474 0 0 960 959 699 0 0 0 0 689 0 0 0 0 0 0 1024 195 776 0 0 0 0 1474 0 0 0 1474 1474 0 593 0 0 489 0 0 500 0 0 1474 559 0 0 1474 0 765 0 0 433
14 0 0 9 0 0 6 0 0 0 0 116 5 0 5 10 0 0 4 12 0 14 64 0 1474 0 0 0 0 0 0 0 9 0 0 4 0 0 0 56 13 6 0 0 10 40 244 0 2 0 215 1474 0 0 1474 60 0 0 23
119 765 499 52 285 765 439 285 0 765 285 34 251 250 1 277 285 285 68 0 285 232 17 285 60 285 315 480 1039 285 285 285 50 765 285 450 285 765 765 25 0 285 285 774 285 30 191 285 285 765 597 60 285 765 60 1474 285 285 19
892 0 0 1114 1474 0 1301 1474 0 0 1474 272 228 515 453 1270 1474 1474 34 476 1474 1231 159 1474 0 1474 450 1279 698 1474 1474 1474 308 0 1474 1120 1474 0 0 642 7 1278 1474 985 952 102 522 1474 1265 0 439 0 1474 0 0 285 1474 1474 215
892 0 0 1114 1474 0 1301 1474 0 0 1474 272 228 515 453 1270 1474 1474 34 476 1474 1231 159 1474 0 1474 450 1279 698 1474 1474 1474 308 0 1474 1120 1474 0 0 642 7 1278 1474 985 952 102 522 1474 1265 0 439 0 1474 0 0 285 1474 1474 215
401 433 434 173 215 433 110 215 0 433 215 19 706 598 804 209 215 215 48 839 215 225 464 215 23 215 598 69 1 215 215 215 144 433 215 215 215 433 433 208 613 252 215 50 71 624 143 215 215 433 17 23 215 433 23 19 215 215 1474
