4226 2040 118 1864 2402 951 903 744 968 1111 415 3193 2839 723 3170 1169 1849 0 1122 2866 1696 913 1909 1672 182 2822 968 44 638 13 497 416 1297 2031 3677 1130 1288 1601 34 1029 1998 2167 968 369 968 1274 612 3248 968 2359 2680 516 1336 1617 3098 2986 1319 939 968
2040 4226 128 1012 1252 1257 355 88 1055 847 516 1595 2447 0 1373 916 920 423 1013 2425 1991 1356 1467 926 795 1201 1055 472 937 39 675 102 1009 1807 1987 367 160 429 0 1096 1320 1069 1055 22 1055 1590 694 1466 1055 1056 1105 566 1055 1274 1638 2529 149 1244 1055
118 128 4226 66 0 56 256 0 52 117 1 367 52 0 62 89 54 18 4 52 52 53 4 61 560 30 52 8 10 0 18 17 171 52 117 75 55 2 0 0 12 61 52 277 52 53 0 53 52 53 53 4 52 53 67 52 0 54 52
1864 1012 66 4226 956 1078 713 599 908 768 78 1799 1145 736 1076 1262 944 365 597 1286 1334 929 257 1583 132 901 908 167 398 189 63 238 1253 1676 1826 447 1049 803 1 458 221 1515 908 352 908 484 271 1808 908 1651 1710 229 1276 908 1619 1239 744 998 908
2402 1252 0 956 4226 74 1020 658 0 536 686 1933 2101 536 2510 446 961 473 1729 2166 330 146 2053 536 22 2819 0 140 635 61 474 70 345 637 2357 1378 798 1136 0 1005 2045 789 0 566 0 1272 1746 1870 0 981 1302 521 368 784 1759 2080 898 53 0
951 1257 56 1078 74 4226 139 3 1476 5 68 1095 1142 0 200 1738 1424 204 1486 974 929 1276 436 897 562 69 1476 935 1533 41 2 874 902 920 932 233 898 574 574 333 224 1425 1476 393 1476 742 108 1153 1476 1476 1476 675 1476 1529 1029 1287 574 2303 1476
903 355 256 713 1020 139 4226 527 0 396 520 993 951 606 1023 725 205 616 590 1078 55 585 553 527 506 938 0 631 285 250 220 109 385 397 903 737 614 465 0 385 568 257 0 817 0 674 21 898 0 393 465 277 417 107 895 702 393 166 0
744 88 0 599 658 3 527 4226 388 1709 1095 632 26 1490 1033 292 782 0 394 64 682 13 1013 2537 24 1059 388 95 370 217 602 1320 694 1013 648 900 883 2045 899 899 1071 880 388 853 388 19 242 1019 388 1015 1015 1087 568 440 828 540 1892 22 388
968 1055 52 908 0 1476 0 388 4226 0 72 898 906 0 242 877 2695 0 22 925 928 911 31 897 21 0 4226 44 0 13 2172 0 1220 1322 918 34 99 950 1495 0 205 2336 4226 716 4226 19 0 1639 4226 2518 2115 61 3447 2270 1631 1033 1325 931 4226
1111 847 117 768 536 5 396 1709 0 4226 1802 1087 11 2507 1055 292 124 0 424 0 1537 11 894 962 1336 1037 0 95 344 217 12 1128 982 1905 1002 758 1058 2258 879 881 933 968 0 388 0 22 242 1037 0 1055 1104 1045 368 95 913 196 1916 0 0
415 516 1 78 686 68 520 1095 72 1802 4226 451 1433 2524 589 293 589 791 187 1344 416 912 1447 17 175 589 72 1045 223 283 72 1165 889 176 469 663 69 1503 1006 1070 1529 640 72 71 72 805 307 589 72 574 589 1163 72 751 589 776 1376 68 72
3193 1595 367 1799 1933 1095 993 632 898 1087 451 4226 2246 723 2457 1597 1675 598 526 2263 1537 1306 1365 1676 193 2323 898 83 325 13 415 168 1243 1844 3123 942 1025 1445 0 568 1419 1996 898 547 898 559 107 3077 898 2188 2509 376 1266 1478 2927 2437 1207 1427 898
2839 2447 52 1145 2101 1142 951 26 906 11 1433 2246 4226 175 2044 1302 1652 753 1114 3746 1147 1899 1899 908 16 1839 906 1116 831 145 474 119 906 906 2720 625 166 497 0 1015 1887 1192 906 18 906 1953 705 2137 906 1248 1569 445 906 1624 2176 2895 259 1151 906
723 0 0 736 536 0 606 1490 0 2507 2524 723 175 4226 723 437 9 3 394 145 381 175 919 672 247 723 0 254 155 217 0 1095 1777 723 756 559 744 1637 1833 1070 996 737 0 336 0 21 242 723 0 723 723 1234 368 0 534 174 1680 0 0
3170 1373 62 1076 2510 200 1023 1033 242 1055 589 2457 2044 723 4226 437 1499 119 1033 2086 1250 179 1979 962 114 3115 242 132 654 2 513 497 575 1580 2988 1416 1228 1902 40 989 2069 1732 242 431 242 1180 603 2813 242 1924 2245 516 610 1170 2663 2539 1616 199 242
1169 916 89 1262 446 1738 725 292 877 292 293 1597 1302 437 437 4226 812 1054 1235 1088 995 2323 46 1169 80 356 877 866 505 241 131 501 1084 1169 1169 560 694 292 0 107 12 1169 877 573 877 243 187 1169 877 1169 1169 525 1081 877 1099 887 292 2166 877
1849 920 54 944 961 1424 205 782 2695 124 589 1675 1652 9 1499 812 4226 15 98 1694 1282 829 952 814 123 1257 2695 46 86 38 871 404 856 1650 1713 816 407 1755 1054 75 1079 2487 2695 698 2695 78 18 2758 2695 2647 2968 287 2056 2819 2723 2113 1704 908 2695
0 423 18 365 473 204 616 0 0 0 791 598 753 3 119 1054 15 4226 583 851 205 1649 69 0 41 1 0 1366 454 49 121 160 0 0 0 140 21 0 0 119 35 0 0 109 0 963 1013 0 0 0 0 410 0 287 0 200 0 1162 0
1122 1013 4 597 1729 1486 590 394 22 424 187 526 1114 394 1033 1235 98 583 4226 873 60 827 1006 414 48 1150 22 869 1314 92 200 742 370 402 1032 1059 1106 394 25 862 911 266 22 799 22 1582 1181 504 22 402 402 1033 378 22 487 1112 394 1204 22
2866 2425 52 1286 2166 974 1078 64 925 0 1344 2263 3746 145 2086 1088 1694 851 873 4226 1186 1802 2081 897 16 1817 925 930 672 54 495 114 925 946 2772 599 174 531 0 998 1913 1234 925 18 925 2051 758 2179 925 1290 1611 446 925 1671 2218 2968 282 996 925
1696 1991 52 1334 330 929 55 682 928 1537 416 1537 1147 381 1250 995 1282 205 60 1186 4226 1130 159 1343 977 1056 928 249 116 27 259 1046 981 3436 1602 651 985 1314 0 52 158 1990 928 77 928 224 107 1970 928 1977 2026 186 954 1583 1855 1350 1031 966 928
913 1356 53 929 146 1276 585 13 911 11 912 1306 1899 175 179 2323 829 1649 827 1802 1130 4226 150 908 13 57 911 1282 98 124 121 393 911 911 911 284 368 0 0 450 125 911 911 190 911 991 58 911 911 911 911 567 911 1071 911 1121 0 1891 911
1909 1467 4 257 2053 436 553 1013 31 894 1447 1365 1899 919 1979 46 952 69 1006 2081 159 150 4226 15 103 1867 31 163 1206 374 478 974 40 107 1821 617 21 1524 935 2306 3075 395 31 18 31 1364 1034 1340 31 451 772 1617 31 905 1379 2387 1256 442 31
1672 926 61 1583 536 897 527 2537 897 962 17 1676 908 672 962 1169 814 0 414 897 1343 908 15 4226 59 845 897 44 239 13 236 150 1617 1695 1957 558 878 925 0 0 54 1541 897 434 897 4 0 1680 897 1676 1676 188 1265 926 1489 1071 779 897 897
182 795 560 132 22 562 506 24 21 1336 175 193 16 247 114 80 123 41 48 16 977 13 103 59 4226 129 21 627 307 3 24 146 337 979 149 132 823 393 247 17 17 176 21 13 21 40 37 114 21 142 191 85 32 75 179 16 124 282 21
2822 1201 30 901 2819 69 938 1059 0 1037 589 2323 1839 723 3115 356 1257 1 1150 1817 1056 57 1867 845 129 4226 0 63 597 0 482 526 412 1338 2682 1458 1296 1846 0 882 1922 1490 0 431 0 1036 912 2571 0 1682 2003 551 368 928 2421 2190 1599 48 0
968 1055 52 908 0 1476 0 388 4226 0 72 898 906 0 242 877 2695 0 22 925 928 911 31 897 21 0 4226 44 0 13 2172 0 1220 1322 918 34 99 950 1495 0 205 2336 4226 716 4226 19 0 1639 4226 2518 2115 61 3447 2270 1631 1033 1325 931 4226
44 472 8 167 140 935 631 95 44 95 1045 83 1116 254 132 866 46 1366 869 930 249 1282 163 44 627 63 44 4226 794 70 500 255 44 44 44 86 618 95 95 277 106 44 44 101 44 1114 114 44 44 44 44 348 44 206 44 242 95 647 44
638 937 10 398 635 1533 285 370 0 344 223 325 831 155 654 505 86 454 1314 672 116 98 1206 239 307 597 0 794 4226 344 318 753 192 0 577 296 160 246 155 979 979 0 0 37 0 1672 389 213 0 0 0 1293 0 53 320 985 155 1647 0
13 39 0 189 61 41 250 217 13 217 283 13 145 217 2 241 38 49 92 54 27 124 374 13 3 0 13 70 344 4226 0 251 13 13 13 264 107 217 217 575 226 13 13 31 13 431 233 13 13 13 13 276 13 54 13 13 217 26 13
497 675 18 63 474 2 220 602 2172 12 72 415 474 0 513 131 871 121 200 495 259 121 478 236 24 482 2172 500 318 0 4226 240 321 117 463 179 0 15 375 406 680 438 2172 744 2172 486 227 269 2172 464 61 142 1393 216 483 499 217 121 2172
416 102 17 238 70 874 109 1320 0 1128 1165 168 119 1095 497 501 404 160 742 114 1046 393 974 150 146 526 0 255 753 251 240 4226 162 881 212 831 1379 1442 1037 1519 1005 458 0 529 0 513 301 508 0 458 458 1549 0 345 517 279 1415 562 0
1297 1009 171 1253 345 902 385 694 1220 982 889 1243 906 1777 575 1084 856 0 370 925 981 911 40 1617 337 412 1220 44 192 13 321 162 4226 1299 1296 599 444 521 473 0 46 1303 1220 378 1220 19 0 1289 1220 1289 1289 138 1565 944 1307 1118 345 931 1220
2031 1807 52 1676 637 920 397 1013 1322 1905 176 1844 906 723 1580 1169 1650 0 402 946 3436 911 107 1695 979 1338 1322 44 0 13 117 881 1299 4226 1893 949 1327 1785 388 0 205 2555 1322 413 1322 19 0 2671 1322 2678 2727 213 1690 1718 2556 1530 1703 931 1322
3677 1987 117 1826 2357 932 903 648 918 1002 469 3123 2720 756 2988 1169 1713 0 1032 2772 1602 911 1821 1957 149 2682 918 44 577 13 463 212 1296 1893 4226 1064 1067 1476 0 936 1882 2043 918 380 918 1059 599 3077 918 2235 2556 516 1286 1483 2921 2844 1234 918 918
1130 367 75 447 1378 233 737 900 34 758 663 942 625 559 1416 560 816 140 1059 599 651 284 617 558 132 1458 34 86 296 264 179 831 599 949 1064 4226 1173 1208 195 101 672 1038 34 855 34 437 483 1290 34 1230 1240 114 499 756 1281 972 1115 296 34
1288 160 55 1049 798 898 614 883 99 1058 69 1025 166 744 1228 694 407 21 1106 174 985 368 21 878 823 1296 99 618 160 107 0 1379 444 1327 1067 1173 4226 1249 21 256 88 1191 99 1009 99 567 83 1327 99 1327 1327 126 467 357 1138 486 1249 153 99
1601 429 2 803 1136 574 465 2045 950 2258 1503 1445 497 1637 1902 292 1755 0 394 531 1314 0 1524 925 393 1846 950 95 246 217 15 1442 521 1785 1476 1208 1249 4226 1844 914 1583 2285 950 430 950 6 242 2332 950 2632 2857 1018 1318 1845 2056 1043 3420 17 950
34 0 0 1 0 574 0 899 1495 879 1006 0 0 1833 40 0 1054 0 25 0 0 0 935 0 247 0 1495 95 155 217 375 1037 473 388 0 195 21 1844 4226 934 1101 1304 1495 0 1495 0 242 705 1495 1495 1181 995 1495 1336 581 99 2259 0 1495
1029 1096 0 458 1005 333 385 899 0 881 1070 568 1015 1070 989 107 75 119 862 998 52 450 2306 0 17 882 0 277 979 575 406 1519 0 0 936 101 256 914 934 4226 2103 0 0 0 0 1426 763 456 0 0 0 1329 0 224 563 1188 957 48 0
1998 1320 12 221 2045 224 568 1071 205 933 1529 1419 1887 996 2069 12 1079 35 911 1913 158 125 3075 54 17 1922 205 106 979 226 680 1005 46 205 1882 672 88 1583 1101 2103 4226 486 205 67 205 1372 890 1438 205 549 870 1595 108 760 1477 2187 1393 198 205
2167 1069 61 1515 789 1425 257 880 2336 968 640 1996 1192 737 1732 1169 2487 0 266 1234 1990 911 395 1541 176 1490 2336 44 0 13 438 458 1303 2555 2043 1038 1191 2285 1304 0 486 4226 2336 294 2336 19 0 3129 2336 3735 3450 61 2470 2771 2816 1682 2633 931 2336
968 1055 52 908 0 1476 0 388 4226 0 72 898 906 0 242 877 2695 0 22 925 928 911 31 897 21 0 4226 44 0 13 2172 0 1220 1322 918 34 99 950 1495 0 205 2336 4226 716 4226 19 0 1639 4226 2518 2115 61 3447 2270 1631 1033 1325 931 4226
369 22 277 352 566 393 817 853 716 388 71 547 18 336 431 573 698 109 799 18 77 190 18 434 13 431 716 101 37 31 744 529 378 413 380 855 1009 430 0 0 67 294 716 4226 716 161 550 430 716 430 430 121 620 94 546 268 430 7 716
968 1055 52 908 0 1476 0 388 4226 0 72 898 906 0 242 877 2695 0 22 925 928 911 31 897 21 0 4226 44 0 13 2172 0 1220 1322 918 34 99 950 1495 0 205 2336 4226 716 4226 19 0 1639 4226 2518 2115 61 3447 2270 1631 1033 1325 931 4226
1274 1590 53 484 1272 742 674 19 19 22 805 559 1953 21 1180 243 78 963 1582 2051 224 991 1364 4 40 1036 19 1114 1672 431 486 513 19 19 1059 437 567 6 0 1426 1372 19 19 161 19 4226 738 466 19 19 19 401 19 180 573 1377 0 306 19
612 694 0 271 1746 108 21 242 0 242 307 107 705 242 603 187 18 1013 1181 758 107 58 1034 0 37 912 0 114 389 233 227 301 0 0 599 483 83 242 242 763 890 0 0 550 0 738 4226 0 0 0 0 440 0 403 70 530 242 347 0
3248 1466 53 1808 1870 1153 898 1019 1639 1037 589 3077 2137 723 2813 1169 2758 0 504 2179 1970 911 1340 1680 114 2571 1639 44 213 13 269 508 1289 2671 3077 1290 1327 2332 705 456 1438 3129 1639 430 1639 466 0 4226 1639 3321 3642 422 2007 2567 3829 2763 2281 931 1639
968 1055 52 908 0 1476 0 388 4226 0 72 898 906 0 242 877 2695 0 22 925 928 911 31 897 21 0 4226 44 0 13 2172 0 1220 1322 918 34 99 950 1495 0 205 2336 4226 716 4226 19 0 1639 4226 2518 2115 61 3447 2270 1631 1033 1325 931 4226
2359 1056 53 1651 981 1476 393 1015 2518 1055 574 2188 1248 723 1924 1169 2647 0 402 1290 1977 911 451 1676 142 1682 2518 44 0 13 464 458 1289 2678 2235 1230 1327 2632 1495 0 549 3735 2518 430 2518 19 0 3321 2518 4226 3797 160 2886 2982 3008 1874 2924 931 2518
2680 1105 53 1710 1302 1476 465 1015 2115 1104 589 2509 1569 723 2245 1169 2968 0 402 1611 2026 911 772 1676 191 2003 2115 44 0 13 61 458 1289 2727 2556 1240 1327 2857 1181 0 870 3450 2115 430 2115 19 0 3642 2115 3797 4226 206 2483 3043 3261 2195 2757 931 2115
516 566 4 229 521 675 277 1087 61 1045 1163 376 445 1234 516 525 287 410 1033 446 186 567 1617 188 85 551 61 348 1293 276 142 1549 138 213 516 114 126 1018 995 1329 1595 61 61 121 61 401 440 422 61 160 206 4226 160 188 432 837 1117 1239 61
1336 1055 52 1276 368 1476 417 568 3447 368 72 1266 906 368 610 1081 2056 0 378 925 954 911 31 1265 32 368 3447 44 0 13 1393 0 1565 1690 1286 499 467 1318 1495 0 108 2470 3447 620 3447 19 0 2007 3447 2886 2483 160 4226 2270 1887 1207 1693 931 3447
1617 1274 53 908 784 1529 107 440 2270 95 751 1478 1624 0 1170 877 2819 287 22 1671 1583 1071 905 926 75 928 2270 206 53 54 216 345 944 1718 1483 756 357 1845 1336 224 760 2771 2270 94 2270 180 403 2567 2270 2982 3043 188 2270 4226 2375 2099 1942 984 2270
3098 1638 67 1619 1759 1029 895 828 1631 913 589 2927 2176 534 2663 1099 2723 0 487 2218 1855 911 1379 1489 179 2421 1631 44 320 13 483 517 1307 2556 2921 1281 1138 2056 581 563 1477 2816 1631 546 1631 573 70 3829 1631 3008 3261 432 1887 2375 4226 2802 1968 931 1631
2986 2529 52 1239 2080 1287 702 540 1033 196 776 2437 2895 174 2539 887 2113 200 1112 2968 1350 1121 2387 1071 16 2190 1033 242 985 13 499 279 1118 1530 2844 972 486 1043 99 1188 2187 1682 1033 268 1033 1377 530 2763 1033 1874 2195 837 1207 2099 2802 4226 834 1286 1033
1319 149 0 744 898 574 393 1892 1325 1916 1376 1207 259 1680 1616 292 1704 0 394 282 1031 0 1256 779 124 1599 1325 95 155 217 217 1415 345 1703 1234 1115 1249 3420 2259 957 1393 2633 1325 430 1325 0 242 2281 1325 2924 2757 1117 1693 1942 1968 834 4226 0 1325
939 1244 54 998 53 2303 166 22 931 0 68 1427 1151 0 199 2166 908 1162 1204 996 966 1891 442 897 282 48 931 647 1647 26 121 562 931 931 918 296 153 17 0 48 198 931 931 7 931 306 347 931 931 931 931 1239 931 984 931 1286 0 4226 931
968 1055 52 908 0 1476 0 388 4226 0 72 898 906 0 242 877 2695 0 22 925 928 911 31 897 21 0 4226 44 0 13 2172 0 1220 1322 918 34 99 950 1495 0 205 2336 4226 716 4226 19 0 1639 4226 2518 2115 61 3447 2270 1631 1033 1325 931 4226
