2144 754 733 197 48 190 600 500 341 0 729 733 733 733 0 703 733 9 764 733 733 398 733 320 576 0 733 733 239 733 733 9 733 496 733 733 399 0 733 733 0 337 162 733 605 733 513 57 733 16 733 736 733 733 9 733 0 171 0
754 2144 2094 0 258 29 1370 73 390 0 1585 2094 2094 2094 0 502 2094 6 1376 1710 2094 923 2094 21 1527 0 2094 2094 273 2094 1766 6 2094 21 2094 2094 1341 58 2094 2012 0 0 442 2094 1670 2094 981 267 2094 7 2094 1957 2094 2094 6 2094 0 711 0
733 2094 2144 0 258 29 1420 52 369 0 1585 2144 2144 2144 0 486 2144 0 1426 1760 2144 941 2144 0 1577 0 2144 2144 273 2144 1816 0 2144 0 2144 2144 1391 58 2144 2062 0 0 492 2144 1720 2144 975 267 2144 16 2144 2007 2144 2144 0 2144 0 761 0
197 0 0 2144 0 25 0 0 0 0 0 0 0 0 0 20 0 0 0 0 0 1 0 0 36 0 0 0 0 0 0 0 0 0 0 0 0 0 0 0 0 694 53 0 25 0 0 0 0 47 0 0 0 0 0 0 0 74 0
48 258 258 0 2144 0 258 19 50 1886 161 258 258 258 1886 85 258 0 0 258 258 155 258 0 258 1886 258 258 1332 258 258 227 258 0 258 258 1006 1828 258 340 1886 0 1281 258 91 258 261 2135 258 729 258 121 258 258 0 258 1886 452 1886
190 29 29 25 0 2144 70 146 70 0 57 29 29 29 0 555 29 7 163 7 29 5 29 22 139 0 29 29 100 29 15 7 29 156 29 29 0 29 29 29 0 466 1 29 46 29 29 0 29 96 29 29 29 29 7 29 0 50 0
600 1370 1420 0 258 70 2144 454 819 0 930 1420 1420 1420 0 368 1420 52 1249 1100 1420 652 1420 56 900 0 1420 1420 46 1420 1145 34 1420 469 1420 1420 714 58 1420 1385 0 17 387 1420 1298 1420 1080 267 1420 44 1420 1283 1420 1420 52 1420 0 615 0
500 73 52 0 19 146 454 2144 1232 19 345 52 52 52 19 184 52 10 743 38 52 38 52 648 8 19 52 52 149 52 51 29 52 1596 52 52 19 19 52 38 19 2 141 52 149 52 462 19 52 1 52 53 52 52 10 52 19 337 19
341 390 369 0 50 70 819 1232 2144 50 369 369 369 369 50 172 369 0 634 40 369 55 369 649 25 50 369 369 97 369 101 50 369 1171 369 369 50 108 369 392 50 0 113 369 420 369 714 50 369 4 369 369 369 369 0 369 50 399 50
0 0 0 0 1886 0 0 19 50 2144 154 0 0 0 2144 0 0 0 0 0 0 0 0 0 0 2144 0 0 1332 0 0 227 0 0 0 0 748 2086 0 82 2144 0 1097 0 0 0 519 1877 0 987 0 0 0 0 0 0 2144 452 2144
729 1585 1585 0 161 57 930 345 369 154 2144 1585 1585 1585 154 406 1585 0 1565 1201 1585 582 1585 0 1018 154 1585 1585 453 1585 1257 0 1585 293 1585 1585 832 212 1585 1503 154 0 114 1585 1323 1585 975 161 1585 113 1585 1578 1585 1585 0 1585 154 923 154
733 2094 2144 0 258 29 1420 52 369 0 1585 2144 2144 2144 0 486 2144 0 1426 1760 2144 941 2144 0 1577 0 2144 2144 273 2144 1816 0 2144 0 2144 2144 1391 58 2144 2062 0 0 492 2144 1720 2144 975 267 2144 16 2144 2007 2144 2144 0 2144 0 761 0
733 2094 2144 0 258 29 1420 52 369 0 1585 2144 2144 2144 0 486 2144 0 1426 1760 2144 941 2144 0 1577 0 2144 2144 273 2144 1816 0 2144 0 2144 2144 1391 58 2144 2062 0 0 492 2144 1720 2144 975 267 2144 16 2144 2007 2144 2144 0 2144 0 761 0
733 2094 2144 0 258 29 1420 52 369 0 1585 2144 2144 2144 0 486 2144 0 1426 1760 2144 941 2144 0 1577 0 2144 2144 273 2144 1816 0 2144 0 2144 2144 1391 58 2144 2062 0 0 492 2144 1720 2144 975 267 2144 16 2144 2007 2144 2144 0 2144 0 761 0
0 0 0 0 1886 0 0 19 50 2144 154 0 0 0 2144 0 0 0 0 0 0 0 0 0 0 2144 0 0 1332 0 0 227 0 0 0 0 748 2086 0 82 2144 0 1097 0 0 0 519 1877 0 987 0 0 0 0 0 0 2144 452 2144
703 502 486 20 85 555 368 184 172 0 406 486 486 486 0 2144 486 32 413 486 486 307 486 59 498 0 486 486 8 486 486 32 486 184 486 486 468 0 486 486 0 384 124 486 512 486 410 85 486 6 486 509 486 486 32 486 0 272 0
733 2094 2144 0 258 29 1420 52 369 0 1585 2144 2144 2144 0 486 2144 0 1426 1760 2144 941 2144 0 1577 0 2144 2144 273 2144 1816 0 2144 0 2144 2144 1391 58 2144 2062 0 0 492 2144 1720 2144 975 267 2144 16 2144 2007 2144 2144 0 2144 0 761 0
9 6 0 0 0 7 52 10 0 0 0 0 0 0 0 32 0 2144 4 3 0 246 0 0 7 0 0 0 1 0 5 1917 0 0 0 0 5 0 0 0 0 23 11 0 114 0 38 0 0 35 0 129 0 0 2144 0 0 9 0
764 1376 1426 0 0 163 1249 743 634 0 1565 1426 1426 1426 0 413 1426 4 2144 1042 1426 483 1426 1 859 0 1426 1426 224 1426 1098 4 1426 709 1426 1426 673 58 1426 1344 0 2 384 1426 1341 1426 1055 0 1426 16 1426 1427 1426 1426 4 1426 0 1011 0
733 1710 1760 0 258 7 1100 38 40 0 1201 1760 1760 1760 0 486 1760 3 1042 2144 1760 935 1760 362 1583 0 1760 1760 273 1760 1760 3 1760 362 1760 1760 1391 0 1760 1760 0 44 492 1760 1336 1760 641 267 1760 91 1760 1623 1760 1760 3 1760 0 377 0
733 2094 2144 0 258 29 1420 52 369 0 1585 2144 2144 2144 0 486 2144 0 1426 1760 2144 941 2144 0 1577 0 2144 2144 273 2144 1816 0 2144 0 2144 2144 1391 58 2144 2062 0 0 492 2144 1720 2144 975 267 2144 16 2144 2007 2144 2144 0 2144 0 761 0
398 923 941 1 155 5 652 38 55 0 582 941 941 941 0 307 941 246 483 935 941 2144 941 212 775 0 941 941 149 941 954 236 941 27 941 941 724 8 941 932 0 23 267 941 814 941 323 164 941 62 941 925 941 941 246 941 0 222 0
733 2094 2144 0 258 29 1420 52 369 0 1585 2144 2144 2144 0 486 2144 0 1426 1760 2144 941 2144 0 1577 0 2144 2144 273 2144 1816 0 2144 0 2144 2144 1391 58 2144 2062 0 0 492 2144 1720 2144 975 267 2144 16 2144 2007 2144 2144 0 2144 0 761 0
320 21 0 0 0 22 56 648 649 0 0 0 0 0 0 59 0 0 1 362 0 212 0 2144 31 0 0 0 371 0 0 0 0 1178 0 0 0 0 0 0 0 44 79 0 66 0 40 0 0 78 0 3 0 0 0 0 0 127 0
576 1527 1577 36 258 139 900 8 25 0 1018 1577 1577 1577 0 498 1577 7 859 1583 1577 775 1577 31 2144 0 1577 1577 273 1577 1567 1 1577 31 1577 1577 1391 0 1577 1577 0 147 492 1577 1153 1577 458 267 1577 18 1577 1440 1577 1577 7 1577 0 334 0
0 0 0 0 1886 0 0 19 50 2144 154 0 0 0 2144 0 0 0 0 0 0 0 0 0 0 2144 0 0 1332 0 0 227 0 0 0 0 748 2086 0 82 2144 0 1097 0 0 0 519 1877 0 987 0 0 0 0 0 0 2144 452 2144
733 2094 2144 0 258 29 1420 52 369 0 1585 2144 2144 2144 0 486 2144 0 1426 1760 2144 941 2144 0 1577 0 2144 2144 273 2144 1816 0 2144 0 2144 2144 1391 58 2144 2062 0 0 492 2144 1720 2144 975 267 2144 16 2144 2007 2144 2144 0 2144 0 761 0
733 2094 2144 0 258 29 1420 52 369 0 1585 2144 2144 2144 0 486 2144 0 1426 1760 2144 941 2144 0 1577 0 2144 2144 273 2144 1816 0 2144 0 2144 2144 1391 58 2144 2062 0 0 492 2144 1720 2144 975 267 2144 16 2144 2007 2144 2144 0 2144 0 761 0
239 273 273 0 1332 100 46 149 97 1332 453 273 273 273 1332 8 273 1 224 273 273 149 273 371 273 1332 273 273 2144 273 273 228 273 130 273 273 1021 1274 273 355 1332 0 1146 273 68 273 18 1332 273 175 273 276 273 273 1 273 1332 483 1332
733 2094 2144 0 258 29 1420 52 369 0 1585 2144 2144 2144 0 486 2144 0 1426 1760 2144 941 2144 0 1577 0 2144 2144 273 2144 1816 0 2144 0 2144 2144 1391 58 2144 2062 0 0 492 2144 1720 2144 975 267 2144 16 2144 2007 2144 2144 0 2144 0 761 0
733 1766 1816 0 258 15 1145 51 101 0 1257 1816 1816 1816 0 486 1816 5 1098 1760 1816 954 1816 0 1567 0 1816 1816 273 1816 2144 5 1816 0 1816 1816 1391 35 1816 1816 0 4 492 1816 1392 1816 714 267 1816 67 1816 1679 1816 1816 5 1816 0 433 0
9 6 0 0 227 7 34 29 50 227 0 0 0 0 227 32 0 1917 4 3 0 236 0 0 1 227 0 0 228 0 5 2144 0 0 0 0 232 227 0 82 227 0 238 0 114 0 36 227 0 16 0 129 0 0 1917 0 227 9 227
733 2094 2144 0 258 29 1420 52 369 0 1585 2144 2144 2144 0 486 2144 0 1426 1760 2144 941 2144 0 1577 0 2144 2144 273 2144 1816 0 2144 0 2144 2144 1391 58 2144 2062 0 0 492 2144 1720 2144 975 267 2144 16 2144 2007 2144 2144 0 2144 0 761 0
496 21 0 0 0 156 469 1596 1171 0 293 0 0 0 0 184 0 0 709 362 0 27 0 1178 31 0 0 0 130 0 0 0 0 2144 0 0 0 0 0 0 0 46 122 0 97 0 395 0 0 78 0 1 0 0 0 0 0 280 0
733 2094 2144 0 258 29 1420 52 369 0 1585 2144 2144 2144 0 486 2144 0 1426 1760 2144 941 2144 0 1577 0 2144 2144 273 2144 1816 0 2144 0 2144 2144 1391 58 2144 2062 0 0 492 2144 1720 2144 975 267 2144 16 2144 2007 2144 2144 0 2144 0 761 0
733 2094 2144 0 258 29 1420 52 369 0 1585 2144 2144 2144 0 486 2144 0 1426 1760 2144 941 2144 0 1577 0 2144 2144 273 2144 1816 0 2144 0 2144 2144 1391 58 2144 2062 0 0 492 2144 1720 2144 975 267 2144 16 2144 2007 2144 2144 0 2144 0 761 0
399 1341 1391 0 1006 0 714 19 50 748 832 1391 1391 1391 748 468 1391 5 673 1391 1391 724 1391 0 1391 748 1391 1391 1021 1391 1391 232 1391 0 1391 1391 2144 690 1391 1473 748 0 1240 1391 967 1391 272 1015 1391 13 1391 1254 1391 1391 5 1391 748 621 748
0 58 58 0 1828 29 58 19 108 2086 212 58 58 58 2086 0 58 0 58 0 58 8 58 0 0 2086 58 58 1274 58 35 227 58 0 58 58 690 2144 58 140 2086 0 1039 58 58 58 577 1819 58 987 58 58 58 58 0 58 2086 510 2086
733 2094 2144 0 258 29 1420 52 369 0 1585 2144 2144 2144 0 486 2144 0 1426 1760 2144 941 2144 0 1577 0 2144 2144 273 2144 1816 0 2144 0 2144 2144 1391 58 2144 2062 0 0 492 2144 1720 2144 975 267 2144 16 2144 2007 2144 2144 0 2144 0 761 0
733 2012 2062 0 340 29 1385 38 392 82 1503 2062 2062 2062 82 486 2062 0 1344 1760 2062 932 2062 0 1577 82 2062 2062 355 2062 1816 82 2062 0 2062 2062 1473 140 2062 2144 82 0 574 2062 1638 2062 893 349 2062 16 2062 1925 2062 2062 0 2062 82 679 82
0 0 0 0 1886 0 0 19 50 2144 154 0 0 0 2144 0 0 0 0 0 0 0 0 0 0 2144 0 0 1332 0 0 227 0 0 0 0 748 2086 0 82 2144 0 1097 0 0 0 519 1877 0 987 0 0 0 0 0 0 2144 452 2144
337 0 0 694 0 466 17 2 0 0 0 0 0 0 0 384 0 23 2 44 0 23 0 44 147 0 0 0 0 0 4 0 0 46 0 0 0 0 0 0 0 2144 55 0 27 0 0 0 0 17 0 1 0 0 23 0 0 96 0
162 442 492 53 1281 1 387 141 113 1097 114 492 492 492 1097 124 492 11 384 492 492 267 492 79 492 1097 492 492 1146 492 492 238 492 122 492 492 1240 1039 492 574 1097 55 2144 492 385 492 32 1290 492 13 492 437 492 492 11 492 1097 607 1097
733 2094 2144 0 258 29 1420 52 369 0 1585 2144 2144 2144 0 486 2144 0 1426 1760 2144 941 2144 0 1577 0 2144 2144 273 2144 1816 0 2144 0 2144 2144 1391 58 2144 2062 0 0 492 2144 1720 2144 975 267 2144 16 2144 2007 2144 2144 0 2144 0 761 0
605 1670 1720 25 91 46 1298 149 420 0 1323 1720 1720 1720 0 512 1720 114 1341 1336 1720 814 1720 66 1153 0 1720 1720 68 1720 1392 114 1720 97 1720 1720 967 58 1720 1638 0 27 385 1720 2144 1720 1020 100 1720 16 1720 1794 1720 1720 114 1720 0 760 0
733 2094 2144 0 258 29 1420 52 369 0 1585 2144 2144 2144 0 486 2144 0 1426 1760 2144 941 2144 0 1577 0 2144 2144 273 2144 1816 0 2144 0 2144 2144 1391 58 2144 2062 0 0 492 2144 1720 2144 975 267 2144 16 2144 2007 2144 2144 0 2144 0 761 0
513 981 975 0 261 29 1080 462 714 519 975 975 975 975 519 410 975 38 1055 641 975 323 975 40 458 519 975 975 18 975 714 36 975 395 975 975 272 577 975 893 519 0 32 975 1020 975 2144 252 975 526 975 975 975 975 38 975 519 515 519
57 267 267 0 2135 0 267 19 50 1877 161 267 267 267 1877 85 267 0 0 267 267 164 267 0 267 1877 267 267 1332 267 267 227 267 0 267 267 1015 1819 267 349 1877 0 1290 267 100 267 252 2144 267 720 267 130 267 267 0 267 1877 452 1877
733 2094 2144 0 258 29 1420 52 369 0 1585 2144 2144 2144 0 486 2144 0 1426 1760 2144 941 2144 0 1577 0 2144 2144 273 2144 1816 0 2144 0 2144 2144 1391 58 2144 2062 0 0 492 2144 1720 2144 975 267 2144 16 2144 2007 2144 2144 0 2144 0 761 0
16 7 16 47 729 96 44 1 4 987 113 16 16 16 987 6 16 35 16 91 16 62 16 78 18 987 16 16 175 16 67 16 16 78 16 16 13 987 16 16 987 17 13 16 16 16 526 720 16 2144 16 16 16 16 35 16 987 16 987
733 2094 2144 0 258 29 1420 52 369 0 1585 2144 2144 2144 0 486 2144 0 1426 1760 2144 941 2144 0 1577 0 2144 2144 273 2144 1816 0 2144 0 2144 2144 1391 58 2144 2062 0 0 492 2144 1720 2144 975 267 2144 16 2144 2007 2144 2144 0 2144 0 761 0
736 1957 2007 0 121 29 1283 53 369 0 1578 2007 2007 2007 0 509 2007 129 1427 1623 2007 925 2007 3 1440 0 2007 2007 276 2007 1679 129 2007 1 2007 2007 1254 58 2007 1925 0 1 437 2007 1794 2007 975 130 2007 16 2007 2144 2007 2007 129 2007 0 761 0
733 2094 2144 0 258 29 1420 52 369 0 1585 2144 2144 2144 0 486 2144 0 1426 1760 2144 941 2144 0 1577 0 2144 2144 273 2144 1816 0 2144 0 2144 2144 1391 58 2144 2062 0 0 492 2144 1720 2144 975 267 2144 16 2144 2007 2144 2144 0 2144 0 761 0
733 2094 2144 0 258 29 1420 52 369 0 1585 2144 2144 2144 0 486 2144 0 1426 1760 2144 941 2144 0 1577 0 2144 2144 273 2144 1816 0 2144 0 2144 2144 1391 58 2144 2062 0 0 492 2144 1720 2144 975 267 2144 16 2144 2007 2144 2144 0 2144 0 761 0
9 6 0 0 0 7 52 10 0 0 0 0 0 0 0 32 0 2144 4 3 0 246 0 0 7 0 0 0 1 0 5 1917 0 0 0 0 5 0 0 0 0 23 11 0 114 0 38 0 0 35 0 129 0 0 2144 0 0 9 0
733 2094 2144 0 258 29 1420 52 369 0 1585 2144 2144 2144 0 486 2144 0 1426 1760 2144 941 2144 0 1577 0 2144 2144 273 2144 1816 0 2144 0 2144 2144 1391 58 2144 2062 0 0 492 2144 1720 2144 975 267 2144 16 2144 2007 2144 2144 0 2144 0 761 0
0 0 0 0 1886 0 0 19 50 2144 154 0 0 0 2144 0 0 0 0 0 0 0 0 0 0 2144 0 0 1332 0 0 227 0 0 0 0 748 2086 0 82 2144 0 1097 0 0 0 519 1877 0 987 0 0 0 0 0 0 2144 452 2144
171 711 761 74 452 50 615 337 399 452 923 761 761 761 452 272 761 9 1011 377 761 222 761 127 334 452 761 761 483 761 433 9 761 280 761 761 621 510 761 679 452 96 607 761 760 761 515 452 761 16 761 761 761 761 9 761 452 2144 452
0 0 0 0 1886 0 0 19 50 2144 154 0 0 0 2144 0 0 0 0 0 0 0 0 0 0 2144 0 0 1332 0 0 227 0 0 0 0 748 2086 0 82 2144 0 1097 0 0 0 519 1877 0 987 0 0 0 0 0 0 2144 452 2144
