3395 1855 1738 18 1855 18 943 1855 0 1997 910 336 18 18 10 673 439 0 1855 884 1855 1697 1722 101 1855 18 18 235 1415 35 18 18 1855 1855 18 18 48 1855 1638 1855 1855 1855 1151 18 356 415 1855 2418 18 1607 18 872 831 18 1855 910 1855 1855 18
1855 3395 3278 0 3395 0 33 3326 0 1227 0 318 0 0 0 541 402 0 3395 1125 3395 702 3262 132 3395 0 0 198 2955 0 0 0 3395 3395 22 0 12 3395 1800 3395 3395 3395 384 0 0 25 3395 1867 0 3147 0 0 1357 0 3395 0 3395 3395 0
1738 3278 3395 7 3278 6 67 3209 0 1233 21 201 6 6 6 477 402 0 3278 1132 3278 674 3233 134 3278 6 6 81 2961 2 6 6 3278 3278 28 6 18 3278 1683 3278 3278 3278 372 6 6 31 3278 1750 6 3147 6 7 1357 6 3278 7 3278 3278 6
18 0 7 3395 0 1833 672 0 13 15 881 1833 1833 1833 1769 227 0 36 0 1005 0 14 0 0 0 1833 1833 0 0 0 1833 1833 0 0 1690 1833 0 0 0 0 0 0 35 1833 101 559 0 24 1833 0 1833 1528 0 1833 0 1528 0 0 1833
1855 3395 3278 0 3395 0 33 3326 0 1227 0 318 0 0 0 541 402 0 3395 1125 3395 702 3262 132 3395 0 0 198 2955 0 0 0 3395 3395 22 0 12 3395 1800 3395 3395 3395 384 0 0 25 3395 1867 0 3147 0 0 1357 0 3395 0 3395 3395 0
18 0 6 1833 0 3395 9 0 0 297 4 2962 3395 3395 3331 158 0 44 0 102 0 14 0 0 0 3395 3395 1 398 0 3395 3395 0 0 3252 3395 672 0 0 0 0 0 35 3395 1501 1706 0 24 3395 44 3395 0 0 3395 0 0 0 0 3395
943 33 67 672 33 9 3395 33 390 1732 2582 60 9 9 9 422 3 197 33 168 33 1372 33 17 33 9 9 18 9 17 9 9 33 33 9 9 9 33 33 33 33 33 706 9 868 1301 33 1368 9 33 9 2501 180 9 33 2539 33 33 9
1855 3326 3209 0 3326 0 33 3395 0 1227 0 318 0 0 0 541 402 0 3326 1125 3326 702 3193 146 3326 0 0 198 2886 14 0 0 3326 3326 1 0 32 3326 1811 3326 3326 3326 384 0 0 25 3326 1867 0 3078 0 0 1381 0 3326 0 3326 3326 0
0 0 0 13 0 0 390 0 3395 0 6 56 0 0 0 2 20 2002 0 24 0 24 0 0 0 0 0 1 0 0 0 0 0 0 0 0 0 0 0 0 0 0 10 0 18 32 0 42 0 0 0 0 0 0 0 0 0 0 0
1997 1227 1233 15 1227 297 1732 1227 0 3395 1694 21 297 297 297 599 402 0 1227 410 1227 1859 1227 16 1227 297 297 1 1381 0 297 297 1227 1227 297 297 309 1227 1227 1227 1227 1227 1027 297 1156 1391 1227 2562 297 1271 297 1656 377 297 1227 1694 1227 1227 297
910 0 21 881 0 4 2582 0 6 1694 3395 15 4 4 4 373 0 5 0 377 0 1351 0 0 0 4 4 332 0 0 4 4 0 0 4 4 4 0 0 0 0 0 687 4 863 1296 0 1335 4 0 4 2710 0 4 0 2748 0 0 4
336 318 201 1833 318 2962 60 318 56 21 15 3395 2962 2962 2898 206 0 44 318 102 318 151 185 0 318 2962 2962 209 37 0 2962 2962 318 318 2819 2962 239 318 318 318 318 318 47 2962 1068 1273 318 342 2962 70 2962 0 0 2962 318 0 318 318 2962
18 0 6 1833 0 3395 9 0 0 297 4 2962 3395 3395 3331 158 0 44 0 102 0 14 0 0 0 3395 3395 1 398 0 3395 3395 0 0 3252 3395 672 0 0 0 0 0 35 3395 1501 1706 0 24 3395 44 3395 0 0 3395 0 0 0 0 3395
18 0 6 1833 0 3395 9 0 0 297 4 2962 3395 3395 3331 158 0 44 0 102 0 14 0 0 0 3395 3395 1 398 0 3395 3395 0 0 3252 3395 672 0 0 0 0 0 35 3395 1501 1706 0 24 3395 44 3395 0 0 3395 0 0 0 0 3395
10 0 6 1769 0 3331 9 0 0 297 4 2898 3331 3331 3395 158 0 44 0 123 0 14 0 0 0 3331 3331 1 398 0 3331 3331 0 0 3188 3331 672 0 0 0 0 0 35 3331 1501 1706 0 24 3331 44 3331 0 0 3331 0 0 0 0 3331
673 541 477 227 541 158 422 541 2 599 373 206 158 158 158 3395 1642 126 541 184 541 611 493 73 541 158 158 1708 413 48 158 158 541 541 158 158 101 541 272 541 541 541 476 158 130 260 541 571 158 480 158 549 92 158 541 549 541 541 158
439 402 402 0 402 0 3 402 20 402 0 0 0 0 0 1642 3395 0 402 210 402 309 405 16 402 0 0 2413 402 0 0 0 402 402 0 0 12 402 402 402 402 402 279 0 121 125 402 427 0 402 0 38 15 0 402 0 402 402 0
0 0 0 36 0 44 197 0 2002 0 5 44 44 44 44 126 0 3395 0 43 0 31 9 0 0 44 44 18 2 0 44 44 0 0 44 44 5 0 0 0 0 0 55 44 62 76 0 42 44 3 44 23 159 44 0 23 0 0 44
1855 3395 3278 0 3395 0 33 3326 0 1227 0 318 0 0 0 541 402 0 3395 1125 3395 702 3262 132 3395 0 0 198 2955 0 0 0 3395 3395 22 0 12 3395 1800 3395 3395 3395 384 0 0 25 3395 1867 0 3147 0 0 1357 0 3395 0 3395 3395 0
884 1125 1132 1005 1125 102 168 1125 24 410 377 102 102 102 123 184 210 43 1125 3395 1125 279 1125 131 1125 102 102 218 1125 32 102 102 1125 1125 102 102 6 1125 569 1125 1125 1125 124 102 6 78 1125 753 102 1125 102 1024 1003 102 1125 1024 1125 1125 102
1855 3395 3278 0 3395 0 33 3326 0 1227 0 318 0 0 0 541 402 0 3395 1125 3395 702 3262 132 3395 0 0 198 2955 0 0 0 3395 3395 22 0 12 3395 1800 3395 3395 3395 384 0 0 25 3395 1867 0 3147 0 0 1357 0 3395 0 3395 3395 0
1697 702 674 14 702 14 1372 702 24 1859 1351 151 14 14 14 611 309 31 702 279 702 3395 649 42 702 14 14 157 462 53 14 14 702 702 14 14 116 702 679 702 702 702 1038 14 825 726 702 1997 14 624 14 1313 435 14 702 1351 702 702 14
1722 3262 3233 0 3262 0 33 3193 0 1227 0 185 0 0 0 493 405 9 3262 1125 3262 649 3395 140 3262 0 0 100 2955 8 0 0 3262 3262 22 0 12 3262 1667 3262 3262 3262 404 0 0 25 3262 1734 0 3168 0 0 1359 0 3262 0 3262 3262 0
101 132 134 0 132 0 17 146 0 16 0 0 0 0 0 73 16 0 132 131 132 42 140 3395 132 0 0 14 134 2831 0 0 132 132 36 0 39 132 112 132 132 132 260 0 0 24 132 104 0 139 0 0 537 0 132 0 132 132 0
1855 3395 3278 0 3395 0 33 3326 0 1227 0 318 0 0 0 541 402 0 3395 1125 3395 702 3262 132 3395 0 0 198 2955 0 0 0 3395 3395 22 0 12 3395 1800 3395 3395 3395 384 0 0 25 3395 1867 0 3147 0 0 1357 0 3395 0 3395 3395 0
18 0 6 1833 0 3395 9 0 0 297 4 2962 3395 3395 3331 158 0 44 0 102 0 14 0 0 0 3395 3395 1 398 0 3395 3395 0 0 3252 3395 672 0 0 0 0 0 35 3395 1501 1706 0 24 3395 44 3395 0 0 3395 0 0 0 0 3395
18 0 6 1833 0 3395 9 0 0 297 4 2962 3395 3395 3331 158 0 44 0 102 0 14 0 0 0 3395 3395 1 398 0 3395 3395 0 0 3252 3395 672 0 0 0 0 0 35 3395 1501 1706 0 24 3395 44 3395 0 0 3395 0 0 0 0 3395
235 198 81 0 198 1 18 198 1 1 332 209 1 1 1 1708 2413 18 198 218 198 157 100 14 198 1 1 3395 1 14 1 1 198 198 1 1 1 198 198 198 198 198 74 1 122 126 198 223 1 25 1 38 13 1 198 0 198 198 1
1415 2955 2961 0 2955 398 9 2886 0 1381 0 37 398 398 398 413 402 2 2955 1125 2955 462 2955 134 2955 398 398 1 3395 2 398 398 2955 2955 420 398 410 2955 1360 2955 2955 2955 311 398 398 423 2955 1427 398 2999 398 0 1263 398 2955 0 2955 2955 398
35 0 2 0 0 0 17 14 0 0 0 0 0 0 0 48 0 0 0 32 0 53 8 2831 0 0 0 14 2 3395 0 0 0 0 29 0 59 0 0 0 0 0 230 0 0 21 0 0 0 7 0 0 450 0 0 0 0 0 0
18 0 6 1833 0 3395 9 0 0 297 4 2962 3395 3395 3331 158 0 44 0 102 0 14 0 0 0 3395 3395 1 398 0 3395 3395 0 0 3252 3395 672 0 0 0 0 0 35 3395 1501 1706 0 24 3395 44 3395 0 0 3395 0 0 0 0 3395
18 0 6 1833 0 3395 9 0 0 297 4 2962 3395 3395 3331 158 0 44 0 102 0 14 0 0 0 3395 3395 1 398 0 3395 3395 0 0 3252 3395 672 0 0 0 0 0 35 3395 1501 1706 0 24 3395 44 3395 0 0 3395 0 0 0 0 3395
1855 3395 3278 0 3395 0 33 3326 0 1227 0 318 0 0 0 541 402 0 3395 1125 3395 702 3262 132 3395 0 0 198 2955 0 0 0 3395 3395 22 0 12 3395 1800 3395 3395 3395 384 0 0 25 3395 1867 0 3147 0 0 1357 0 3395 0 3395 3395 0
1855 3395 3278 0 3395 0 33 3326 0 1227 0 318 0 0 0 541 402 0 3395 1125 3395 702 3262 132 3395 0 0 198 2955 0 0 0 3395 3395 22 0 12 3395 1800 3395 3395 3395 384 0 0 25 3395 1867 0 3147 0 0 1357 0 3395 0 3395 3395 0
18 22 28 1690 22 3252 9 1 0 297 4 2819 3252 3252 3188 158 0 44 22 102 22 14 22 36 22 3252 3252 1 420 29 3252 3252 22 22 3395 3252 672 22 1 22 22 22 35 3252 1501 1563 22 0 3252 66 3252 0 0 3252 22 0 22 22 3252
18 0 6 1833 0 3395 9 0 0 297 4 2962 3395 3395 3331 158 0 44 0 102 0 14 0 0 0 3395 3395 1 398 0 3395 3395 0 0 3252 3395 672 0 0 0 0 0 35 3395 1501 1706 0 24 3395 44 3395 0 0 3395 0 0 0 0 3395
48 12 18 0 12 672 9 32 0 309 4 239 672 672 672 101 12 5 12 6 12 116 12 39 12 672 672 1 410 59 672 672 12 12 672 672 3395 12 110 12 12 12 30 672 672 672 12 12 672 56 672 0 307 672 12 0 12 12 672
1855 3395 3278 0 3395 0 33 3326 0 1227 0 318 0 0 0 541 402 0 3395 1125 3395 702 3262 132 3395 0 0 198 2955 0 0 0 3395 3395 22 0 12 3395 1800 3395 3395 3395 384 0 0 25 3395 1867 0 3147 0 0 1357 0 3395 0 3395 3395 0
1638 1800 1683 0 1800 0 33 1811 0 1227 0 318 0 0 0 272 402 0 1800 569 1800 679 1667 112 1800 0 0 198 1360 0 0 0 1800 1800 1 0 110 1800 3395 1800 1800 1800 769 0 0 25 1800 1800 0 1552 0 0 686 0 1800 0 1800 1800 0
1855 3395 3278 0 3395 0 33 3326 0 1227 0 318 0 0 0 541 402 0 3395 1125 3395 702 3262 132 3395 0 0 198 2955 0 0 0 3395 3395 22 0 12 3395 1800 3395 3395 3395 384 0 0 25 3395 1867 0 3147 0 0 1357 0 3395 0 3395 3395 0
1855 3395 3278 0 3395 0 33 3326 0 1227 0 318 0 0 0 541 402 0 3395 1125 3395 702 3262 132 3395 0 0 198 2955 0 0 0 3395 3395 22 0 12 3395 1800 3395 3395 3395 384 0 0 25 3395 1867 0 3147 0 0 1357 0 3395 0 3395 3395 0
1855 3395 3278 0 3395 0 33 3326 0 1227 0 318 0 0 0 541 402 0 3395 1125 3395 702 3262 132 3395 0 0 198 2955 0 0 0 3395 3395 22 0 12 3395 1800 3395 3395 3395 384 0 0 25 3395 1867 0 3147 0 0 1357 0 3395 0 3395 3395 0
1151 384 372 35 384 35 706 384 10 1027 687 47 35 35 35 476 279 55 384 124 384 1038 404 260 384 35 35 74 311 230 35 35 384 384 35 35 30 384 769 384 384 384 3395 35 133 167 384 949 35 388 35 687 169 35 384 687 384 384 35
18 0 6 1833 0 3395 9 0 0 297 4 2962 3395 3395 3331 158 0 44 0 102 0 14 0 0 0 3395 3395 1 398 0 3395 3395 0 0 3252 3395 672 0 0 0 0 0 35 3395 1501 1706 0 24 3395 44 3395 0 0 3395 0 0 0 0 3395
356 0 6 101 0 1501 868 0 18 1156 863 1068 1501 1501 1501 130 121 62 0 6 0 825 0 0 0 1501 1501 122 398 0 1501 1501 0 0 1501 1501 672 0 0 0 0 0 133 1501 3395 1950 0 901 1501 44 1501 821 0 1501 0 859 0 0 1501
415 25 31 559 25 1706 1301 25 32 1391 1296 1273 1706 1706 1706 260 125 76 25 78 25 726 25 24 25 1706 1706 126 423 21 1706 1706 25 25 1563 1706 672 25 25 25 25 25 167 1706 1950 3395 25 849 1706 69 1706 1254 35 1706 25 1292 25 25 1706
1855 3395 3278 0 3395 0 33 3326 0 1227 0 318 0 0 0 541 402 0 3395 1125 3395 702 3262 132 3395 0 0 198 2955 0 0 0 3395 3395 22 0 12 3395 1800 3395 3395 3395 384 0 0 25 3395 1867 0 3147 0 0 1357 0 3395 0 3395 3395 0
2418 1867 1750 24 1867 24 1368 1867 42 2562 1335 342 24 24 24 571 427 42 1867 753 1867 1997 1734 104 1867 24 24 223 1427 0 24 24 1867 1867 0 24 12 1867 1800 1867 1867 1867 949 24 901 849 1867 3395 24 1619 24 1297 720 24 1867 1335 1867 1867 24
18 0 6 1833 0 3395 9 0 0 297 4 2962 3395 3395 3331 158 0 44 0 102 0 14 0 0 0 3395 3395 1 398 0 3395 3395 0 0 3252 3395 672 0 0 0 0 0 35 3395 1501 1706 0 24 3395 44 3395 0 0 3395 0 0 0 0 3395
1607 3147 3147 0 3147 44 33 3078 0 1271 0 70 44 44 44 480 402 3 3147 1125 3147 624 3168 139 3147 44 44 25 2999 7 44 44 3147 3147 66 44 56 3147 1552 3147 3147 3147 388 44 44 69 3147 1619 44 3395 44 0 1362 44 3147 0 3147 3147 44
18 0 6 1833 0 3395 9 0 0 297 4 2962 3395 3395 3331 158 0 44 0 102 0 14 0 0 0 3395 3395 1 398 0 3395 3395 0 0 3252 3395 672 0 0 0 0 0 35 3395 1501 1706 0 24 3395 44 3395 0 0 3395 0 0 0 0 3395
872 0 7 1528 0 0 2501 0 0 1656 2710 0 0 0 0 549 38 23 0 1024 0 1313 0 0 0 0 0 38 0 0 0 0 0 0 0 0 0 0 0 0 0 0 687 0 821 1254 0 1297 0 0 0 3395 0 0 0 3357 0 0 0
831 1357 1357 0 1357 0 180 1381 0 377 0 0 0 0 0 92 15 159 1357 1003 1357 435 1359 537 1357 0 0 13 1263 450 0 0 1357 1357 0 0 307 1357 686 1357 1357 1357 169 0 0 35 1357 720 0 1362 0 0 3395 0 1357 0 1357 1357 0
18 0 6 1833 0 3395 9 0 0 297 4 2962 3395 3395 3331 158 0 44 0 102 0 14 0 0 0 3395 3395 1 398 0 3395 3395 0 0 3252 3395 672 0 0 0 0 0 35 3395 1501 1706 0 24 3395 44 3395 0 0 3395 0 0 0 0 3395
1855 3395 3278 0 3395 0 33 3326 0 1227 0 318 0 0 0 541 402 0 3395 1125 3395 702 3262 132 3395 0 0 198 2955 0 0 0 3395 3395 22 0 12 3395 1800 3395 3395 3395 384 0 0 25 3395 1867 0 3147 0 0 1357 0 3395 0 3395 3395 0
910 0 7 1528 0 0 2539 0 0 1694 2748 0 0 0 0 549 0 23 0 1024 0 1351 0 0 0 0 0 0 0 0 0 0 0 0 0 0 0 0 0 0 0 0 687 0 859 1292 0 1335 0 0 0 3357 0 0 0 3395 0 0 0
1855 3395 3278 0 3395 0 33 3326 0 1227 0 318 0 0 0 541 402 0 3395 1125 3395 702 3262 132 3395 0 0 198 2955 0 0 0 3395 3395 22 0 12 3395 1800 3395 3395 3395 384 0 0 25 3395 1867 0 3147 0 0 1357 0 3395 0 3395 3395 0
1855 3395 3278 0 3395 0 33 3326 0 1227 0 318 0 0 0 541 402 0 3395 1125 3395 702 3262 132 3395 0 0 198 2955 0 0 0 3395 3395 22 0 12 3395 1800 3395 3395 3395 384 0 0 25 3395 1867 0 3147 0 0 1357 0 3395 0 3395 3395 0
18 0 6 1833 0 3395 9 0 0 297 4 2962 3395 3395 3331 158 0 44 0 102 0 14 0 0 0 3395 3395 1 398 0 3395 3395 0 0 3252 3395 672 0 0 0 0 0 35 3395 1501 1706 0 24 3395 44 3395 0 0 3395 0 0 0 0 3395
