1210 547 555 1210 0 1210 450 0 0 0 0 0 0 0 379 1210 961 0 0 0 64 1210 0 351 684 32 0 0 918 874 0 1210 1210 180 35 1210 854 0 654 213 1210 1210 0 989 942 1040 1210 1210 1210 0 0 0 1210 67 0 215 1196 612 0
547 1210 0 547 3 547 152 3 0 372 372 372 372 372 0 547 327 372 276 372 436 547 372 47 919 308 372 372 817 547 372 547 547 181 179 547 737 372 0 16 547 547 372 705 279 707 547 547 547 372 372 3 547 71 372 610 547 903 3
555 0 1210 555 0 555 1029 0 0 655 655 655 655 655 1034 555 555 655 0 655 510 555 655 256 29 0 655 655 358 219 655 555 555 425 12 555 233 655 1111 213 555 555 655 334 823 471 555 555 555 655 655 0 555 157 655 264 541 75 0
1210 547 555 1210 0 1210 450 0 0 0 0 0 0 0 379 1210 961 0 0 0 64 1210 0 351 684 32 0 0 918 874 0 1210 1210 180 35 1210 854 0 654 213 1210 1210 0 989 942 1040 1210 1210 1210 0 0 0 1210 67 0 215 1196 612 0
0 3 0 0 1210 0 3 1210 0 0 0 0 0 0 0 0 7 0 0 0 5 0 0 503 2 24 0 0 2 224 0 0 0 4 58 0 5 0 0 20 0 0 0 5 0 3 0 0 0 0 0 1210 0 309 0 154 14 0 1210
1210 547 555 1210 0 1210 450 0 0 0 0 0 0 0 379 1210 961 0 0 0 64 1210 0 351 684 32 0 0 918 874 0 1210 1210 180 35 1210 854 0 654 213 1210 1210 0 989 942 1040 1210 1210 1210 0 0 0 1210 67 0 215 1196 612 0
450 152 1029 450 3 450 1210 3 0 582 582 582 582 582 961 450 450 582 152 582 437 450 582 155 3 152 582 582 510 114 582 450 450 429 153 450 334 582 1006 213 450 450 582 229 718 590 450 450 450 582 582 3 450 159 582 292 436 19 3
0 3 0 0 1210 0 3 1210 0 0 0 0 0 0 0 0 7 0 0 0 5 0 0 503 2 24 0 0 2 224 0 0 0 4 58 0 5 0 0 20 0 0 0 5 0 3 0 0 0 0 0 1210 0 309 0 154 14 0 1210
0 0 0 0 0 0 0 0 1210 0 0 0 0 0 0 0 0 0 0 0 0 0 0 5 13 0 0 0 0 0 0 0 0 0 0 0 0 0 0 0 0 0 0 0 0 0 0 0 0 0 0 0 0 0 0 0 0 0 0
0 372 655 0 0 0 582 0 0 1210 1210 1210 1210 1210 831 0 0 1210 0 1210 1065 0 1210 0 507 0 1210 1210 0 0 1210 0 0 425 0 0 0 1210 556 0 0 0 1210 158 268 0 0 0 0 1210 1210 0 0 157 1210 580 0 598 0
0 372 655 0 0 0 582 0 0 1210 1210 1210 1210 1210 831 0 0 1210 0 1210 1065 0 1210 0 507 0 1210 1210 0 0 1210 0 0 425 0 0 0 1210 556 0 0 0 1210 158 268 0 0 0 0 1210 1210 0 0 157 1210 580 0 598 0
0 372 655 0 0 0 582 0 0 1210 1210 1210 1210 1210 831 0 0 1210 0 1210 1065 0 1210 0 507 0 1210 1210 0 0 1210 0 0 425 0 0 0 1210 556 0 0 0 1210 158 268 0 0 0 0 1210 1210 0 0 157 1210 580 0 598 0
0 372 655 0 0 0 582 0 0 1210 1210 1210 1210 1210 831 0 0 1210 0 1210 1065 0 1210 0 507 0 1210 1210 0 0 1210 0 0 425 0 0 0 1210 556 0 0 0 1210 158 268 0 0 0 0 1210 1210 0 0 157 1210 580 0 598 0
0 372 655 0 0 0 582 0 0 1210 1210 1210 1210 1210 831 0 0 1210 0 1210 1065 0 1210 0 507 0 1210 1210 0 0 1210 0 0 425 0 0 0 1210 556 0 0 0 1210 158 268 0 0 0 0 1210 1210 0 0 157 1210 580 0 598 0
379 0 1034 379 0 379 961 0 0 831 831 831 831 831 1210 379 379 831 0 831 686 379 831 152 128 0 831 831 358 48 831 379 379 425 0 379 233 831 935 213 379 379 831 158 647 379 379 379 379 831 831 0 379 157 831 264 365 251 0
1210 547 555 1210 0 1210 450 0 0 0 0 0 0 0 379 1210 961 0 0 0 64 1210 0 351 684 32 0 0 918 874 0 1210 1210 180 35 1210 854 0 654 213 1210 1210 0 989 942 1040 1210 1210 1210 0 0 0 1210 67 0 215 1196 612 0
961 327 555 961 7 961 450 7 0 0 0 0 0 0 379 961 1210 0 188 0 64 961 0 312 435 187 0 0 679 625 0 961 961 37 40 961 605 0 642 213 961 961 0 740 693 791 961 961 961 0 0 7 961 80 0 177 947 363 7
0 372 655 0 0 0 582 0 0 1210 1210 1210 1210 1210 831 0 0 1210 0 1210 1065 0 1210 0 507 0 1210 1210 0 0 1210 0 0 425 0 0 0 1210 556 0 0 0 1210 158 268 0 0 0 0 1210 1210 0 0 157 1210 580 0 598 0
0 276 0 0 0 0 152 0 0 0 0 0 0 0 0 0 188 0 1210 0 0 0 0 334 0 1097 0 0 276 0 0 0 0 435 169 0 326 0 0 202 0 0 0 0 0 160 0 0 0 0 0 0 0 357 0 170 0 0 0
0 372 655 0 0 0 582 0 0 1210 1210 1210 1210 1210 831 0 0 1210 0 1210 1065 0 1210 0 507 0 1210 1210 0 0 1210 0 0 425 0 0 0 1210 556 0 0 0 1210 158 268 0 0 0 0 1210 1210 0 0 157 1210 580 0 598 0
64 436 510 64 5 64 437 5 0 1065 1065 1065 1065 1065 686 64 64 1065 0 1065 1210 64 1065 0 571 9 1065 1065 64 64 1065 64 64 280 1 64 64 1065 411 0 64 64 1065 222 123 64 64 64 64 1065 1065 5 64 84 1065 464 64 662 5
1210 547 555 1210 0 1210 450 0 0 0 0 0 0 0 379 1210 961 0 0 0 64 1210 0 351 684 32 0 0 918 874 0 1210 1210 180 35 1210 854 0 654 213 1210 1210 0 989 942 1040 1210 1210 1210 0 0 0 1210 67 0 215 1196 612 0
0 372 655 0 0 0 582 0 0 1210 1210 1210 1210 1210 831 0 0 1210 0 1210 1065 0 1210 0 507 0 1210 1210 0 0 1210 0 0 425 0 0 0 1210 556 0 0 0 1210 158 268 0 0 0 0 1210 1210 0 0 157 1210 580 0 598 0
351 47 256 351 503 351 155 503 5 0 0 0 0 0 152 351 312 0 334 0 0 351 0 1210 124 291 0 0 198 347 0 351 351 20 52 351 215 0 307 201 351 351 0 204 351 217 351 351 351 0 0 503 351 100 0 65 337 60 503
684 919 29 684 2 684 3 2 13 507 507 507 507 507 128 684 435 507 0 507 571 684 507 124 1210 32 507 507 560 684 507 684 684 180 23 684 621 507 128 0 684 684 507 842 416 569 684 684 684 507 507 2 684 69 507 531 684 1087 2
32 308 0 32 24 32 152 24 0 0 0 0 0 0 0 32 187 0 1097 0 9 32 0 291 32 1210 0 0 308 32 0 32 32 435 178 32 358 0 0 171 32 32 0 32 23 192 32 32 32 0 0 24 32 363 0 184 32 32 24
0 372 655 0 0 0 582 0 0 1210 1210 1210 1210 1210 831 0 0 1210 0 1210 1065 0 1210 0 507 0 1210 1210 0 0 1210 0 0 425 0 0 0 1210 556 0 0 0 1210 158 268 0 0 0 0 1210 1210 0 0 157 1210 580 0 598 0
0 372 655 0 0 0 582 0 0 1210 1210 1210 1210 1210 831 0 0 1210 0 1210 1065 0 1210 0 507 0 1210 1210 0 0 1210 0 0 425 0 0 0 1210 556 0 0 0 1210 158 268 0 0 0 0 1210 1210 0 0 157 1210 580 0 598 0
918 817 358 918 2 918 510 2 0 0 0 0 0 0 358 918 679 0 276 0 64 918 0 198 560 308 0 0 1210 609 0 918 918 200 173 918 989 0 362 235 918 918 0 697 650 1078 918 918 918 0 0 2 918 71 0 313 904 576 2
874 547 219 874 224 874 114 224 0 0 0 0 0 0 48 874 625 0 0 0 64 874 0 347 684 32 0 0 609 1210 0 874 874 180 37 874 657 0 318 50 874 874 0 839 606 704 874 874 874 0 0 224 874 68 0 215 874 596 224
0 372 655 0 0 0 582 0 0 1210 1210 1210 1210 1210 831 0 0 1210 0 1210 1065 0 1210 0 507 0 1210 1210 0 0 1210 0 0 425 0 0 0 1210 556 0 0 0 1210 158 268 0 0 0 0 1210 1210 0 0 157 1210 580 0 598 0
1210 547 555 1210 0 1210 450 0 0 0 0 0 0 0 379 1210 961 0 0 0 64 1210 0 351 684 32 0 0 918 874 0 1210 1210 180 35 1210 854 0 654 213 1210 1210 0 989 942 1040 1210 1210 1210 0 0 0 1210 67 0 215 1196 612 0
1210 547 555 1210 0 1210 450 0 0 0 0 0 0 0 379 1210 961 0 0 0 64 1210 0 351 684 32 0 0 918 874 0 1210 1210 180 35 1210 854 0 654 213 1210 1210 0 989 942 1040 1210 1210 1210 0 0 0 1210 67 0 215 1196 612 0
180 181 425 180 4 180 429 4 0 425 425 425 425 425 425 180 37 425 435 425 280 180 425 20 180 435 425 425 200 180 425 180 180 1210 18 180 377 425 474 51 180 180 425 180 448 145 180 180 180 425 425 4 180 493 425 306 180 171 4
35 179 12 35 58 35 153 58 0 0 0 0 0 0 0 35 40 0 169 0 1 35 0 52 23 178 0 0 173 37 0 35 35 18 1210 35 94 0 12 106 35 35 0 40 35 178 35 35 35 0 0 58 35 49 0 12 35 23 58
1210 547 555 1210 0 1210 450 0 0 0 0 0 0 0 379 1210 961 0 0 0 64 1210 0 351 684 32 0 0 918 874 0 1210 1210 180 35 1210 854 0 654 213 1210 1210 0 989 942 1040 1210 1210 1210 0 0 0 1210 67 0 215 1196 612 0
854 737 233 854 5 854 334 5 0 0 0 0 0 0 233 854 605 0 326 0 64 854 0 215 621 358 0 0 989 657 0 854 854 377 94 854 1210 0 298 157 854 854 0 633 586 891 854 854 854 0 0 5 854 165 0 387 840 612 5
0 372 655 0 0 0 582 0 0 1210 1210 1210 1210 1210 831 0 0 1210 0 1210 1065 0 1210 0 507 0 1210 1210 0 0 1210 0 0 425 0 0 0 1210 556 0 0 0 1210 158 268 0 0 0 0 1210 1210 0 0 157 1210 580 0 598 0
654 0 1111 654 0 654 1006 0 0 556 556 556 556 556 935 654 642 556 0 556 411 654 556 307 128 0 556 556 362 318 556 654 654 474 12 654 298 556 1210 213 654 654 556 433 922 484 654 654 654 556 556 0 654 157 556 292 640 56 0
213 16 213 213 20 213 213 20 0 0 0 0 0 0 213 213 213 0 202 0 0 213 0 201 0 171 0 0 235 50 0 213 213 51 106 213 157 0 213 1210 213 213 0 108 213 213 213 213 213 0 0 20 213 22 0 41 227 0 20
1210 547 555 1210 0 1210 450 0 0 0 0 0 0 0 379 1210 961 0 0 0 64 1210 0 351 684 32 0 0 918 874 0 1210 1210 180 35 1210 854 0 654 213 1210 1210 0 989 942 1040 1210 1210 1210 0 0 0 1210 67 0 215 1196 612 0
1210 547 555 1210 0 1210 450 0 0 0 0 0 0 0 379 1210 961 0 0 0 64 1210 0 351 684 32 0 0 918 874 0 1210 1210 180 35 1210 854 0 654 213 1210 1210 0 989 942 1040 1210 1210 1210 0 0 0 1210 67 0 215 1196 612 0
0 372 655 0 0 0 582 0 0 1210 1210 1210 1210 1210 831 0 0 1210 0 1210 1065 0 1210 0 507 0 1210 1210 0 0 1210 0 0 425 0 0 0 1210 556 0 0 0 1210 158 268 0 0 0 0 1210 1210 0 0 157 1210 580 0 598 0
989 705 334 989 5 989 229 5 0 158 158 158 158 158 158 989 740 158 0 158 222 989 158 204 842 32 158 158 697 839 158 989 989 180 40 989 633 158 433 108 989 989 158 1210 721 819 989 989 989 158 158 5 989 67 158 373 989 738 5
942 279 823 942 0 942 718 0 0 268 268 268 268 268 647 942 693 268 0 268 123 942 268 351 416 23 268 268 650 606 268 942 942 448 35 942 586 268 922 213 942 942 268 721 1210 772 942 942 942 268 268 0 942 178 268 203 928 344 0
1040 707 471 1040 3 1040 590 3 0 0 0 0 0 0 379 1040 791 0 160 0 64 1040 0 217 569 192 0 0 1078 704 0 1040 1040 145 178 1040 891 0 484 213 1040 1040 0 819 772 1210 1040 1040 1040 0 0 3 1040 71 0 215 1026 585 3
1210 547 555 1210 0 1210 450 0 0 0 0 0 0 0 379 1210 961 0 0 0 64 1210 0 351 684 32 0 0 918 874 0 1210 1210 180 35 1210 854 0 654 213 1210 1210 0 989 942 1040 1210 1210 1210 0 0 0 1210 67 0 215 1196 612 0
1210 547 555 1210 0 1210 450 0 0 0 0 0 0 0 379 1210 961 0 0 0 64 1210 0 351 684 32 0 0 918 874 0 1210 1210 180 35 1210 854 0 654 213 1210 1210 0 989 942 1040 1210 1210 1210 0 0 0 1210 67 0 215 1196 612 0
1210 547 555 1210 0 1210 450 0 0 0 0 0 0 0 379 1210 961 0 0 0 64 1210 0 351 684 32 0 0 918 874 0 1210 1210 180 35 1210 854 0 654 213 1210 1210 0 989 942 1040 1210 1210 1210 0 0 0 1210 67 0 215 1196 612 0
0 372 655 0 0 0 582 0 0 1210 1210 1210 1210 1210 831 0 0 1210 0 1210 1065 0 1210 0 507 0 1210 1210 0 0 1210 0 0 425 0 0 0 1210 556 0 0 0 1210 158 268 0 0 0 0 1210 1210 0 0 157 1210 580 0 598 0
0 372 655 0 0 0 582 0 0 1210 1210 1210 1210 1210 831 0 0 1210 0 1210 1065 0 1210 0 507 0 1210 1210 0 0 1210 0 0 425 0 0 0 1210 556 0 0 0 1210 158 268 0 0 0 0 1210 1210 0 0 157 1210 580 0 598 0
0 3 0 0 1210 0 3 1210 0 0 0 0 0 0 0 0 7 0 0 0 5 0 0 503 2 24 0 0 2 224 0 0 0 4 58 0 5 0 0 20 0 0 0 5 0 3 0 0 0 0 0 1210 0 309 0 154 14 0 1210
1210 547 555 1210 0 1210 450 0 0 0 0 0 0 0 379 1210 961 0 0 0 64 1210 0 351 684 32 0 0 918 874 0 1210 1210 180 35 1210 854 0 654 213 1210 1210 0 989 942 1040 1210 1210 1210 0 0 0 1210 67 0 215 1196 612 0
67 71 157 67 309 67 159 309 0 157 157 157 157 157 157 67 80 157 357 157 84 67 157 100 69 363 157 157 71 68 157 67 67 493 49 67 165 157 157 22 67 67 157 67 178 71 67 67 67 157 157 309 67 1210 157 221 67 67 309
0 372 655 0 0 0 582 0 0 1210 1210 1210 1210 1210 831 0 0 1210 0 1210 1065 0 1210 0 507 0 1210 1210 0 0 1210 0 0 425 0 0 0 1210 556 0 0 0 1210 158 268 0 0 0 0 1210 1210 0 0 157 1210 580 0 598 0
215 610 264 215 154 215 292 154 0 580 580 580 580 580 264 215 177 580 170 580 464 215 580 65 531 184 580 580 313 215 580 215 215 306 12 215 387 580 292 41 215 215 580 373 203 215 215 215 215 580 580 154 215 221 580 1210 215 515 154
1196 547 541 1196 14 1196 436 14 0 0 0 0 0 0 365 1196 947 0 0 0 64 1196 0 337 684 32 0 0 904 874 0 1196 1196 180 35 1196 840 0 640 227 1196 1196 0 989 928 1026 1196 1196 1196 0 0 14 1196 67 0 215 1210 598 14
612 903 75 612 0 612 19 0 0 598 598 598 598 598 251 612 363 598 0 598 662 612 598 60 1087 32 598 598 576 596 598 612 612 171 23 612 612 598 56 0 612 612 598 738 344 585 612 612 612 598 598 0 612 67 598 515 598 1210 0
0 3 0 0 1210 0 3 1210 0 0 0 0 0 0 0 0 7 0 0 0 5 0 0 503 2 24 0 0 2 224 0 0 0 4 58 0 5 0 0 20 0 0 0 5 0 3 0 0 0 0 0 1210 0 309 0 154 14 0 1210
