8905 1463 1323 296 813 1635 2110 742 177 980 1401 558 909 394 2748 1551 497 825 1015 1360 761 2492 1830 1140 628 1902 410 869 1465 1548 1200 1312 678 1380 1937 2286 1896 1440 1284 1017 2131 930 2083 999 1634 2330 1614 2198 1311 1955 310 1278 491 530 1623 1868 2175 742 1753
1463 8905 1059 192 701 771 1771 702 620 423 1401 217 1118 548 1579 1271 1670 851 341 1452 668 943 1977 519 498 2079 1508 793 2173 1271 1121 1955 1090 777 951 1282 843 2680 1553 390 1417 1958 1159 857 1092 1531 831 2103 889 1600 774 1244 789 649 1510 1773 1651 483 2313
1323 1059 8905 376 1077 3316 3452 612 28 395 3418 576 908 349 2732 1572 1195 942 573 293 553 1260 2998 240 451 2793 788 904 1996 978 994 511 2451 339 2178 1897 2434 2649 1276 947 3466 1193 1688 1773 2325 1771 365 1727 1721 3236 206 533 2541 351 1144 3588 3024 1064 1726
296 192 376 8905 117 186 348 424 116 678 461 217 90 34 510 1151 290 246 231 79 155 474 468 241 314 325 89 74 218 196 227 759 0 265 223 532 385 302 164 77 444 319 445 394 391 365 412 31 426 351 260 597 0 833 484 482 482 108 50
813 701 1077 117 8905 495 651 1150 1 673 90 1156 1977 1290 1078 1121 1751 1566 1442 1120 1321 1200 720 3543 1102 1154 95 474 1228 86 196 976 1686 3623 1162 546 1020 68 537 771 645 415 1598 1224 1858 880 382 2214 662 1879 483 621 1975 755 1716 217 1250 1124 1961
1635 771 3316 186 495 8905 2821 857 234 761 1882 428 904 948 2737 1794 424 359 1025 105 660 1880 1515 564 630 1801 1255 1259 1620 851 851 710 1396 301 2717 1359 1763 2367 756 1815 2843 1465 1994 563 1669 1932 1143 1563 759 1324 752 747 693 371 592 2247 2875 1364 1206
2110 1771 3452 348 651 2821 8905 409 116 489 3500 385 1928 394 4189 2641 993 315 691 597 937 1482 4071 939 641 4313 821 1126 2751 1985 1357 2017 1209 821 1746 3197 4495 3103 2118 1618 5026 2098 3108 1478 3237 3713 684 1352 2729 3957 385 1605 1391 664 3014 3846 4258 924 1291
742 702 612 424 1150 857 409 8905 322 745 482 566 557 874 581 1004 1262 2315 1766 283 705 697 565 572 1282 831 488 901 468 406 697 1305 1204 616 1458 1248 615 213 871 1579 852 956 1023 305 1317 729 323 946 434 1098 915 749 500 1562 832 296 1022 1170 819
177 620 28 116 1 234 116 322 8905 676 342 996 110 0 1336 334 78 668 662 648 144 646 179 44 216 95 464 337 1300 86 281 1244 648 110 119 873 680 172 11 14 984 400 150 372 416 415 1310 75 630 40 947 937 73 77 115 261 148 704 115
980 423 395 678 673 761 489 745 676 8905 613 2440 843 873 568 325 908 939 2073 737 1440 713 801 1220 813 1065 1038 2398 616 421 531 1506 394 661 729 674 670 307 131 214 532 609 664 636 533 784 886 380 936 461 1166 362 82 1338 1382 701 502 263 562
1401 1401 3418 461 90 1882 3500 482 342 613 8905 381 432 135 2289 1853 676 288 202 521 431 1053 3662 534 1009 2677 843 855 1384 660 1286 1174 1321 499 776 1910 2458 1884 1663 153 3337 1111 2418 1775 2450 2800 338 505 1934 2176 467 1585 1363 909 2300 2927 3977 201 611
558 217 576 217 1156 428 385 566 996 2440 381 8905 1376 1348 731 550 425 1077 1745 920 1760 620 1537 995 716 791 172 1628 541 288 275 607 468 584 1011 1093 445 213 310 434 1043 316 823 881 1339 1708 622 837 658 785 1303 1061 990 598 843 345 633 1305 932
909 1118 908 90 1977 904 1928 557 110 843 432 1376 8905 2579 1616 1033 1077 712 1019 1139 1261 406 1157 1732 746 1463 158 1058 896 275 516 874 558 987 1437 992 1727 408 285 796 1322 780 1025 1394 1498 992 378 1151 1408 1134 1197 809 326 401 1133 1145 1020 1013 281
394 548 349 34 1290 948 394 874 0 873 135 1348 2579 8905 420 393 1170 404 472 629 2362 548 449 1078 1638 448 411 1659 1093 1540 74 415 961 1331 1194 88 395 213 313 3171 240 657 88 838 408 570 144 775 747 346 845 775 371 361 609 32 126 1358 245
2748 1579 2732 510 1078 2737 4189 581 1336 568 2289 731 1616 420 8905 2777 725 509 2002 1395 794 3418 3692 1394 422 4094 466 1148 4474 2082 1269 3111 245 651 2331 3715 3110 2717 2687 1735 5367 2403 3312 1453 3568 4527 2992 2167 2756 4108 1431 2108 883 647 2573 4269 3964 1815 2353
1551 1271 1572 1151 1121 1794 2641 1004 334 325 1853 550 1033 393 2777 8905 233 511 672 1081 901 1152 2263 306 209 2345 283 607 1498 1318 1753 961 951 1050 996 2613 2289 1578 1273 1621 3421 1720 2622 1236 2403 2808 477 1342 1690 3146 509 1908 909 1679 1469 2638 2607 1383 1036
497 1670 1195 290 1751 424 993 1262 78 908 676 425 1077 1170 725 233 8905 2506 985 645 1046 258 907 1478 1262 1810 714 571 2972 558 900 1065 440 1717 1358 1541 656 612 780 229 341 1555 354 904 414 402 1051 228 816 887 324 568 862 783 1489 550 491 416 718
825 851 942 246 1566 359 315 2315 668 939 288 1077 712 404 509 511 2506 8905 1443 670 824 724 411 490 831 909 630 579 1033 44 712 1367 1576 630 454 687 177 58 1072 700 748 1105 986 798 1211 777 582 1242 366 1810 101 441 1378 1114 684 221 1237 1753 1761
1015 341 573 231 1442 1025 691 1766 662 2073 202 1745 1019 472 2002 672 985 1443 8905 1320 485 1035 637 1749 788 756 385 969 429 573 669 1094 112 134 1937 813 355 136 1101 309 1045 905 897 1175 895 988 795 1051 519 610 1438 399 276 535 819 170 1112 1122 1031
1360 1452 293 79 1120 105 597 283 648 737 521 920 1139 629 1395 1081 645 670 1320 8905 457 836 993 1438 606 1128 1005 606 1134 969 1228 997 213 335 268 1595 334 711 837 519 856 1030 480 2201 574 737 837 314 573 918 791 757 208 947 706 677 462 556 784
761 668 553 155 1321 660 937 705 144 1440 431 1760 1261 2362 794 901 1046 824 485 457 8905 430 603 1467 1782 1303 142 2623 2170 1413 209 484 2025 1671 1151 1076 648 741 376 1474 717 823 746 757 762 1009 462 1225 1198 1093 1441 821 615 458 681 572 601 2549 807
2492 943 1260 474 1200 1880 1482 697 646 713 1053 620 406 548 3418 1152 258 724 1035 836 430 8905 1254 426 416 1711 60 558 2048 1050 721 1495 384 2404 2516 1471 1099 1571 1393 973 2059 1085 1668 588 1226 2480 2726 1983 685 1537 634 884 143 226 1033 2081 1875 527 2499
1830 1977 2998 468 720 1515 4071 565 179 801 3662 1537 1157 449 3692 2263 907 411 637 993 603 1254 8905 388 494 3624 584 906 2169 1593 1214 2071 987 298 914 1947 2860 2473 2514 981 4261 1672 3077 1378 3584 4588 784 900 2223 3457 460 2052 1323 1116 2720 3464 3711 844 1696
1140 519 240 241 3543 564 939 572 44 1220 534 995 1732 1078 1394 306 1478 490 1749 1438 1467 426 388 8905 1404 1089 77 600 1638 257 437 1015 198 1804 800 1120 995 561 216 436 462 343 966 1652 1352 510 688 1279 580 395 542 498 382 466 1288 369 495 865 84
628 498 451 314 1102 630 641 1282 216 813 1009 716 746 1638 422 209 1262 831 788 606 1782 416 494 1404 8905 580 984 1223 1628 404 825 834 1299 1160 1454 987 522 404 377 260 261 1144 410 352 468 365 688 479 371 458 790 367 228 357 1265 582 1307 1511 179
1902 2079 2793 325 1154 1801 4313 831 95 1065 2677 791 1463 448 4094 2345 1810 909 756 1128 1303 1711 3624 1089 580 8905 621 1731 3843 2581 1409 2365 961 1012 1698 3482 2751 2686 2309 1610 4051 2625 2413 1880 3100 3161 717 1417 2205 4723 319 1952 1507 982 3128 3964 3267 1243 1826
410 1508 788 89 95 1255 821 488 464 1038 843 172 158 411 466 283 714 630 385 1005 142 60 584 77 984 621 8905 1013 943 389 379 603 902 133 76 807 600 1144 352 452 551 345 1553 396 307 296 661 624 68 77 1620 145 68 322 223 1204 1425 359 225
869 793 904 74 474 1259 1126 901 337 2398 855 1628 1058 1659 1148 607 571 579 969 606 2623 558 906 600 1223 1731 1013 8905 1361 1097 459 1250 1682 866 829 1026 817 703 671 582 1059 688 568 1204 758 1169 407 1123 1276 1127 2077 248 454 746 847 660 877 1730 918
1465 2173 1996 218 1228 1620 2751 468 1300 616 1384 541 896 1093 4474 1498 2972 1033 429 1134 2170 2048 2169 1638 1628 3843 943 1361 8905 2001 1259 2215 88 2030 1470 4081 1866 2996 1951 1522 3326 2736 924 1321 1863 2021 2628 828 1074 2658 1012 1508 1318 231 1937 2926 1462 2592 1516
1548 1271 978 196 86 851 1985 406 86 421 660 288 275 1540 2082 1318 558 44 573 969 1413 1050 1593 257 404 2581 389 1097 2001 8905 1654 1348 1070 105 438 1725 838 2103 1414 2875 1782 1811 443 429 843 1356 502 309 653 2117 372 2718 505 372 1351 2217 1000 825 781
1200 1121 994 227 196 851 1357 697 281 531 1286 275 516 74 1269 1753 900 712 669 1228 209 721 1214 437 825 1409 379 459 1259 1654 8905 912 780 1012 1486 1216 924 867 1441 574 1165 1307 851 1662 1113 877 1300 820 692 1099 356 1238 1219 2123 2132 2186 1426 238 1222
1312 1955 511 759 976 710 2017 1305 1244 1506 1174 607 874 415 3111 961 1065 1367 1094 997 484 1495 2071 1015 834 2365 603 1250 2215 1348 912 8905 536 697 1109 1492 1460 1165 1010 460 2377 1371 1895 499 1666 2344 1866 575 1244 1956 1994 1685 80 716 2277 1970 1894 1255 1217
678 1090 2451 0 1686 1396 1209 1204 648 394 1321 468 558 961 245 951 440 1576 112 213 2025 384 987 198 1299 961 902 1682 88 1070 780 536 8905 261 750 372 495 1035 1788 1012 1432 633 1422 316 758 1041 106 1664 287 1874 1316 919 2639 1129 867 820 2243 1150 2262
1380 777 339 265 3623 301 821 616 110 661 499 584 987 1331 651 1050 1717 630 134 335 1671 2404 298 1804 1160 1012 133 866 2030 105 1012 697 261 8905 2059 1083 734 407 477 502 313 460 402 940 654 844 1519 1874 907 484 688 360 389 632 1319 316 443 805 1338
1937 951 2178 223 1162 2717 1746 1458 119 729 776 1011 1437 1194 2331 996 1358 454 1937 268 1151 2516 914 800 1454 1698 76 829 1470 438 1486 1109 750 2059 8905 1446 1842 888 973 1019 1441 1850 1556 589 1663 1718 2644 3381 1589 1998 771 696 1154 309 1922 1193 2007 621 2989
2286 1282 1897 532 546 1359 3197 1248 873 674 1910 1093 992 88 3715 2613 1541 687 813 1595 1076 1471 1947 1120 987 3482 807 1026 4081 1725 1216 1492 372 1083 1446 8905 2411 1484 1166 1223 3501 2031 1793 1381 2821 2016 1431 654 1953 2907 735 1868 840 564 2692 2837 2297 1572 585
1896 843 2434 385 1020 1763 4495 615 680 670 2458 445 1727 395 3110 2289 656 177 355 334 648 1099 2860 995 522 2751 600 817 1866 838 924 1460 495 734 1842 2411 8905 1745 1296 1277 3452 1240 2602 1474 3121 2951 1029 1688 2863 2751 777 1510 1066 913 2173 2663 3306 340 836
1440 2680 2649 302 68 2367 3103 213 172 307 1884 213 408 213 2717 1578 612 58 136 711 741 1571 2473 561 404 2686 1144 703 2996 2103 867 1165 1035 407 888 1484 1745 8905 2138 1493 2680 1719 1089 659 1236 1913 951 1811 846 2191 668 1106 1575 602 1017 2707 2017 890 2537
1284 1553 1276 164 537 756 2118 871 11 131 1663 310 285 313 2687 1273 780 1072 1101 837 376 1393 2514 216 377 2309 352 671 1951 1414 1441 1010 1788 477 973 1166 1296 2138 8905 736 2578 958 2133 1243 2207 2347 1035 1754 1172 3369 19 1078 3961 1922 1960 1454 3155 769 3491
1017 390 947 77 771 1815 1618 1579 14 214 153 434 796 3171 1735 1621 229 700 309 519 1474 973 981 436 260 1610 452 582 1522 2875 574 460 1012 502 1019 1223 1277 1493 736 8905 2505 953 916 177 2347 1429 310 1082 548 2737 357 2391 442 654 492 1915 906 1389 717
2131 1417 3466 444 645 2843 5026 852 984 532 3337 1043 1322 240 5367 3421 341 748 1045 856 717 2059 4261 462 261 4051 551 1059 3326 1782 1165 2377 1432 313 1441 3501 3452 2680 2578 2505 8905 1885 3572 1303 4526 5027 1341 1744 2704 4493 1001 2484 1373 1320 2633 4032 4717 2083 1784
930 1958 1193 319 415 1465 2098 956 400 609 1111 316 780 657 2403 1720 1555 1105 905 1030 823 1085 1672 343 1144 2625 345 688 2736 1811 1307 1371 633 460 1850 2031 1240 1719 958 953 1885 8905 723 901 1247 1397 738 512 767 2143 963 1235 553 260 1424 2732 1528 825 695
2083 1159 1688 445 1598 1994 3108 1023 150 664 2418 823 1025 88 3312 2622 354 986 897 480 746 1668 3077 966 410 2413 1553 568 924 443 851 1895 1422 402 1556 1793 2602 1089 2133 916 3572 723 8905 984 3059 4099 1460 1744 2157 2695 533 1419 1103 825 3038 2594 4254 635 2413
999 857 1773 394 1224 563 1478 305 372 636 1775 881 1394 838 1453 1236 904 798 1175 2201 757 588 1378 1652 352 1880 396 1204 1321 429 1662 499 316 940 589 1381 1474 659 1243 177 1303 901 984 8905 1364 1183 195 905 1584 1229 331 726 1651 1674 990 1322 1781 500 746
1634 1092 2325 391 1858 1669 3237 1317 416 533 2450 1339 1498 408 3568 2403 414 1211 895 574 762 1226 3584 1352 468 3100 307 758 1863 843 1113 1666 758 654 1663 2821 3121 1236 2207 2347 4526 1247 3059 1364 8905 3041 402 2431 2574 4971 844 1966 1702 2097 2679 3507 3707 1917 1280
2330 1531 1771 365 880 1932 3713 729 415 784 2800 1708 992 570 4527 2808 402 777 988 737 1009 2480 4588 510 365 3161 296 1169 2021 1356 877 2344 1041 844 1718 2016 2951 1913 2347 1429 5027 1397 4099 1183 3041 8905 1963 2234 2592 3450 570 1634 797 854 2588 2792 4010 1283 2872
1614 831 365 412 382 1143 684 323 1310 886 338 622 378 144 2992 477 1051 582 795 837 462 2726 784 688 688 717 661 407 2628 502 1300 1866 106 1519 2644 1431 1029 951 1035 310 1341 738 1460 195 402 1963 8905 1680 511 279 1093 969 143 420 1252 1047 1120 940 2389
2198 2103 1727 31 2214 1563 1352 946 75 380 505 837 1151 775 2167 1342 228 1242 1051 314 1225 1983 900 1279 479 1417 624 1123 828 309 820 575 1664 1874 3381 654 1688 1811 1754 1082 1744 512 1744 905 2431 2234 1680 8905 1369 2958 458 526 2438 1491 1019 880 2573 1187 4228
1311 889 1721 426 662 759 2729 434 630 936 1934 658 1408 747 2756 1690 816 366 519 573 1198 685 2223 580 371 2205 68 1276 1074 653 692 1244 287 907 1589 1953 2863 846 1172 548 2704 767 2157 1584 2574 2592 511 1369 8905 2680 533 1066 910 766 2401 2327 2546 797 812
1955 1600 3236 351 1879 1324 3957 1098 40 461 2176 785 1134 346 4108 3146 887 1810 610 918 1093 1537 3457 395 458 4723 77 1127 2658 2117 1099 1956 1874 484 1998 2907 2751 2191 3369 2737 4493 2143 2695 1229 4971 3450 279 2958 2680 8905 373 1822 3109 2059 2934 4305 3537 1540 3042
310 774 206 260 483 752 385 915 947 1166 467 1303 1197 845 1431 509 324 101 1438 791 1441 634 460 542 790 319 1620 2077 1012 372 356 1994 1316 688 771 735 777 668 19 357 1001 963 533 331 844 570 1093 458 533 373 8905 917 19 641 524 324 587 1348 509
1278 1244 533 597 621 747 1605 749 937 362 1585 1061 809 775 2108 1908 568 441 399 757 821 884 2052 498 367 1952 145 248 1508 2718 1238 1685 919 360 696 1868 1510 1106 1078 2391 2484 1235 1419 726 1966 1634 969 526 1066 1822 917 8905 937 1770 1551 1667 1900 865 571
491 789 2541 0 1975 693 1391 500 73 82 1363 990 326 371 883 909 862 1378 276 208 615 143 1323 382 228 1507 68 454 1318 505 1219 80 2639 389 1154 840 1066 1575 3961 442 1373 553 1103 1651 1702 797 143 2438 910 3109 19 937 8905 855 1333 1045 1659 1126 3539
530 649 351 833 755 371 664 1562 77 1338 909 598 401 361 647 1679 783 1114 535 947 458 226 1116 466 357 982 322 746 231 372 2123 716 1129 632 309 564 913 602 1922 654 1320 260 825 1674 2097 854 420 1491 766 2059 641 1770 855 8905 1613 348 2166 776 1045
1623 1510 1144 484 1716 592 3014 832 115 1382 2300 843 1133 609 2573 1469 1489 684 819 706 681 1033 2720 1288 1265 3128 223 847 1937 1351 2132 2277 867 1319 1922 2692 2173 1017 1960 492 2633 1424 3038 990 2679 2588 1252 1019 2401 2934 524 1551 1333 1613 8905 2252 2798 426 1458
1868 1773 3588 482 217 2247 3846 296 261 701 2927 345 1145 32 4269 2638 550 221 170 677 572 2081 3464 369 582 3964 1204 660 2926 2217 2186 1970 820 316 1193 2837 2663 2707 1454 1915 4032 2732 2594 1322 3507 2792 1047 880 2327 4305 324 1667 1045 348 2252 8905 3047 973 948
2175 1651 3024 482 1250 2875 4258 1022 148 502 3977 633 1020 126 3964 2607 491 1237 1112 462 601 1875 3711 495 1307 3267 1425 877 1462 1000 1426 1894 2243 443 2007 2297 3306 2017 3155 906 4717 1528 4254 1781 3707 4010 1120 2573 2546 3537 587 1900 1659 2166 2798 3047 8905 1082 2228
742 483 1064 108 1124 1364 924 1170 704 263 201 1305 1013 1358 1815 1383 416 1753 1122 556 2549 527 844 865 1511 1243 359 1730 2592 825 238 1255 1150 805 621 1572 340 890 769 1389 2083 825 635 500 1917 1283 940 1187 797 1540 1348 865 1126 776 426 973 1082 8905 1048
1753 2313 1726 50 1961 1206 1291 819 115 562 611 932 281 245 2353 1036 718 1761 1031 784 807 2499 1696 84 179 1826 225 918 1516 781 1222 1217 2262 1338 2989 585 836 2537 3491 717 1784 695 2413 746 1280 2872 2389 4228 812 3042 509 571 3539 1045 1458 948 2228 1048 8905
