1575 0 0 1575 70 100 1575 986 0 0 0 1575 430 341 1575 0 0 0 0 1575 0 1575 188 0 0 0 1025 0 0 0 1575 0 243 1575 1015 1575 0 178 0 0 1243 1034 1159 0 1575 303 0 1575 0 0 1575 0 832 1575 0 1477 1575 0 0
0 1575 1575 0 0 0 0 0 0 0 1575 0 136 135 0 1260 0 0 0 0 0 0 1174 1575 1575 1575 348 1575 1575 0 0 0 0 0 0 0 1575 1080 0 1575 0 541 0 0 0 0 1575 0 1575 1575 0 1575 570 0 1575 0 0 1575 1575
0 1575 1575 0 0 0 0 0 0 0 1575 0 136 135 0 1260 0 0 0 0 0 0 1174 1575 1575 1575 348 1575 1575 0 0 0 0 0 0 0 1575 1080 0 1575 0 541 0 0 0 0 1575 0 1575 1575 0 1575 570 0 1575 0 0 1575 1575
1575 0 0 1575 70 100 1575 986 0 0 0 1575 430 341 1575 0 0 0 0 1575 0 1575 188 0 0 0 1025 0 0 0 1575 0 243 1575 1015 1575 0 178 0 0 1243 1034 1159 0 1575 303 0 1575 0 0 1575 0 832 1575 0 1477 1575 0 0
70 0 0 70 1575 26 70 57 14 917 0 70 44 15 70 0 270 58 0 70 320 70 242 0 0 0 140 0 0 58 70 58 201 70 188 70 0 96 0 0 132 4 274 0 70 457 0 70 0 0 70 0 128 70 0 80 70 0 0
100 0 0 100 26 1575 100 84 430 18 0 100 175 276 100 0 30 117 551 100 9 100 62 0 0 0 34 0 0 117 100 117 81 100 68 100 0 70 491 0 101 33 101 403 100 71 0 100 0 0 100 0 78 100 0 119 100 0 0
1575 0 0 1575 70 100 1575 986 0 0 0 1575 430 341 1575 0 0 0 0 1575 0 1575 188 0 0 0 1025 0 0 0 1575 0 243 1575 1015 1575 0 178 0 0 1243 1034 1159 0 1575 303 0 1575 0 0 1575 0 832 1575 0 1477 1575 0 0
986 0 0 986 57 84 986 1575 1 0 0 986 268 46 986 0 0 587 0 986 0 986 35 0 0 0 948 0 0 587 986 587 431 986 426 986 0 178 0 0 654 986 1011 0 986 2 0 986 0 0 986 0 243 986 0 888 986 0 0
0 0 0 0 14 430 0 1 1575 0 0 0 1 0 0 0 0 0 878 0 0 0 0 0 0 0 5 0 0 0 0 0 48 0 4 0 0 19 918 0 0 0 44 0 0 13 0 0 0 0 0 0 0 0 0 10 0 0 0
0 0 0 0 917 18 0 0 0 1575 0 0 4 0 0 0 786 0 0 0 978 0 186 0 0 0 172 0 0 0 0 0 200 0 115 0 0 96 0 0 62 0 210 91 0 279 0 0 0 0 0 0 65 0 0 10 0 0 0
0 1575 1575 0 0 0 0 0 0 0 1575 0 136 135 0 1260 0 0 0 0 0 0 1174 1575 1575 1575 348 1575 1575 0 0 0 0 0 0 0 1575 1080 0 1575 0 541 0 0 0 0 1575 0 1575 1575 0 1575 570 0 1575 0 0 1575 1575
1575 0 0 1575 70 100 1575 986 0 0 0 1575 430 341 1575 0 0 0 0 1575 0 1575 188 0 0 0 1025 0 0 0 1575 0 243 1575 1015 1575 0 178 0 0 1243 1034 1159 0 1575 303 0 1575 0 0 1575 0 832 1575 0 1477 1575 0 0
430 136 136 430 44 175 430 268 1 4 136 430 1575 1059 430 142 6 131 18 430 5 430 22 136 136 136 201 136 136 95 430 131 332 430 235 430 136 250 1 136 429 337 244 156 430 172 136 430 136 136 430 136 239 430 136 437 430 136 136
341 135 135 341 15 276 341 46 0 0 135 341 1059 1575 341 135 0 233 2 341 0 341 21 135 135 135 46 135 135 176 341 233 235 341 309 341 135 267 0 135 329 181 98 198 341 168 135 341 135 135 341 135 297 341 135 341 341 135 135
1575 0 0 1575 70 100 1575 986 0 0 0 1575 430 341 1575 0 0 0 0 1575 0 1575 188 0 0 0 1025 0 0 0 1575 0 243 1575 1015 1575 0 178 0 0 1243 1034 1159 0 1575 303 0 1575 0 0 1575 0 832 1575 0 1477 1575 0 0
0 1260 1260 0 0 0 0 0 0 0 1260 0 142 135 0 1575 0 315 0 0 0 0 1109 1260 1260 1260 348 1260 1260 0 0 315 1 0 0 0 1260 1115 0 1260 8 541 0 0 0 0 1260 0 1260 1260 0 1260 255 0 1260 1 0 1260 1260
0 0 0 0 270 30 0 0 0 786 0 0 6 0 0 0 1575 0 3 0 775 0 2 0 0 0 154 0 0 0 0 0 24 0 9 0 0 1 0 0 85 0 210 86 0 279 0 0 0 0 0 0 0 0 0 19 0 0 0
0 0 0 0 58 117 0 587 0 0 0 0 131 233 0 315 0 1575 0 0 0 0 2 0 0 0 0 0 0 1057 0 1575 215 0 39 0 0 37 0 0 25 0 42 0 0 2 0 0 0 0 0 0 3 0 0 1 0 0 0
0 0 0 0 0 551 0 0 878 0 0 0 18 2 0 0 3 0 1575 0 0 0 0 0 0 0 0 0 0 0 0 0 151 0 4 0 0 19 1376 0 0 0 0 7 0 0 0 0 0 0 0 0 0 0 0 10 0 0 0
1575 0 0 1575 70 100 1575 986 0 0 0 1575 430 341 1575 0 0 0 0 1575 0 1575 188 0 0 0 1025 0 0 0 1575 0 243 1575 1015 1575 0 178 0 0 1243 1034 1159 0 1575 303 0 1575 0 0 1575 0 832 1575 0 1477 1575 0 0
0 0 0 0 320 9 0 0 0 978 0 0 5 0 0 0 775 0 0 0 1575 0 15 0 0 0 172 0 0 0 0 0 55 0 3 0 0 1 0 0 2 0 210 91 0 876 0 0 0 0 0 0 76 0 0 2 0 0 0
1575 0 0 1575 70 100 1575 986 0 0 0 1575 430 341 1575 0 0 0 0 1575 0 1575 188 0 0 0 1025 0 0 0 1575 0 243 1575 1015 1575 0 178 0 0 1243 1034 1159 0 1575 303 0 1575 0 0 1575 0 832 1575 0 1477 1575 0 0
188 1174 1174 188 242 62 188 35 0 186 1174 188 22 21 188 1109 2 2 0 188 15 188 1575 1174 1174 1174 460 1174 1174 4 188 2 48 188 188 188 1174 987 0 1174 153 423 188 0 188 168 1174 188 1174 1174 188 1174 475 188 1174 187 188 1174 1174
0 1575 1575 0 0 0 0 0 0 0 1575 0 136 135 0 1260 0 0 0 0 0 0 1174 1575 1575 1575 348 1575 1575 0 0 0 0 0 0 0 1575 1080 0 1575 0 541 0 0 0 0 1575 0 1575 1575 0 1575 570 0 1575 0 0 1575 1575
0 1575 1575 0 0 0 0 0 0 0 1575 0 136 135 0 1260 0 0 0 0 0 0 1174 1575 1575 1575 348 1575 1575 0 0 0 0 0 0 0 1575 1080 0 1575 0 541 0 0 0 0 1575 0 1575 1575 0 1575 570 0 1575 0 0 1575 1575
0 1575 1575 0 0 0 0 0 0 0 1575 0 136 135 0 1260 0 0 0 0 0 0 1174 1575 1575 1575 348 1575 1575 0 0 0 0 0 0 0 1575 1080 0 1575 0 541 0 0 0 0 1575 0 1575 1575 0 1575 570 0 1575 0 0 1575 1575
1025 348 348 1025 140 34 1025 948 5 172 348 1025 201 46 1025 348 154 0 0 1025 172 1025 460 348 348 348 1575 348 348 0 1025 0 250 1025 465 1025 348 526 0 348 693 1210 1033 1 1025 77 348 1025 348 348 1025 348 282 1025 348 927 1025 348 348
0 1575 1575 0 0 0 0 0 0 0 1575 0 136 135 0 1260 0 0 0 0 0 0 1174 1575 1575 1575 348 1575 1575 0 0 0 0 0 0 0 1575 1080 0 1575 0 541 0 0 0 0 1575 0 1575 1575 0 1575 570 0 1575 0 0 1575 1575
0 1575 1575 0 0 0 0 0 0 0 1575 0 136 135 0 1260 0 0 0 0 0 0 1174 1575 1575 1575 348 1575 1575 0 0 0 0 0 0 0 1575 1080 0 1575 0 541 0 0 0 0 1575 0 1575 1575 0 1575 570 0 1575 0 0 1575 1575
0 0 0 0 58 117 0 587 0 0 0 0 95 176 0 0 0 1057 0 0 0 0 4 0 0 0 0 0 0 1575 0 1057 215 0 38 0 0 1 0 0 11 0 42 0 0 2 0 0 0 0 0 0 3 0 0 4 0 0 0
1575 0 0 1575 70 100 1575 986 0 0 0 1575 430 341 1575 0 0 0 0 1575 0 1575 188 0 0 0 1025 0 0 0 1575 0 243 1575 1015 1575 0 178 0 0 1243 1034 1159 0 1575 303 0 1575 0 0 1575 0 832 1575 0 1477 1575 0 0
0 0 0 0 58 117 0 587 0 0 0 0 131 233 0 315 0 1575 0 0 0 0 2 0 0 0 0 0 0 1057 0 1575 215 0 39 0 0 37 0 0 25 0 42 0 0 2 0 0 0 0 0 0 3 0 0 1 0 0 0
243 0 0 243 201 81 243 431 48 200 0 243 332 235 243 1 24 215 151 243 55 243 48 0 0 0 250 0 0 215 243 215 1575 243 70 243 0 70 98 0 243 243 260 93 243 46 0 243 0 0 243 0 51 243 0 244 243 0 0
1575 0 0 1575 70 100 1575 986 0 0 0 1575 430 341 1575 0 0 0 0 1575 0 1575 188 0 0 0 1025 0 0 0 1575 0 243 1575 1015 1575 0 178 0 0 1243 1034 1159 0 1575 303 0 1575 0 0 1575 0 832 1575 0 1477 1575 0 0
1015 0 0 1015 188 68 1015 426 4 115 0 1015 235 309 1015 0 9 39 4 1015 3 1015 188 0 0 0 465 0 0 38 1015 39 70 1015 1575 1015 0 37 4 0 683 474 599 0 1015 306 0 1015 0 0 1015 0 661 1015 0 917 1015 0 0
1575 0 0 1575 70 100 1575 986 0 0 0 1575 430 341 1575 0 0 0 0 1575 0 1575 188 0 0 0 1025 0 0 0 1575 0 243 1575 1015 1575 0 178 0 0 1243 1034 1159 0 1575 303 0 1575 0 0 1575 0 832 1575 0 1477 1575 0 0
0 1575 1575 0 0 0 0 0 0 0 1575 0 136 135 0 1260 0 0 0 0 0 0 1174 1575 1575 1575 348 1575 1575 0 0 0 0 0 0 0 1575 1080 0 1575 0 541 0 0 0 0 1575 0 1575 1575 0 1575 570 0 1575 0 0 1575 1575
178 1080 1080 178 96 70 178 178 19 96 1080 178 250 267 178 1115 1 37 19 178 1 178 987 1080 1080 1080 526 1080 1080 1 178 37 70 178 37 178 1080 1575 19 1080 175 719 178 91 178 1 1080 178 1080 1080 178 1080 75 178 1080 188 178 1080 1080
0 0 0 0 0 491 0 0 918 0 0 0 1 0 0 0 0 0 1376 0 0 0 0 0 0 0 0 0 0 0 0 0 98 0 4 0 0 19 1575 0 0 0 0 53 0 0 0 0 0 0 0 0 0 0 0 10 0 0 0
0 1575 1575 0 0 0 0 0 0 0 1575 0 136 135 0 1260 0 0 0 0 0 0 1174 1575 1575 1575 348 1575 1575 0 0 0 0 0 0 0 1575 1080 0 1575 0 541 0 0 0 0 1575 0 1575 1575 0 1575 570 0 1575 0 0 1575 1575
1243 0 0 1243 132 101 1243 654 0 62 0 1243 429 329 1243 8 85 25 0 1243 2 1243 153 0 0 0 693 0 0 11 1243 25 243 1243 683 1243 0 175 0 0 1575 702 827 0 1243 305 0 1243 0 0 1243 0 832 1243 0 1262 1243 0 0
1034 541 541 1034 4 33 1034 986 0 0 541 1034 337 181 1034 541 0 0 0 1034 0 1034 423 541 541 541 1210 541 541 0 1034 0 243 1034 474 1034 541 719 0 541 702 1575 972 0 1034 0 541 1034 541 541 1034 541 291 1034 541 936 1034 541 541
1159 0 0 1159 274 101 1159 1011 44 210 0 1159 244 98 1159 0 210 42 0 1159 210 1159 188 0 0 0 1033 0 0 42 1159 42 260 1159 599 1159 0 178 0 0 827 972 1575 0 1159 382 0 1159 0 0 1159 0 416 1159 0 1061 1159 0 0
0 0 0 0 0 403 0 0 0 91 0 0 156 198 0 0 86 0 7 0 91 0 0 0 0 0 1 0 0 0 0 0 93 0 0 0 0 91 53 0 0 0 0 1575 0 0 0 0 0 0 0 0 0 0 0 16 0 0 0
1575 0 0 1575 70 100 1575 986 0 0 0 1575 430 341 1575 0 0 0 0 1575 0 1575 188 0 0 0 1025 0 0 0 1575 0 243 1575 1015 1575 0 178 0 0 1243 1034 1159 0 1575 303 0 1575 0 0 1575 0 832 1575 0 1477 1575 0 0
303 0 0 303 457 71 303 2 13 279 0 303 172 168 303 0 279 2 0 303 876 303 168 0 0 0 77 0 0 2 303 2 46 303 306 303 0 1 0 0 305 0 382 0 303 1575 0 303 0 0 303 0 318 303 0 305 303 0 0
0 1575 1575 0 0 0 0 0 0 0 1575 0 136 135 0 1260 0 0 0 0 0 0 1174 1575 1575 1575 348 1575 1575 0 0 0 0 0 0 0 1575 1080 0 1575 0 541 0 0 0 0 1575 0 1575 1575 0 1575 570 0 1575 0 0 1575 1575
1575 0 0 1575 70 100 1575 986 0 0 0 1575 430 341 1575 0 0 0 0 1575 0 1575 188 0 0 0 1025 0 0 0 1575 0 243 1575 1015 1575 0 178 0 0 1243 1034 1159 0 1575 303 0 1575 0 0 1575 0 832 1575 0 1477 1575 0 0
0 1575 1575 0 0 0 0 0 0 0 1575 0 136 135 0 1260 0 0 0 0 0 0 1174 1575 1575 1575 348 1575 1575 0 0 0 0 0 0 0 1575 1080 0 1575 0 541 0 0 0 0 1575 0 1575 1575 0 1575 570 0 1575 0 0 1575 1575
0 1575 1575 0 0 0 0 0 0 0 1575 0 136 135 0 1260 0 0 0 0 0 0 1174 1575 1575 1575 348 1575 1575 0 0 0 0 0 0 0 1575 1080 0 1575 0 541 0 0 0 0 1575 0 1575 1575 0 1575 570 0 1575 0 0 1575 1575
1575 0 0 1575 70 100 1575 986 0 0 0 1575 430 341 1575 0 0 0 0 1575 0 1575 188 0 0 0 1025 0 0 0 1575 0 243 1575 1015 1575 0 178 0 0 1243 1034 1159 0 1575 303 0 1575 0 0 1575 0 832 1575 0 1477 1575 0 0
0 1575 1575 0 0 0 0 0 0 0 1575 0 136 135 0 1260 0 0 0 0 0 0 1174 1575 1575 1575 348 1575 1575 0 0 0 0 0 0 0 1575 1080 0 1575 0 541 0 0 0 0 1575 0 1575 1575 0 1575 570 0 1575 0 0 1575 1575
832 570 570 832 128 78 832 243 0 65 570 832 239 297 832 255 0 3 0 832 76 832 475 570 570 570 282 570 570 3 832 3 51 832 661 832 570 75 0 570 832 291 416 0 832 318 570 832 570 570 832 570 1575 832 570 832 832 570 570
1575 0 0 1575 70 100 1575 986 0 0 0 1575 430 341 1575 0 0 0 0 1575 0 1575 188 0 0 0 1025 0 0 0 1575 0 243 1575 1015 1575 0 178 0 0 1243 1034 1159 0 1575 303 0 1575 0 0 1575 0 832 1575 0 1477 1575 0 0
0 1575 1575 0 0 0 0 0 0 0 1575 0 136 135 0 1260 0 0 0 0 0 0 1174 1575 1575 1575 348 1575 1575 0 0 0 0 0 0 0 1575 1080 0 1575 0 541 0 0 0 0 1575 0 1575 1575 0 1575 570 0 1575 0 0 1575 1575
1477 0 0 1477 80 119 1477 888 10 10 0 1477 437 341 1477 1 19 1 10 1477 2 1477 187 0 0 0 927 0 0 4 1477 1 244 1477 917 1477 0 188 10 0 1262 936 1061 16 1477 305 0 1477 0 0 1477 0 832 1477 0 1575 1477 0 0
1575 0 0 1575 70 100 1575 986 0 0 0 1575 430 341 1575 0 0 0 0 1575 0 1575 188 0 0 0 1025 0 0 0 1575 0 243 1575 1015 1575 0 178 0 0 1243 1034 1159 0 1575 303 0 1575 0 0 1575 0 832 1575 0 1477 1575 0 0
0 1575 1575 0 0 0 0 0 0 0 1575 0 136 135 0 1260 0 0 0 0 0 0 1174 1575 1575 1575 348 1575 1575 0 0 0 0 0 0 0 1575 1080 0 1575 0 541 0 0 0 0 1575 0 1575 1575 0 1575 570 0 1575 0 0 1575 1575
0 1575 1575 0 0 0 0 0 0 0 1575 0 136 135 0 1260 0 0 0 0 0 0 1174 1575 1575 1575 348 1575 1575 0 0 0 0 0 0 0 1575 1080 0 1575 0 541 0 0 0 0 1575 0 1575 1575 0 1575 570 0 1575 0 0 1575 1575
