4260 2226 283 626 366 277 1858 74 34 5 3731 3742 39 0 1794 3 2478 362 916 119 1590 1715 205 4211 389 2192 640 387 34 621 376 0 3480 77 82 1093 1467 483 3096 4 630 1311 2369 468 276 4052 0 926 186 0 2389 3386 3140 91 3156 0 3919 3689 63
2226 4260 48 0 1409 399 359 39 489 1080 1985 1988 1115 709 2200 6 552 546 662 119 2346 1338 99 2220 1307 381 1349 814 600 960 370 0 2150 605 441 238 1823 493 1105 690 436 1314 2105 841 321 2054 71 7 399 71 2027 2237 2170 641 1165 71 2140 1970 564
283 48 4260 126 7 196 314 137 661 110 425 283 258 0 377 1567 280 127 204 30 51 150 85 280 69 480 0 385 239 371 107 0 280 36 421 156 185 260 287 0 538 31 81 291 51 281 0 8 678 0 42 352 280 178 280 0 335 295 1194
626 0 126 4260 216 504 715 238 18 0 631 626 0 11 115 152 641 23 39 120 120 319 65 626 58 655 58 38 39 82 0 0 0 206 898 636 28 234 649 1139 36 125 11 0 218 626 0 1178 31 0 11 647 0 27 654 0 707 626 76
366 1409 7 216 4260 413 505 207 6 1097 421 220 948 939 0 7 415 323 597 388 341 9 1079 415 1556 121 1639 49 113 6 33 17 415 536 7 16 32 6 471 775 237 58 167 6 713 387 0 450 151 0 49 417 160 827 415 0 416 200 6
277 399 196 504 413 4260 13 113 115 802 288 299 304 324 277 35 268 220 220 24 367 277 272 277 320 22 320 702 28 333 89 0 277 73 140 140 574 105 321 47 38 288 277 19 359 277 140 172 146 140 277 298 277 140 416 140 277 277 143
1858 359 314 715 505 13 4260 5 0 1 1757 1462 5 0 57 448 1794 404 791 202 127 442 114 1907 152 1506 90 211 151 363 384 363 1246 77 276 1068 102 270 1910 183 606 128 235 280 325 1879 41 975 507 41 264 1723 787 123 1935 41 1703 1409 642
74 39 137 238 207 113 5 4260 438 66 74 81 135 89 33 9 384 369 200 124 29 8 480 74 371 198 357 39 8 262 32 1524 74 206 8 15 15 193 391 33 299 1 0 212 416 74 0 881 8 0 0 10 74 8 385 0 86 90 8
34 489 661 18 6 115 0 438 4260 890 3 26 1080 0 806 0 0 1697 808 68 1292 21 5 0 1516 84 0 1507 1510 1966 953 0 0 281 912 14 1529 1507 0 0 187 0 0 1507 374 5 0 70 820 0 0 33 0 1 0 0 18 57 1507
5 1080 110 0 1097 802 1 66 890 4260 4 6 2029 1085 806 1 1 1161 859 4 1045 4 538 1 1902 1 1247 1356 1085 890 665 0 1 806 295 43 916 948 1 433 59 3 313 1047 403 16 0 88 857 0 195 42 0 481 1 0 42 6 890
3731 1985 425 631 421 288 1757 74 3 4 4260 3311 8 0 1706 81 2437 88 1009 9 1387 1363 199 3780 358 1879 565 401 3 337 417 0 3049 77 151 984 1289 421 2812 47 360 1053 1909 431 325 3586 45 955 378 45 1929 3042 2680 136 2872 45 3488 3258 193
3742 1988 283 626 220 299 1462 81 26 6 3311 4260 357 352 1757 3 2058 330 557 163 1564 1932 419 3791 378 2187 992 379 26 613 365 7 3060 423 74 1114 1459 475 2676 2 542 1311 2721 460 447 3597 0 1303 286 0 2741 3085 2715 384 2736 0 3710 4080 55
39 1115 258 0 948 304 5 135 1080 2029 8 357 4260 1640 865 2 5 1341 951 155 1166 327 621 5 1863 365 1470 1092 1118 1065 672 8 5 1439 416 173 1037 1032 6 12 113 3 696 1032 823 10 59 1033 875 59 578 42 59 514 5 59 5 354 1011
0 709 0 11 939 324 0 89 0 1085 0 352 1640 4260 0 0 0 0 12 1182 585 1424 1716 0 850 486 2565 0 107 15 0 0 0 1699 558 621 26 0 0 0 624 3 1793 140 600 0 0 388 61 0 1675 37 0 502 0 0 0 376 0
1794 2200 377 115 0 277 57 33 806 806 1706 1757 865 0 4260 12 280 889 1291 132 1990 1430 114 1794 1061 363 525 1217 879 1469 981 0 1724 7 627 171 2113 812 794 605 342 1223 1718 1070 75 1628 659 0 1178 659 1831 1988 2104 56 854 659 1686 1774 1207
3 6 1567 152 7 35 448 9 0 1 81 3 2 0 12 4260 121 3 355 113 142 73 65 0 99 85 0 12 0 615 15 0 0 4 11 9 19 26 32 0 110 6 5 652 1 1 0 1 5 0 11 14 0 26 22 0 55 26 29
2478 552 280 641 415 268 1794 384 0 1 2437 2058 5 0 280 121 4260 234 964 9 272 570 1151 2527 276 2155 176 281 0 557 577 0 1866 197 235 1086 301 1157 2769 301 615 278 676 106 449 2499 201 975 235 201 656 1702 1407 288 3495 201 2316 2005 0
362 546 127 23 323 220 404 369 1697 1161 88 330 1341 0 889 3 234 4260 911 205 1176 228 552 328 1694 527 303 1504 1391 1793 1151 581 328 289 810 285 1391 1658 428 2 655 41 315 1631 559 333 687 42 820 687 315 169 328 16 363 687 318 316 1414
916 662 204 39 597 220 791 200 808 859 1009 557 951 12 1291 355 964 911 4260 40 685 289 282 965 893 616 20 1045 932 846 761 30 965 50 296 305 983 1182 943 626 416 34 210 1102 425 937 34 314 1094 34 283 688 645 93 964 34 754 504 862
119 119 30 120 388 24 202 124 68 4 9 163 155 1182 132 113 9 205 40 4260 337 1273 1552 119 495 362 1716 13 12 29 102 134 119 670 632 534 142 21 11 66 699 110 1283 89 2 119 22 203 116 22 1283 119 119 1 9 22 119 208 85
1590 2346 51 120 341 367 127 29 1292 1045 1387 1564 1166 585 1990 142 272 1176 685 337 4260 1161 290 1556 1877 257 1225 1455 1377 1669 860 2 1486 331 1091 151 2369 1369 707 91 463 1145 1832 1661 40 1395 0 134 690 0 1754 1532 1556 52 695 0 1493 1570 1403
1715 1338 150 319 9 277 442 8 21 4 1363 1932 327 1424 1430 73 570 228 289 1273 1161 4260 1465 1715 130 1243 1476 825 472 1059 343 0 1707 836 1352 1222 1219 55 1188 323 1332 915 3143 189 208 1742 62 408 487 62 3137 1842 1715 738 1248 62 1672 1980 540
205 99 85 65 1079 272 114 480 5 538 199 419 621 1716 114 65 1151 552 282 1552 290 1465 4260 205 1273 984 2611 101 60 73 305 11 205 884 631 737 129 587 433 86 895 0 1496 279 501 205 242 350 82 242 1496 23 205 205 1182 242 204 468 73
4211 2220 280 626 415 277 1907 74 0 1 3780 3791 5 0 1794 0 2527 328 965 119 1556 1715 205 4260 355 2192 640 353 0 587 376 0 3529 77 48 1093 1433 449 3145 0 671 1311 2369 434 325 4066 0 975 235 0 2389 3435 3140 87 3205 0 3968 3738 29
389 1307 69 58 1556 320 152 371 1516 1902 358 378 1863 850 1061 99 276 1694 893 495 1877 130 1273 355 4260 126 2136 1517 1614 1507 943 68 285 455 923 88 1683 1521 265 21 187 168 301 1804 394 210 0 60 1062 0 273 306 355 11 277 0 292 368 1507
2192 381 480 655 121 22 1506 198 84 1 1879 2187 365 486 363 85 2155 527 616 362 257 1243 984 2192 126 4260 506 197 14 437 288 63 1531 559 214 1559 321 717 2178 61 494 271 1349 258 250 2192 123 1183 76 123 1329 1367 1368 348 2413 123 2045 2199 142
640 1349 0 58 1639 320 90 357 0 1247 565 992 1470 2565 525 0 176 303 20 1716 1225 1476 2611 640 2136 506 4260 2 107 0 0 0 570 1569 558 689 400 5 173 0 624 486 2393 442 795 474 0 388 197 0 2315 677 640 502 177 0 559 1016 32
387 814 385 38 49 702 211 39 1507 1356 401 379 1092 0 1217 12 281 1504 1045 13 1455 825 101 353 1517 197 2 4260 2147 2217 1537 0 353 21 2243 1087 1909 1965 163 45 770 269 404 1704 14 358 925 203 1320 925 438 842 353 1291 186 925 371 432 2090
34 600 239 39 113 28 151 8 1510 1085 3 26 1118 107 879 0 0 1391 932 12 1377 472 60 0 1614 14 107 2147 4260 2067 1087 0 0 236 1472 330 1677 1586 0 0 735 32 51 1695 616 5 0 158 1302 0 85 504 0 372 0 0 18 79 2067
621 960 371 82 6 333 363 262 1966 890 337 613 1065 15 1469 615 557 1793 846 29 1669 1059 73 587 1507 437 0 2217 2067 4260 1176 0 587 114 1648 498 1812 1953 744 230 965 477 638 1695 283 592 0 283 1464 0 672 1222 587 372 609 0 605 666 2258
376 370 107 0 33 89 384 32 953 665 417 365 672 0 981 15 577 1151 761 102 860 343 305 376 943 288 0 1537 1087 1176 4260 358 415 13 804 346 1242 1417 376 107 594 89 251 1230 295 376 1161 158 824 1161 251 196 794 580 376 1161 394 425 1087
0 0 0 0 17 0 363 1524 0 0 0 7 8 0 0 0 0 581 30 134 2 0 11 0 68 63 0 0 0 0 358 4260 0 6 0 0 0 7 0 0 164 0 0 91 1 0 0 0 0 0 26 19 0 5 0 0 12 16 0
3480 2150 280 0 415 277 1246 74 0 1 3049 3060 5 0 1724 0 1866 328 965 119 1486 1707 205 3529 285 1531 570 353 0 587 415 0 4260 83 14 538 1433 449 2484 0 671 1259 2339 434 986 3405 661 314 235 661 2319 2704 3731 87 2544 661 3307 3007 29
77 605 36 206 536 73 77 206 281 806 77 423 1439 1699 7 4 197 289 50 670 331 836 884 77 455 559 1569 21 236 114 13 6 83 4260 26 692 15 155 221 4 290 3 1205 20 759 77 83 984 62 83 1087 114 83 500 197 83 77 447 13
82 441 421 898 7 140 276 8 912 295 151 74 416 558 627 11 235 810 296 632 1091 1352 631 48 923 214 558 2243 1472 1648 804 0 14 26 4260 1353 1065 1067 48 876 1145 346 623 1110 3 53 1056 192 935 1056 657 710 14 1429 48 1056 147 127 1720
1093 238 156 636 16 140 1068 15 14 43 984 1114 173 621 171 9 1086 285 305 534 151 1222 737 1093 88 1559 689 1087 330 498 346 0 538 692 1353 4260 70 227 1025 256 573 482 978 193 44 1071 1800 836 377 1800 1012 1224 468 2051 1025 1800 1123 1126 709
1467 1823 185 28 32 574 102 15 1529 916 1289 1459 1037 26 2113 19 301 1391 983 142 2369 1219 129 1433 1683 321 400 1909 1677 1812 1242 0 1433 15 1065 70 4260 1728 584 64 340 909 1333 1998 56 1566 0 159 1044 0 1349 1427 1433 4 644 0 1451 1512 1768
483 493 260 234 6 105 270 193 1507 948 421 475 1032 0 812 26 1157 1658 1182 21 1369 55 587 449 1521 717 5 1965 1586 1953 1417 7 449 155 1067 227 1728 4260 810 972 654 0 211 1692 3 454 354 429 830 354 191 33 449 248 884 354 467 528 1611
3096 1105 287 649 471 321 1910 391 0 1 2812 2676 6 0 794 32 2769 428 943 11 707 1188 433 3145 265 2178 173 163 0 744 376 0 2484 221 48 1025 584 810 4260 26 1022 729 1294 93 498 3117 0 1403 247 0 1274 2320 2025 87 3308 0 2934 2623 3
4 690 0 1139 775 47 183 33 0 433 47 2 12 0 605 0 301 2 626 66 91 323 86 0 21 61 0 45 0 230 107 0 0 4 876 256 64 972 26 4260 54 20 1 22 1 15 0 14 36 0 74 13 0 1176 28 0 204 19 20
630 436 538 36 237 38 606 299 187 59 360 542 113 624 342 110 615 655 416 699 463 1332 895 671 187 494 624 770 735 965 594 164 671 290 1145 573 340 654 1022 54 4260 162 1059 721 287 653 357 470 503 357 1093 902 626 239 864 357 721 609 905
1311 1314 31 125 58 288 128 1 0 3 1053 1311 3 3 1223 6 278 41 34 110 1145 915 0 1311 168 271 486 269 32 477 89 0 1259 3 346 482 909 0 729 20 162 4260 1289 278 28 1255 560 6 32 560 1311 1379 1311 592 729 560 1273 1311 200
2369 2105 81 11 167 277 235 0 0 313 1909 2721 696 1793 1718 5 676 315 210 1283 1832 3143 1496 2369 301 1349 2393 404 51 638 251 0 2339 1205 623 978 1333 211 1294 1 1059 1289 4260 432 404 2243 40 388 112 40 4025 2052 2369 680 1354 40 2328 2745 120
468 841 291 0 6 19 280 212 1507 1047 431 460 1032 140 1070 652 106 1631 1102 89 1661 189 279 434 1804 258 442 1704 1695 1695 1230 91 434 20 1110 193 1998 1692 93 22 721 278 432 4260 3 539 155 172 1090 155 449 492 434 40 106 155 452 513 1955
276 321 51 218 713 359 325 416 374 403 325 447 823 600 75 1 449 559 425 2 40 208 501 325 394 250 795 14 616 283 295 1 986 759 3 44 56 3 498 1 287 28 404 3 4260 297 885 393 179 885 404 362 975 404 450 885 325 406 3
4052 2054 281 626 387 277 1879 74 5 16 3586 3597 10 0 1628 1 2499 333 937 119 1395 1742 205 4066 210 2192 474 358 5 592 376 0 3405 77 53 1071 1566 454 3117 15 653 1255 2243 539 297 4260 0 947 207 0 2223 3241 2974 102 3177 0 3855 3544 34
0 71 0 0 0 140 41 0 0 0 45 0 59 0 659 0 201 687 34 22 0 62 242 0 0 123 0 925 0 0 1161 0 661 83 1056 1800 0 354 0 0 357 560 40 155 885 0 4260 0 0 4260 0 0 1120 2091 0 4260 0 0 583
926 7 8 1178 450 172 975 881 70 88 955 1303 1033 388 0 1 975 42 314 203 134 408 350 975 60 1183 388 203 158 283 158 0 314 984 192 836 159 429 1403 14 470 6 388 172 393 947 0 4260 217 0 388 1008 0 274 975 0 979 1415 158
186 399 678 31 151 146 507 8 820 857 378 286 875 61 1178 5 235 820 1094 116 690 487 82 235 1062 76 197 1320 1302 1464 824 0 235 62 935 377 1044 830 247 36 503 32 112 1090 179 207 0 217 4260 0 146 865 0 449 235 0 235 286 1803
0 71 0 0 0 140 41 0 0 0 45 0 59 0 659 0 201 687 34 22 0 62 242 0 0 123 0 925 0 0 1161 0 661 83 1056 1800 0 354 0 0 357 560 40 155 885 0 4260 0 0 4260 0 0 1120 2091 0 4260 0 0 583
2389 2027 42 11 49 277 264 0 0 195 1929 2741 578 1675 1831 11 656 315 283 1283 1754 3137 1496 2389 273 1329 2315 438 85 672 251 26 2319 1087 657 1012 1349 191 1274 74 1093 1311 4025 449 404 2223 0 388 146 0 4260 2126 2389 666 1334 0 2308 2765 114
3386 2237 352 647 417 298 1723 10 33 42 3042 3085 42 37 1988 14 1702 169 688 119 1532 1842 23 3435 306 1367 677 842 504 1222 196 19 2704 114 710 1224 1427 33 2320 13 902 1379 2052 492 362 3241 0 1008 865 0 2126 4260 2315 408 2380 0 3208 3088 691
3140 2170 280 0 160 277 787 74 0 0 2680 2715 59 0 2104 0 1407 328 645 119 1556 1715 205 3140 355 1368 640 353 0 587 794 0 3731 83 14 468 1433 449 2025 0 626 1311 2369 434 975 2974 1120 0 0 1120 2389 2315 4260 87 2085 1120 2848 2682 29
91 641 178 27 827 140 123 8 1 481 136 384 514 502 56 26 288 16 93 1 52 738 205 87 11 348 502 1291 372 372 580 5 87 500 1429 2051 4 248 87 1176 239 592 680 40 404 102 2091 274 449 2091 666 408 87 4260 87 2091 87 363 955
3156 1165 280 654 415 416 1935 385 0 1 2872 2736 5 0 854 22 3495 363 964 9 695 1248 1182 3205 277 2413 177 186 0 609 376 0 2544 197 48 1025 644 884 3308 28 864 729 1354 106 450 3177 0 975 235 0 1334 2380 2085 87 4260 0 2994 2683 28
0 71 0 0 0 140 41 0 0 0 45 0 59 0 659 0 201 687 34 22 0 62 242 0 0 123 0 925 0 0 1161 0 661 83 1056 1800 0 354 0 0 357 560 40 155 885 0 4260 0 0 4260 0 0 1120 2091 0 4260 0 0 583
3919 2140 335 707 416 277 1703 86 18 42 3488 3710 5 0 1686 55 2316 318 754 119 1493 1672 204 3968 292 2045 559 371 18 605 394 12 3307 77 147 1123 1451 467 2934 204 721 1273 2328 452 325 3855 0 979 235 0 2308 3208 2848 87 2994 0 4260 3657 47
3689 1970 295 626 200 277 1409 90 57 6 3258 4080 354 376 1774 26 2005 316 504 208 1570 1980 468 3738 368 2199 1016 432 79 666 425 16 3007 447 127 1126 1512 528 2623 19 609 1311 2745 513 406 3544 0 1415 286 0 2765 3088 2682 363 2683 0 3657 4260 108
63 564 1194 76 6 143 642 8 1507 890 193 55 1011 0 1207 29 0 1414 862 85 1403 540 73 29 1507 142 32 2090 2067 2258 1087 0 29 13 1720 709 1768 1611 3 20 905 200 120 1955 3 34 583 158 1803 583 114 691 29 955 28 583 47 108 4260
