3582 0 117 1685 2388 3154 0 2553 0 3154 262 76 0 0 2865 0 0 0 2668 1812 0 3154 2940 3154 1 3154 3126 0 3088 232 3154 3154 3154 638 3154 3154 3180 0 2349 384 0 0 57 19 57 588 3154 649 3154 661 181 2587 3154 212 3154 0 3154 1771 3154
0 3582 0 0 0 0 3582 0 0 0 2083 3311 3582 3582 0 0 3582 3582 0 0 3582 0 120 0 3471 0 0 3582 9 0 0 0 0 1718 0 0 0 3582 0 0 3582 3582 0 2339 2463 1765 0 317 0 2847 0 310 0 2380 0 3582 0 1085 0
117 0 3582 187 177 173 0 98 102 173 1 4 0 0 80 0 0 0 117 79 0 173 173 173 0 173 173 0 156 809 173 173 173 45 173 173 173 0 102 240 0 0 27 859 1 77 173 270 173 0 847 365 173 106 173 0 173 173 173
1685 0 187 3582 1303 2029 0 2376 0 2029 41 4 0 0 1595 0 0 0 1217 720 0 2029 1815 2029 1 2029 2001 0 2029 217 2029 2029 2029 153 2029 2029 2003 0 1016 111 0 0 25 417 3 54 2029 241 2029 436 406 1395 2029 0 2029 0 2029 1133 2029
2388 0 177 1303 3582 2556 0 1955 0 2556 262 0 0 0 2163 0 0 0 2391 1071 0 2556 2342 2556 1 2556 2528 0 2490 219 2556 2556 2556 638 2556 2556 2530 0 2853 76 0 0 57 197 57 588 2556 175 2556 28 179 2551 2556 18 2556 0 2556 1173 2556
3154 0 173 2029 2556 3582 0 2981 0 3582 262 91 0 0 3148 0 0 0 2770 2056 0 3582 3368 3582 1 3582 3554 0 3516 219 3582 3582 3582 638 3582 3582 3556 0 2364 0 0 0 57 209 57 588 3582 716 3582 732 179 2648 3582 0 3582 0 3582 2199 3582
0 3582 0 0 0 0 3582 0 0 0 2083 3311 3582 3582 0 0 3582 3582 0 0 3582 0 120 0 3471 0 0 3582 9 0 0 0 0 1718 0 0 0 3582 0 0 3582 3582 0 2339 2463 1765 0 317 0 2847 0 310 0 2380 0 3582 0 1085 0
2553 0 98 2376 1955 2981 0 3582 68 2981 2 91 0 0 2547 0 0 0 2169 1455 0 2981 2767 2981 1 2981 2953 0 2981 24 2981 2981 2981 190 2981 2981 2955 0 1763 1 0 0 48 209 32 86 2981 542 2981 732 222 2047 2981 0 2981 0 2981 2061 2981
0 0 102 0 0 0 0 68 3582 0 0 0 0 0 0 77 0 0 42 0 0 0 0 0 42 0 0 0 0 0 0 0 0 0 0 0 0 0 0 0 0 0 0 0 0 78 0 0 0 0 0 0 0 0 0 0 0 52 0
3154 0 173 2029 2556 3582 0 2981 0 3582 262 91 0 0 3148 0 0 0 2770 2056 0 3582 3368 3582 1 3582 3554 0 3516 219 3582 3582 3582 638 3582 3582 3556 0 2364 0 0 0 57 209 57 588 3582 716 3582 732 179 2648 3582 0 3582 0 3582 2199 3582
262 2083 1 41 262 262 2083 2 0 262 3582 1812 2083 2083 262 0 2083 2083 262 273 2083 262 419 262 2084 262 262 2083 263 175 262 262 262 1983 262 262 262 2083 262 6 2083 2083 29 840 2580 2028 262 169 262 1348 2 572 262 881 262 2083 262 624 262
76 3311 4 4 0 91 3311 91 0 91 1812 3582 3311 3311 91 0 3311 3311 91 91 3311 91 211 91 3200 91 91 3311 100 4 91 91 91 1447 91 91 91 3311 74 9 3311 3311 1 2343 2192 1494 91 408 91 2938 4 39 91 2390 91 3311 91 1176 91
0 3582 0 0 0 0 3582 0 0 0 2083 3311 3582 3582 0 0 3582 3582 0 0 3582 0 120 0 3471 0 0 3582 9 0 0 0 0 1718 0 0 0 3582 0 0 3582 3582 0 2339 2463 1765 0 317 0 2847 0 310 0 2380 0 3582 0 1085 0
0 3582 0 0 0 0 3582 0 0 0 2083 3311 3582 3582 0 0 3582 3582 0 0 3582 0 120 0 3471 0 0 3582 9 0 0 0 0 1718 0 0 0 3582 0 0 3582 3582 0 2339 2463 1765 0 317 0 2847 0 310 0 2380 0 3582 0 1085 0
2865 0 80 1595 2163 3148 0 2547 0 3148 262 91 0 0 3582 0 0 0 2439 2441 0 3148 2934 3148 1 3148 3120 0 3082 222 3148 3148 3148 638 3148 3148 3122 0 2200 25 0 0 36 96 57 588 3148 716 3148 701 182 2214 3148 5 3148 0 3148 1828 3148
0 0 0 0 0 0 0 0 77 0 0 0 0 0 0 3582 0 0 29 0 0 0 0 0 2 0 0 0 0 0 0 0 0 0 0 0 0 0 0 0 0 0 14 1 68 0 0 1 0 0 0 51 0 21 0 0 0 0 0
0 3582 0 0 0 0 3582 0 0 0 2083 3311 3582 3582 0 0 3582 3582 0 0 3582 0 120 0 3471 0 0 3582 9 0 0 0 0 1718 0 0 0 3582 0 0 3582 3582 0 2339 2463 1765 0 317 0 2847 0 310 0 2380 0 3582 0 1085 0
0 3582 0 0 0 0 3582 0 0 0 2083 3311 3582 3582 0 0 3582 3582 0 0 3582 0 120 0 3471 0 0 3582 9 0 0 0 0 1718 0 0 0 3582 0 0 3582 3582 0 2339 2463 1765 0 317 0 2847 0 310 0 2380 0 3582 0 1085 0
2668 0 117 1217 2391 2770 0 2169 42 2770 262 91 0 0 2439 29 0 0 3582 1422 0 2770 2556 2770 1 2770 2742 0 2704 251 2770 2770 2770 638 2770 2770 2770 0 2364 3 0 0 119 18 57 588 2770 999 2770 380 211 2485 2770 433 2770 0 2770 1387 2770
1812 0 79 720 1071 2056 0 1455 0 2056 273 91 0 0 2441 0 0 0 1422 3582 0 2056 2085 2056 1 2056 2056 0 1990 287 2056 2056 2056 725 2056 2056 2038 0 1151 10 0 0 101 53 33 706 2056 760 2056 701 68 1122 2056 1 2056 0 2056 1640 2056
0 3582 0 0 0 0 3582 0 0 0 2083 3311 3582 3582 0 0 3582 3582 0 0 3582 0 120 0 3471 0 0 3582 9 0 0 0 0 1718 0 0 0 3582 0 0 3582 3582 0 2339 2463 1765 0 317 0 2847 0 310 0 2380 0 3582 0 1085 0
3154 0 173 2029 2556 3582 0 2981 0 3582 262 91 0 0 3148 0 0 0 2770 2056 0 3582 3368 3582 1 3582 3554 0 3516 219 3582 3582 3582 638 3582 3582 3556 0 2364 0 0 0 57 209 57 588 3582 716 3582 732 179 2648 3582 0 3582 0 3582 2199 3582
2940 120 173 1815 2342 3368 120 2767 0 3368 419 211 120 120 2934 0 120 120 2556 2085 120 3368 3582 3368 121 3368 3340 120 3302 225 3368 3368 3368 667 3368 3368 3342 120 2150 16 120 120 63 329 177 617 3368 716 3368 852 105 2434 3368 120 3368 120 3368 2319 3368
3154 0 173 2029 2556 3582 0 2981 0 3582 262 91 0 0 3148 0 0 0 2770 2056 0 3582 3368 3582 1 3582 3554 0 3516 219 3582 3582 3582 638 3582 3582 3556 0 2364 0 0 0 57 209 57 588 3582 716 3582 732 179 2648 3582 0 3582 0 3582 2199 3582
1 3471 0 1 1 1 3471 1 42 1 2084 3200 3471 3471 1 2 3471 3471 1 1 3471 1 121 1 3582 1 1 3471 10 1 1 1 1 1719 1 1 1 3471 1 1 3471 3471 1 2228 2463 1766 1 253 1 2736 0 311 1 2269 1 3471 1 1086 1
3154 0 173 2029 2556 3582 0 2981 0 3582 262 91 0 0 3148 0 0 0 2770 2056 0 3582 3368 3582 1 3582 3554 0 3516 219 3582 3582 3582 638 3582 3582 3556 0 2364 0 0 0 57 209 57 588 3582 716 3582 732 179 2648 3582 0 3582 0 3582 2199 3582
3126 0 173 2001 2528 3554 0 2953 0 3554 262 91 0 0 3120 0 0 0 2742 2056 0 3554 3340 3554 1 3554 3582 0 3488 219 3554 3554 3554 638 3554 3554 3528 0 2336 0 0 0 57 209 57 588 3554 716 3554 732 179 2620 3554 0 3554 0 3554 2199 3554
0 3582 0 0 0 0 3582 0 0 0 2083 3311 3582 3582 0 0 3582 3582 0 0 3582 0 120 0 3471 0 0 3582 9 0 0 0 0 1718 0 0 0 3582 0 0 3582 3582 0 2339 2463 1765 0 317 0 2847 0 310 0 2380 0 3582 0 1085 0
3088 9 156 2029 2490 3516 9 2981 0 3516 263 100 9 9 3082 0 9 9 2704 1990 9 3516 3302 3516 10 3516 3488 9 3582 221 3516 3516 3516 572 3516 3516 3490 9 2298 9 9 9 59 218 62 522 3516 692 3516 741 219 2582 3516 9 3516 9 3516 2172 3516
232 0 809 217 219 219 0 24 0 219 175 4 0 0 222 0 0 0 251 287 0 219 225 219 1 219 219 0 221 3582 219 219 219 227 219 219 219 0 237 11 0 0 2169 970 59 220 219 210 219 1 2714 418 219 152 219 0 219 7 219
3154 0 173 2029 2556 3582 0 2981 0 3582 262 91 0 0 3148 0 0 0 2770 2056 0 3582 3368 3582 1 3582 3554 0 3516 219 3582 3582 3582 638 3582 3582 3556 0 2364 0 0 0 57 209 57 588 3582 716 3582 732 179 2648 3582 0 3582 0 3582 2199 3582
3154 0 173 2029 2556 3582 0 2981 0 3582 262 91 0 0 3148 0 0 0 2770 2056 0 3582 3368 3582 1 3582 3554 0 3516 219 3582 3582 3582 638 3582 3582 3556 0 2364 0 0 0 57 209 57 588 3582 716 3582 732 179 2648 3582 0 3582 0 3582 2199 3582
3154 0 173 2029 2556 3582 0 2981 0 3582 262 91 0 0 3148 0 0 0 2770 2056 0 3582 3368 3582 1 3582 3554 0 3516 219 3582 3582 3582 638 3582 3582 3556 0 2364 0 0 0 57 209 57 588 3582 716 3582 732 179 2648 3582 0 3582 0 3582 2199 3582
638 1718 45 153 638 638 1718 190 0 638 1983 1447 1718 1718 638 0 1718 1718 638 725 1718 638 667 638 1719 638 638 1718 572 227 638 638 638 3582 638 638 638 1718 638 14 1718 1718 41 475 1751 3313 638 319 638 983 33 948 638 516 638 1718 638 357 638
3154 0 173 2029 2556 3582 0 2981 0 3582 262 91 0 0 3148 0 0 0 2770 2056 0 3582 3368 3582 1 3582 3554 0 3516 219 3582 3582 3582 638 3582 3582 3556 0 2364 0 0 0 57 209 57 588 3582 716 3582 732 179 2648 3582 0 3582 0 3582 2199 3582
3154 0 173 2029 2556 3582 0 2981 0 3582 262 91 0 0 3148 0 0 0 2770 2056 0 3582 3368 3582 1 3582 3554 0 3516 219 3582 3582 3582 638 3582 3582 3556 0 2364 0 0 0 57 209 57 588 3582 716 3582 732 179 2648 3582 0 3582 0 3582 2199 3582
3180 0 173 2003 2530 3556 0 2955 0 3556 262 91 0 0 3122 0 0 0 2770 2038 0 3556 3342 3556 1 3556 3528 0 3490 219 3556 3556 3556 638 3556 3556 3582 0 2364 26 0 0 57 183 57 588 3556 716 3556 732 179 2622 3556 26 3556 0 3556 2173 3556
0 3582 0 0 0 0 3582 0 0 0 2083 3311 3582 3582 0 0 3582 3582 0 0 3582 0 120 0 3471 0 0 3582 9 0 0 0 0 1718 0 0 0 3582 0 0 3582 3582 0 2339 2463 1765 0 317 0 2847 0 310 0 2380 0 3582 0 1085 0
2349 0 102 1016 2853 2364 0 1763 0 2364 262 74 0 0 2200 0 0 0 2364 1151 0 2364 2150 2364 1 2364 2336 0 2298 237 2364 2364 2364 638 2364 2364 2364 0 3582 28 0 0 34 18 57 588 2364 288 2364 113 197 2251 2364 1 2364 0 2364 981 2364
384 0 240 111 76 0 0 1 0 0 6 9 0 0 25 0 0 0 3 10 0 0 16 0 1 0 0 0 9 11 0 0 0 14 0 0 26 0 28 3582 0 0 136 42 81 24 0 269 0 2 157 267 0 213 0 0 0 1 0
0 3582 0 0 0 0 3582 0 0 0 2083 3311 3582 3582 0 0 3582 3582 0 0 3582 0 120 0 3471 0 0 3582 9 0 0 0 0 1718 0 0 0 3582 0 0 3582 3582 0 2339 2463 1765 0 317 0 2847 0 310 0 2380 0 3582 0 1085 0
0 3582 0 0 0 0 3582 0 0 0 2083 3311 3582 3582 0 0 3582 3582 0 0 3582 0 120 0 3471 0 0 3582 9 0 0 0 0 1718 0 0 0 3582 0 0 3582 3582 0 2339 2463 1765 0 317 0 2847 0 310 0 2380 0 3582 0 1085 0
57 0 27 25 57 57 0 48 0 57 29 1 0 0 36 14 0 0 119 101 0 57 63 57 1 57 57 0 59 2169 57 57 57 41 57 57 57 0 34 136 0 0 3582 3 40 34 57 159 57 20 1675 66 57 49 57 0 57 59 57
19 2339 859 417 197 209 2339 209 0 209 840 2343 2339 2339 96 1 2339 2339 18 53 2339 209 329 209 2228 209 209 2339 218 970 209 209 209 475 209 209 183 2339 18 42 2339 2339 3 3582 1220 522 209 320 209 2320 970 388 209 2484 209 2339 209 1294 209
57 2463 1 3 57 57 2463 32 0 57 2580 2192 2463 2463 57 68 2463 2463 57 33 2463 57 177 57 2463 57 57 2463 62 59 57 57 57 1751 57 57 57 2463 57 81 2463 2463 40 1220 3582 1796 57 1 57 1728 26 367 57 1261 57 2463 57 995 57
588 1765 77 54 588 588 1765 86 78 588 2028 1494 1765 1765 588 0 1765 1765 588 706 1765 588 617 588 1766 588 588 1765 522 220 588 588 588 3313 588 588 588 1765 588 24 1765 1765 34 522 1796 3582 588 325 588 1030 1 898 588 563 588 1765 588 453 588
3154 0 173 2029 2556 3582 0 2981 0 3582 262 91 0 0 3148 0 0 0 2770 2056 0 3582 3368 3582 1 3582 3554 0 3516 219 3582 3582 3582 638 3582 3582 3556 0 2364 0 0 0 57 209 57 588 3582 716 3582 732 179 2648 3582 0 3582 0 3582 2199 3582
649 317 270 241 175 716 317 542 0 716 169 408 317 317 716 1 317 317 999 760 317 716 716 716 253 716 716 317 692 210 716 716 716 319 716 716 716 317 288 269 317 317 159 320 1 325 716 3582 716 855 112 232 716 531 716 317 716 715 716
3154 0 173 2029 2556 3582 0 2981 0 3582 262 91 0 0 3148 0 0 0 2770 2056 0 3582 3368 3582 1 3582 3554 0 3516 219 3582 3582 3582 638 3582 3582 3556 0 2364 0 0 0 57 209 57 588 3582 716 3582 732 179 2648 3582 0 3582 0 3582 2199 3582
661 2847 0 436 28 732 2847 732 0 732 1348 2938 2847 2847 701 0 2847 2847 380 701 2847 732 852 732 2736 732 732 2847 741 1 732 732 732 983 732 732 732 2847 113 2 2847 2847 20 2320 1728 1030 732 855 732 3582 1 87 732 2359 732 2847 732 1817 732
181 0 847 406 179 179 0 222 0 179 2 4 0 0 182 0 0 0 211 68 0 179 105 179 0 179 179 0 219 2714 179 179 179 33 179 179 179 0 197 157 0 0 1675 970 26 1 179 112 179 1 3582 371 179 147 179 0 179 0 179
2587 310 365 1395 2551 2648 310 2047 0 2648 572 39 310 310 2214 51 310 310 2485 1122 310 2648 2434 2648 311 2648 2620 310 2582 418 2648 2648 2648 948 2648 2648 2622 310 2251 267 310 310 66 388 367 898 2648 232 2648 87 371 3582 2648 26 2648 310 2648 1265 2648
3154 0 173 2029 2556 3582 0 2981 0 3582 262 91 0 0 3148 0 0 0 2770 2056 0 3582 3368 3582 1 3582 3554 0 3516 219 3582 3582 3582 638 3582 3582 3556 0 2364 0 0 0 57 209 57 588 3582 716 3582 732 179 2648 3582 0 3582 0 3582 2199 3582
212 2380 106 0 18 0 2380 0 0 0 881 2390 2380 2380 5 21 2380 2380 433 1 2380 0 120 0 2269 0 0 2380 9 152 0 0 0 516 0 0 26 2380 1 213 2380 2380 49 2484 1261 563 0 531 0 2359 147 26 0 3582 0 2380 0 1085 0
3154 0 173 2029 2556 3582 0 2981 0 3582 262 91 0 0 3148 0 0 0 2770 2056 0 3582 3368 3582 1 3582 3554 0 3516 219 3582 3582 3582 638 3582 3582 3556 0 2364 0 0 0 57 209 57 588 3582 716 3582 732 179 2648 3582 0 3582 0 3582 2199 3582
0 3582 0 0 0 0 3582 0 0 0 2083 3311 3582 3582 0 0 3582 3582 0 0 3582 0 120 0 3471 0 0 3582 9 0 0 0 0 1718 0 0 0 3582 0 0 3582 3582 0 2339 2463 1765 0 317 0 2847 0 310 0 2380 0 3582 0 1085 0
3154 0 173 2029 2556 3582 0 2981 0 3582 262 91 0 0 3148 0 0 0 2770 2056 0 3582 3368 3582 1 3582 3554 0 3516 219 3582 3582 3582 638 3582 3582 3556 0 2364 0 0 0 57 209 57 588 3582 716 3582 732 179 2648 3582 0 3582 0 3582 2199 3582
1771 1085 173 1133 1173 2199 1085 2061 52 2199 624 1176 1085 1085 1828 0 1085 1085 1387 1640 1085 2199 2319 2199 1086 2199 2199 1085 2172 7 2199 2199 2199 357 2199 2199 2173 1085 981 1 1085 1085 59 1294 995 453 2199 715 2199 1817 0 1265 2199 1085 2199 1085 2199 3582 2199
3154 0 173 2029 2556 3582 0 2981 0 3582 262 91 0 0 3148 0 0 0 2770 2056 0 3582 3368 3582 1 3582 3554 0 3516 219 3582 3582 3582 638 3582 3582 3556 0 2364 0 0 0 57 209 57 588 3582 716 3582 732 179 2648 3582 0 3582 0 3582 2199 3582
