1827 0 0 1693 1693 70 0 0 0 0 42 759 0 0 0 128 97 0 1639 1334 1072 0 0 1693 0 1693 0 110 0 0 0 627 553 1693 0 0 0 1693 895 1478 0 3 0 45 1044 1693 0 1693 46 366 0 529 144 1678 192 0 0 0 1693
0 1827 957 0 0 1746 1798 1827 0 1827 6 145 1827 0 1827 11 1309 1827 18 29 44 1827 1827 0 1827 0 1827 1075 1827 1389 1062 0 3 0 1827 1609 1827 0 23 0 1827 4 1731 1092 57 0 1827 0 247 72 1827 261 343 0 13 0 1827 1766 0
0 957 1827 0 0 941 959 957 31 957 6 152 957 31 957 9 646 957 8 58 89 957 957 0 957 0 957 610 957 740 602 0 0 0 957 819 957 0 27 0 957 169 863 626 126 0 957 0 172 104 957 25 266 0 3 67 957 912 0
1693 0 0 1827 1827 70 0 0 0 0 42 825 0 0 0 128 97 0 1773 1468 1088 0 0 1827 0 1827 0 85 0 0 0 679 553 1827 0 0 0 1827 1029 1612 0 3 0 64 1178 1827 0 1827 27 439 0 573 117 1812 158 0 0 0 1827
1693 0 0 1827 1827 70 0 0 0 0 42 825 0 0 0 128 97 0 1773 1468 1088 0 0 1827 0 1827 0 85 0 0 0 679 553 1827 0 0 0 1827 1029 1612 0 3 0 64 1178 1827 0 1827 27 439 0 573 117 1812 158 0 0 0 1827
70 1746 941 70 70 1827 1717 1746 0 1746 6 215 1746 0 1746 11 1377 1746 88 99 114 1746 1746 70 1746 70 1746 994 1746 1387 1056 0 73 70 1746 1528 1746 70 23 70 1746 9 1650 1011 57 70 1746 70 247 72 1746 261 343 70 64 0 1746 1685 70
0 1798 959 0 0 1717 1827 1798 0 1798 6 116 1798 0 1798 11 1280 1798 18 29 44 1798 1798 0 1798 0 1798 1046 1798 1360 1062 0 3 0 1798 1580 1798 0 23 0 1798 6 1702 1063 61 0 1798 0 247 72 1798 261 347 0 13 4 1798 1737 0
0 1827 957 0 0 1746 1798 1827 0 1827 6 145 1827 0 1827 11 1309 1827 18 29 44 1827 1827 0 1827 0 1827 1075 1827 1389 1062 0 3 0 1827 1609 1827 0 23 0 1827 4 1731 1092 57 0 1827 0 247 72 1827 261 343 0 13 0 1827 1766 0
0 0 31 0 0 0 0 0 1827 0 0 0 0 1827 0 0 0 0 0 0 0 0 0 0 0 0 0 0 0 0 0 0 0 0 0 0 0 0 0 0 0 16 0 0 0 0 0 0 0 0 0 0 7 0 0 0 0 0 0
0 1827 957 0 0 1746 1798 1827 0 1827 6 145 1827 0 1827 11 1309 1827 18 29 44 1827 1827 0 1827 0 1827 1075 1827 1389 1062 0 3 0 1827 1609 1827 0 23 0 1827 4 1731 1092 57 0 1827 0 247 72 1827 261 343 0 13 0 1827 1766 0
42 6 6 42 42 6 6 6 0 6 1827 48 6 0 6 17 58 6 42 42 46 6 6 42 6 42 6 6 6 266 0 146 45 42 6 6 6 42 3 42 6 0 6 187 0 42 6 42 395 4 6 123 76 43 133 52 6 6 42
759 145 152 825 825 215 116 145 0 145 48 1827 145 0 145 146 242 145 836 749 725 145 145 825 145 825 145 96 145 145 113 275 352 825 145 133 145 825 314 767 145 491 176 163 243 825 145 825 32 557 145 378 147 825 132 426 145 199 825
0 1827 957 0 0 1746 1798 1827 0 1827 6 145 1827 0 1827 11 1309 1827 18 29 44 1827 1827 0 1827 0 1827 1075 1827 1389 1062 0 3 0 1827 1609 1827 0 23 0 1827 4 1731 1092 57 0 1827 0 247 72 1827 261 343 0 13 0 1827 1766 0
0 0 31 0 0 0 0 0 1827 0 0 0 0 1827 0 0 0 0 0 0 0 0 0 0 0 0 0 0 0 0 0 0 0 0 0 0 0 0 0 0 0 16 0 0 0 0 0 0 0 0 0 0 7 0 0 0 0 0 0
0 1827 957 0 0 1746 1798 1827 0 1827 6 145 1827 0 1827 11 1309 1827 18 29 44 1827 1827 0 1827 0 1827 1075 1827 1389 1062 0 3 0 1827 1609 1827 0 23 0 1827 4 1731 1092 57 0 1827 0 247 72 1827 261 343 0 13 0 1827 1766 0
128 11 9 128 128 11 11 11 0 11 17 146 11 0 11 1827 281 11 128 121 203 11 11 128 11 128 11 8 11 3 190 23 102 128 11 11 11 128 699 128 11 53 11 10 23 128 11 128 2 417 11 125 124 128 0 1039 11 11 128
97 1309 646 97 97 1377 1280 1309 0 1309 58 242 1309 0 1309 281 1827 1309 115 126 141 1309 1309 97 1309 97 1309 557 1309 1311 1036 12 100 97 1309 1091 1309 97 286 97 1309 4 1213 574 8 97 1309 97 249 347 1309 264 5 97 69 348 1309 1248 97
0 1827 957 0 0 1746 1798 1827 0 1827 6 145 1827 0 1827 11 1309 1827 18 29 44 1827 1827 0 1827 0 1827 1075 1827 1389 1062 0 3 0 1827 1609 1827 0 23 0 1827 4 1731 1092 57 0 1827 0 247 72 1827 261 343 0 13 0 1827 1766 0
1639 18 8 1773 1773 88 18 18 0 18 42 836 18 0 18 128 115 18 1827 1414 1034 18 18 1773 18 1773 18 103 18 18 12 679 553 1773 18 18 18 1773 1040 1558 18 14 18 82 1124 1773 18 1773 27 450 18 532 110 1758 158 11 18 18 1773
1334 29 58 1468 1468 99 29 29 0 29 42 749 29 0 29 121 126 29 1414 1827 1044 29 29 1468 29 1468 29 58 29 29 29 320 504 1468 29 236 29 1468 670 1468 29 197 29 64 819 1468 29 1468 26 203 29 589 117 1468 158 0 29 29 1468
1072 44 89 1088 1088 114 44 44 0 44 46 725 44 0 44 203 141 44 1034 1044 1827 44 44 1088 44 1088 44 68 44 44 44 162 690 1088 44 42 44 1088 290 961 44 531 76 67 439 1088 44 1088 29 326 44 487 122 1073 158 23 44 44 1088
0 1827 957 0 0 1746 1798 1827 0 1827 6 145 1827 0 1827 11 1309 1827 18 29 44 1827 1827 0 1827 0 1827 1075 1827 1389 1062 0 3 0 1827 1609 1827 0 23 0 1827 4 1731 1092 57 0 1827 0 247 72 1827 261 343 0 13 0 1827 1766 0
0 1827 957 0 0 1746 1798 1827 0 1827 6 145 1827 0 1827 11 1309 1827 18 29 44 1827 1827 0 1827 0 1827 1075 1827 1389 1062 0 3 0 1827 1609 1827 0 23 0 1827 4 1731 1092 57 0 1827 0 247 72 1827 261 343 0 13 0 1827 1766 0
1693 0 0 1827 1827 70 0 0 0 0 42 825 0 0 0 128 97 0 1773 1468 1088 0 0 1827 0 1827 0 85 0 0 0 679 553 1827 0 0 0 1827 1029 1612 0 3 0 64 1178 1827 0 1827 27 439 0 573 117 1812 158 0 0 0 1827
0 1827 957 0 0 1746 1798 1827 0 1827 6 145 1827 0 1827 11 1309 1827 18 29 44 1827 1827 0 1827 0 1827 1075 1827 1389 1062 0 3 0 1827 1609 1827 0 23 0 1827 4 1731 1092 57 0 1827 0 247 72 1827 261 343 0 13 0 1827 1766 0
1693 0 0 1827 1827 70 0 0 0 0 42 825 0 0 0 128 97 0 1773 1468 1088 0 0 1827 0 1827 0 85 0 0 0 679 553 1827 0 0 0 1827 1029 1612 0 3 0 64 1178 1827 0 1827 27 439 0 573 117 1812 158 0 0 0 1827
0 1827 957 0 0 1746 1798 1827 0 1827 6 145 1827 0 1827 11 1309 1827 18 29 44 1827 1827 0 1827 0 1827 1075 1827 1389 1062 0 3 0 1827 1609 1827 0 23 0 1827 4 1731 1092 57 0 1827 0 247 72 1827 261 343 0 13 0 1827 1766 0
110 1075 610 85 85 994 1046 1075 0 1075 6 96 1075 0 1075 8 557 1075 103 58 68 1075 1075 85 1075 85 1075 1827 1075 637 310 60 99 85 1075 1076 1075 85 108 96 1075 61 1042 1065 142 85 1075 85 62 188 1075 8 343 70 384 0 1075 1074 85
0 1827 957 0 0 1746 1798 1827 0 1827 6 145 1827 0 1827 11 1309 1827 18 29 44 1827 1827 0 1827 0 1827 1075 1827 1389 1062 0 3 0 1827 1609 1827 0 23 0 1827 4 1731 1092 57 0 1827 0 247 72 1827 261 343 0 13 0 1827 1766 0
0 1389 740 0 0 1387 1360 1389 0 1389 266 145 1389 0 1389 3 1311 1389 18 29 44 1389 1389 0 1389 0 1389 637 1389 1827 1049 114 3 0 1389 1171 1389 0 3 0 1389 4 1293 654 90 0 1389 0 422 81 1389 261 73 0 0 0 1389 1328 0
0 1062 602 0 0 1056 1062 1062 0 1062 0 113 1062 0 1062 190 1036 1062 12 29 44 1062 1062 0 1062 0 1062 310 1062 1049 1827 0 3 0 1062 844 1062 0 190 0 1062 33 966 327 76 0 1062 0 217 37 1062 261 52 0 0 162 1062 1001 0
627 0 0 679 679 0 0 0 0 0 146 275 0 0 0 23 12 0 679 320 162 0 0 679 0 679 0 60 0 114 0 1827 311 679 0 0 0 679 690 464 0 33 0 64 644 679 0 679 278 402 0 32 171 664 132 0 0 0 679
553 3 0 553 553 73 3 3 0 3 45 352 3 0 3 102 100 3 553 504 690 3 3 553 3 553 3 99 3 3 3 311 1827 553 3 3 3 553 115 628 3 206 3 1 159 553 3 553 180 60 3 268 144 553 311 70 3 3 553
1693 0 0 1827 1827 70 0 0 0 0 42 825 0 0 0 128 97 0 1773 1468 1088 0 0 1827 0 1827 0 85 0 0 0 679 553 1827 0 0 0 1827 1029 1612 0 3 0 64 1178 1827 0 1827 27 439 0 573 117 1812 158 0 0 0 1827
0 1827 957 0 0 1746 1798 1827 0 1827 6 145 1827 0 1827 11 1309 1827 18 29 44 1827 1827 0 1827 0 1827 1075 1827 1389 1062 0 3 0 1827 1609 1827 0 23 0 1827 4 1731 1092 57 0 1827 0 247 72 1827 261 343 0 13 0 1827 1766 0
0 1609 819 0 0 1528 1580 1609 0 1609 6 133 1609 0 1609 11 1091 1609 18 236 42 1609 1609 0 1609 0 1609 1076 1609 1171 844 0 3 0 1609 1827 1609 0 23 0 1609 101 1513 1092 57 0 1609 0 39 72 1609 261 343 0 13 0 1609 1609 0
0 1827 957 0 0 1746 1798 1827 0 1827 6 145 1827 0 1827 11 1309 1827 18 29 44 1827 1827 0 1827 0 1827 1075 1827 1389 1062 0 3 0 1827 1609 1827 0 23 0 1827 4 1731 1092 57 0 1827 0 247 72 1827 261 343 0 13 0 1827 1766 0
1693 0 0 1827 1827 70 0 0 0 0 42 825 0 0 0 128 97 0 1773 1468 1088 0 0 1827 0 1827 0 85 0 0 0 679 553 1827 0 0 0 1827 1029 1612 0 3 0 64 1178 1827 0 1827 27 439 0 573 117 1812 158 0 0 0 1827
895 23 27 1029 1029 23 23 23 0 23 3 314 23 0 23 699 286 23 1040 670 290 23 23 1029 23 1029 23 108 23 3 190 690 115 1029 23 23 23 1029 1827 814 23 52 23 87 1004 1029 23 1029 5 758 23 165 46 1014 0 509 23 23 1029
1478 0 0 1612 1612 70 0 0 0 0 42 767 0 0 0 128 97 0 1558 1468 961 0 0 1612 0 1612 0 96 0 0 0 464 628 1612 0 0 0 1612 814 1827 0 3 0 64 963 1612 0 1612 27 224 0 655 117 1613 373 0 0 0 1612
0 1827 957 0 0 1746 1798 1827 0 1827 6 145 1827 0 1827 11 1309 1827 18 29 44 1827 1827 0 1827 0 1827 1075 1827 1389 1062 0 3 0 1827 1609 1827 0 23 0 1827 4 1731 1092 57 0 1827 0 247 72 1827 261 343 0 13 0 1827 1766 0
3 4 169 3 3 9 6 4 16 4 0 491 4 16 4 53 4 4 14 197 531 4 4 3 4 3 4 61 4 4 33 33 206 3 4 101 4 3 52 3 4 1827 55 88 34 3 4 3 32 368 4 30 95 3 7 295 4 5 3
0 1731 863 0 0 1650 1702 1731 0 1731 6 176 1731 0 1731 11 1213 1731 18 29 76 1731 1731 0 1731 0 1731 1042 1731 1293 966 0 3 0 1731 1513 1731 0 23 0 1731 55 1827 1050 57 0 1731 0 247 69 1731 261 343 0 13 0 1731 1670 0
45 1092 626 64 64 1011 1063 1092 0 1092 187 163 1092 0 1092 10 574 1092 82 64 67 1092 1092 64 1092 64 1092 1065 1092 654 327 64 1 64 1092 1092 1092 64 87 64 1092 88 1050 1827 121 64 1092 64 74 122 1092 2 343 65 13 0 1092 1092 64
1044 57 126 1178 1178 57 61 57 0 57 0 243 57 0 57 23 8 57 1124 819 439 57 57 1178 57 1178 57 142 57 90 76 644 159 1178 57 57 57 1178 1004 963 57 34 57 121 1827 1178 57 1178 25 415 57 213 238 1163 0 69 57 57 1178
1693 0 0 1827 1827 70 0 0 0 0 42 825 0 0 0 128 97 0 1773 1468 1088 0 0 1827 0 1827 0 85 0 0 0 679 553 1827 0 0 0 1827 1029 1612 0 3 0 64 1178 1827 0 1827 27 439 0 573 117 1812 158 0 0 0 1827
0 1827 957 0 0 1746 1798 1827 0 1827 6 145 1827 0 1827 11 1309 1827 18 29 44 1827 1827 0 1827 0 1827 1075 1827 1389 1062 0 3 0 1827 1609 1827 0 23 0 1827 4 1731 1092 57 0 1827 0 247 72 1827 261 343 0 13 0 1827 1766 0
1693 0 0 1827 1827 70 0 0 0 0 42 825 0 0 0 128 97 0 1773 1468 1088 0 0 1827 0 1827 0 85 0 0 0 679 553 1827 0 0 0 1827 1029 1612 0 3 0 64 1178 1827 0 1827 27 439 0 573 117 1812 158 0 0 0 1827
46 247 172 27 27 247 247 247 0 247 395 32 247 0 247 2 249 247 27 26 29 247 247 27 247 27 247 62 247 422 217 278 180 27 247 39 247 27 5 27 247 32 247 74 25 27 247 27 1827 16 247 141 98 27 147 0 247 186 27
366 72 104 439 439 72 72 72 0 72 4 557 72 0 72 417 347 72 450 203 326 72 72 439 72 439 72 188 72 81 37 402 60 439 72 72 72 439 758 224 72 368 69 122 415 439 72 439 16 1827 72 61 130 424 51 541 72 72 439
0 1827 957 0 0 1746 1798 1827 0 1827 6 145 1827 0 1827 11 1309 1827 18 29 44 1827 1827 0 1827 0 1827 1075 1827 1389 1062 0 3 0 1827 1609 1827 0 23 0 1827 4 1731 1092 57 0 1827 0 247 72 1827 261 343 0 13 0 1827 1766 0
529 261 25 573 573 261 261 261 0 261 123 378 261 0 261 125 264 261 532 589 487 261 261 573 261 573 261 8 261 261 261 32 268 573 261 261 261 573 165 655 261 30 261 2 213 573 261 573 141 61 261 1827 88 574 150 0 261 261 573
144 343 266 117 117 343 347 343 7 343 76 147 343 7 343 124 5 343 110 117 122 343 343 117 343 117 343 343 343 73 52 171 144 117 343 343 343 117 46 117 343 95 343 343 238 117 343 117 98 130 343 88 1827 118 9 130 343 343 117
1678 0 0 1812 1812 70 0 0 0 0 43 825 0 0 0 128 97 0 1758 1468 1073 0 0 1812 0 1812 0 70 0 0 0 664 553 1812 0 0 0 1812 1014 1613 0 3 0 65 1163 1812 0 1812 27 424 0 574 118 1827 159 0 0 0 1812
192 13 3 158 158 64 13 13 0 13 133 132 13 0 13 0 69 13 158 158 158 13 13 158 13 158 13 384 13 0 0 132 311 158 13 13 13 158 0 373 13 7 13 13 0 158 13 158 147 51 13 150 9 159 1827 0 13 13 158
0 0 67 0 0 0 4 0 0 0 52 426 0 0 0 1039 348 0 11 0 23 0 0 0 0 0 0 0 0 0 162 0 70 0 0 0 0 0 509 0 0 295 0 0 69 0 0 0 0 541 0 0 130 0 0 1827 0 54 0
0 1827 957 0 0 1746 1798 1827 0 1827 6 145 1827 0 1827 11 1309 1827 18 29 44 1827 1827 0 1827 0 1827 1075 1827 1389 1062 0 3 0 1827 1609 1827 0 23 0 1827 4 1731 1092 57 0 1827 0 247 72 1827 261 343 0 13 0 1827 1766 0
0 1766 912 0 0 1685 1737 1766 0 1766 6 199 1766 0 1766 11 1248 1766 18 29 44 1766 1766 0 1766 0 1766 1074 1766 1328 1001 0 3 0 1766 1609 1766 0 23 0 1766 5 1670 1092 57 0 1766 0 186 72 1766 261 343 0 13 54 1766 1827 0
1693 0 0 1827 1827 70 0 0 0 0 42 825 0 0 0 128 97 0 1773 1468 1088 0 0 1827 0 1827 0 85 0 0 0 679 553 1827 0 0 0 1827 1029 1612 0 3 0 64 1178 1827 0 1827 27 439 0 573 117 1812 158 0 0 0 1827
