1651 2 3 1576 1576 55 2 487 2 1 1576 2 2 23 2 1576 785 2 1576 1576 1332 1576 1576 886 2 1576 504 2 1576 0 1576 621 2 65 463 2 2 1 2 1576 1511 31 1576 344 2 1576 2 1576 1576 101 1576 807 2 1576 337 913 1468 1576 2
2 1651 197 0 0 44 1593 1008 1163 6 0 1601 1601 12 1601 0 771 1601 0 0 49 0 0 616 1601 0 1010 1588 0 1190 0 37 1601 426 840 1601 1601 0 1394 0 0 1494 0 154 734 0 1601 0 0 118 0 1 824 0 19 130 149 0 1601
3 197 1651 0 0 2 189 189 193 0 0 189 189 1 189 0 0 189 0 0 0 0 0 275 189 0 12 202 0 0 0 156 189 189 0 189 189 0 189 0 0 82 0 127 189 0 189 0 0 98 0 0 189 0 0 100 148 0 189
1576 0 0 1651 1651 32 0 485 0 0 1651 0 0 0 0 1651 860 0 1651 1651 1407 1651 1651 884 0 1651 579 0 1651 0 1651 696 0 63 538 0 0 0 0 1651 1586 29 1651 352 0 1651 0 1651 1651 163 1651 882 0 1651 412 988 1502 1651 0
1576 0 0 1651 1651 32 0 485 0 0 1651 0 0 0 0 1651 860 0 1651 1651 1407 1651 1651 884 0 1651 579 0 1651 0 1651 696 0 63 538 0 0 0 0 1651 1586 29 1651 352 0 1651 0 1651 1651 163 1651 882 0 1651 412 988 1502 1651 0
55 44 2 32 32 1651 44 42 42 2 32 42 42 1301 42 32 32 42 32 32 75 32 32 34 42 32 66 42 32 232 32 302 42 1 159 42 42 57 76 32 32 68 32 746 688 32 42 32 32 3 32 682 698 32 86 231 8 32 42
2 1593 189 0 0 44 1651 1050 1205 2 0 1643 1643 2 1643 0 771 1643 0 0 49 0 0 600 1643 0 1060 1630 0 1232 0 25 1643 426 828 1643 1643 0 1436 0 0 1536 0 142 776 0 1643 0 0 100 0 1 866 0 1 151 149 0 1643
487 1008 189 485 485 42 1050 1651 1094 0 485 1058 1058 0 1058 485 178 1058 485 485 277 485 485 1093 1058 485 467 1045 485 647 485 81 1058 426 235 1058 1058 0 1058 485 420 951 485 142 784 485 1058 485 485 100 485 1 874 485 1 636 634 485 1058
2 1163 193 0 0 42 1205 1094 1651 46 0 1213 1213 0 1213 0 333 1213 0 0 41 0 0 608 1213 0 622 1200 0 802 0 78 1213 427 390 1213 1213 0 1213 0 0 1106 0 142 784 0 1213 0 0 100 0 1 874 0 1 151 149 0 1213
1 6 0 0 0 2 2 0 46 1651 0 0 0 0 0 0 0 0 0 0 1 0 0 1 0 0 0 0 0 0 0 0 0 0 27 0 0 0 5 0 0 2 0 10 2 0 0 0 0 0 0 0 2 0 1 0 0 0 0
1576 0 0 1651 1651 32 0 485 0 0 1651 0 0 0 0 1651 860 0 1651 1651 1407 1651 1651 884 0 1651 579 0 1651 0 1651 696 0 63 538 0 0 0 0 1651 1586 29 1651 352 0 1651 0 1651 1651 163 1651 882 0 1651 412 988 1502 1651 0
2 1601 189 0 0 42 1643 1058 1213 0 0 1651 1651 0 1651 0 771 1651 0 0 49 0 0 608 1651 0 1060 1638 0 1240 0 25 1651 426 828 1651 1651 0 1444 0 0 1544 0 142 784 0 1651 0 0 100 0 1 874 0 1 151 149 0 1651
2 1601 189 0 0 42 1643 1058 1213 0 0 1651 1651 0 1651 0 771 1651 0 0 49 0 0 608 1651 0 1060 1638 0 1240 0 25 1651 426 828 1651 1651 0 1444 0 0 1544 0 142 784 0 1651 0 0 100 0 1 874 0 1 151 149 0 1651
23 12 1 0 0 1301 2 0 0 0 0 0 0 1651 0 0 0 0 0 0 43 0 0 26 0 0 0 0 0 191 0 422 0 0 186 0 0 28 149 0 0 8 0 970 855 0 0 0 0 2 0 765 771 0 105 209 0 0 0
2 1601 189 0 0 42 1643 1058 1213 0 0 1651 1651 0 1651 0 771 1651 0 0 49 0 0 608 1651 0 1060 1638 0 1240 0 25 1651 426 828 1651 1651 0 1444 0 0 1544 0 142 784 0 1651 0 0 100 0 1 874 0 1 151 149 0 1651
1576 0 0 1651 1651 32 0 485 0 0 1651 0 0 0 0 1651 860 0 1651 1651 1407 1651 1651 884 0 1651 579 0 1651 0 1651 696 0 63 538 0 0 0 0 1651 1586 29 1651 352 0 1651 0 1651 1651 163 1651 882 0 1651 412 988 1502 1651 0
785 771 0 860 860 32 771 178 333 0 860 771 771 0 771 860 1651 771 860 860 909 860 860 118 771 860 1350 771 860 771 860 640 771 63 1309 771 771 0 564 860 860 800 860 352 0 860 771 860 860 163 860 861 2 860 412 197 711 860 771
2 1601 189 0 0 42 1643 1058 1213 0 0 1651 1651 0 1651 0 771 1651 0 0 49 0 0 608 1651 0 1060 1638 0 1240 0 25 1651 426 828 1651 1651 0 1444 0 0 1544 0 142 784 0 1651 0 0 100 0 1 874 0 1 151 149 0 1651
1576 0 0 1651 1651 32 0 485 0 0 1651 0 0 0 0 1651 860 0 1651 1651 1407 1651 1651 884 0 1651 579 0 1651 0 1651 696 0 63 538 0 0 0 0 1651 1586 29 1651 352 0 1651 0 1651 1651 163 1651 882 0 1651 412 988 1502 1651 0
1576 0 0 1651 1651 32 0 485 0 0 1651 0 0 0 0 1651 860 0 1651 1651 1407 1651 1651 884 0 1651 579 0 1651 0 1651 696 0 63 538 0 0 0 0 1651 1586 29 1651 352 0 1651 0 1651 1651 163 1651 882 0 1651 412 988 1502 1651 0
1332 49 0 1407 1407 75 49 277 41 1 1407 49 49 43 49 1407 909 49 1407 1407 1651 1407 1407 640 49 1407 628 49 1407 49 1407 654 49 63 587 49 49 44 49 1407 1342 78 1407 395 43 1407 49 1407 1407 163 1407 925 43 1407 412 744 1258 1407 49
1576 0 0 1651 1651 32 0 485 0 0 1651 0 0 0 0 1651 860 0 1651 1651 1407 1651 1651 884 0 1651 579 0 1651 0 1651 696 0 63 538 0 0 0 0 1651 1586 29 1651 352 0 1651 0 1651 1651 163 1651 882 0 1651 412 988 1502 1651 0
1576 0 0 1651 1651 32 0 485 0 0 1651 0 0 0 0 1651 860 0 1651 1651 1407 1651 1651 884 0 1651 579 0 1651 0 1651 696 0 63 538 0 0 0 0 1651 1586 29 1651 352 0 1651 0 1651 1651 163 1651 882 0 1651 412 988 1502 1651 0
886 616 275 884 884 34 600 1093 608 1 884 608 608 26 608 884 118 608 884 884 640 884 884 1651 608 884 17 607 884 197 884 89 608 429 50 608 608 1 608 884 819 501 884 129 608 884 608 884 884 100 884 120 608 884 1 958 1033 884 608
2 1601 189 0 0 42 1643 1058 1213 0 0 1651 1651 0 1651 0 771 1651 0 0 49 0 0 608 1651 0 1060 1638 0 1240 0 25 1651 426 828 1651 1651 0 1444 0 0 1544 0 142 784 0 1651 0 0 100 0 1 874 0 1 151 149 0 1651
1576 0 0 1651 1651 32 0 485 0 0 1651 0 0 0 0 1651 860 0 1651 1651 1407 1651 1651 884 0 1651 579 0 1651 0 1651 696 0 63 538 0 0 0 0 1651 1586 29 1651 352 0 1651 0 1651 1651 163 1651 882 0 1651 412 988 1502 1651 0
504 1010 12 579 579 66 1060 467 622 0 579 1060 1060 0 1060 579 1350 1060 579 579 628 579 579 17 1060 579 1651 1047 579 1060 579 604 1060 63 1342 1060 1060 0 853 579 579 1089 579 365 193 579 1060 579 579 163 579 580 283 579 412 165 430 579 1060
2 1588 202 0 0 42 1630 1045 1200 0 0 1638 1638 0 1638 0 771 1638 0 0 49 0 0 607 1638 0 1047 1651 0 1227 0 25 1638 426 828 1638 1638 0 1431 0 0 1531 0 142 771 0 1638 0 0 100 0 1 861 0 1 151 149 0 1638
1576 0 0 1651 1651 32 0 485 0 0 1651 0 0 0 0 1651 860 0 1651 1651 1407 1651 1651 884 0 1651 579 0 1651 0 1651 696 0 63 538 0 0 0 0 1651 1586 29 1651 352 0 1651 0 1651 1651 163 1651 882 0 1651 412 988 1502 1651 0
0 1190 0 0 0 232 1232 647 802 0 0 1240 1240 191 1240 0 771 1240 0 0 49 0 0 197 1240 0 1060 1227 0 1651 0 25 1240 15 828 1240 1240 0 1033 0 0 1240 0 14 373 0 1240 0 0 2 0 1 463 0 1 235 0 0 1240
1576 0 0 1651 1651 32 0 485 0 0 1651 0 0 0 0 1651 860 0 1651 1651 1407 1651 1651 884 0 1651 579 0 1651 0 1651 696 0 63 538 0 0 0 0 1651 1586 29 1651 352 0 1651 0 1651 1651 163 1651 882 0 1651 412 988 1502 1651 0
621 37 156 696 696 302 25 81 78 0 696 25 25 422 25 696 640 25 696 696 654 696 696 89 25 696 604 25 696 25 696 1651 25 75 660 25 25 6 25 696 696 54 696 725 295 696 25 696 696 163 696 820 211 696 412 199 547 696 25
2 1601 189 0 0 42 1643 1058 1213 0 0 1651 1651 0 1651 0 771 1651 0 0 49 0 0 608 1651 0 1060 1638 0 1240 0 25 1651 426 828 1651 1651 0 1444 0 0 1544 0 142 784 0 1651 0 0 100 0 1 874 0 1 151 149 0 1651
65 426 189 63 63 1 426 426 427 0 63 426 426 0 426 63 63 426 63 63 63 63 63 429 426 63 63 426 63 15 63 75 426 1651 63 426 426 0 426 63 85 319 63 192 426 63 426 63 63 100 63 63 426 63 1 101 212 63 426
463 840 0 538 538 159 828 235 390 27 538 828 828 186 828 538 1309 828 538 538 587 538 538 50 828 538 1342 828 538 828 538 660 828 63 1651 828 828 64 621 538 538 857 538 442 26 538 828 538 538 163 538 539 51 538 412 135 389 538 828
2 1601 189 0 0 42 1643 1058 1213 0 0 1651 1651 0 1651 0 771 1651 0 0 49 0 0 608 1651 0 1060 1638 0 1240 0 25 1651 426 828 1651 1651 0 1444 0 0 1544 0 142 784 0 1651 0 0 100 0 1 874 0 1 151 149 0 1651
2 1601 189 0 0 42 1643 1058 1213 0 0 1651 1651 0 1651 0 771 1651 0 0 49 0 0 608 1651 0 1060 1638 0 1240 0 25 1651 426 828 1651 1651 0 1444 0 0 1544 0 142 784 0 1651 0 0 100 0 1 874 0 1 151 149 0 1651
1 0 0 0 0 57 0 0 0 0 0 0 0 28 0 0 0 0 0 0 44 0 0 1 0 0 0 0 0 0 0 6 0 0 64 0 0 1651 0 0 0 0 0 0 0 0 0 0 0 1 0 1 0 0 0 8 0 0 0
2 1394 189 0 0 76 1436 1058 1213 5 0 1444 1444 149 1444 0 564 1444 0 0 49 0 0 608 1444 0 853 1431 0 1033 0 25 1444 426 621 1444 1444 0 1651 0 0 1337 0 291 933 0 1444 0 0 138 0 150 1023 0 65 151 149 0 1444
1576 0 0 1651 1651 32 0 485 0 0 1651 0 0 0 0 1651 860 0 1651 1651 1407 1651 1651 884 0 1651 579 0 1651 0 1651 696 0 63 538 0 0 0 0 1651 1586 29 1651 352 0 1651 0 1651 1651 163 1651 882 0 1651 412 988 1502 1651 0
1511 0 0 1586 1586 32 0 420 0 0 1586 0 0 0 0 1586 860 0 1586 1586 1342 1586 1586 819 0 1586 579 0 1586 0 1586 696 0 85 538 0 0 0 0 1586 1651 29 1586 352 0 1586 0 1586 1586 163 1586 882 0 1586 412 923 1437 1586 0
31 1494 82 29 29 68 1536 951 1106 2 29 1544 1544 8 1544 29 800 1544 29 29 78 29 29 501 1544 29 1089 1531 29 1240 29 54 1544 319 857 1544 1544 0 1337 29 29 1651 29 35 677 29 1544 29 29 3 29 30 767 29 30 52 42 29 1544
1576 0 0 1651 1651 32 0 485 0 0 1651 0 0 0 0 1651 860 0 1651 1651 1407 1651 1651 884 0 1651 579 0 1651 0 1651 696 0 63 538 0 0 0 0 1651 1586 29 1651 352 0 1651 0 1651 1651 163 1651 882 0 1651 412 988 1502 1651 0
344 154 127 352 352 746 142 142 142 10 352 142 142 970 142 352 352 142 352 352 395 352 352 129 142 352 365 142 352 14 352 725 142 192 442 142 142 0 291 352 352 35 352 1651 959 352 142 352 352 307 352 1117 913 352 454 273 475 352 142
2 734 189 0 0 688 776 784 784 2 0 784 784 855 784 0 0 784 0 0 43 0 0 608 784 0 193 771 0 373 0 295 784 426 26 784 784 0 933 0 0 677 0 959 1651 0 784 0 0 100 0 765 1555 0 99 151 149 0 784
1576 0 0 1651 1651 32 0 485 0 0 1651 0 0 0 0 1651 860 0 1651 1651 1407 1651 1651 884 0 1651 579 0 1651 0 1651 696 0 63 538 0 0 0 0 1651 1586 29 1651 352 0 1651 0 1651 1651 163 1651 882 0 1651 412 988 1502 1651 0
2 1601 189 0 0 42 1643 1058 1213 0 0 1651 1651 0 1651 0 771 1651 0 0 49 0 0 608 1651 0 1060 1638 0 1240 0 25 1651 426 828 1651 1651 0 1444 0 0 1544 0 142 784 0 1651 0 0 100 0 1 874 0 1 151 149 0 1651
1576 0 0 1651 1651 32 0 485 0 0 1651 0 0 0 0 1651 860 0 1651 1651 1407 1651 1651 884 0 1651 579 0 1651 0 1651 696 0 63 538 0 0 0 0 1651 1586 29 1651 352 0 1651 0 1651 1651 163 1651 882 0 1651 412 988 1502 1651 0
1576 0 0 1651 1651 32 0 485 0 0 1651 0 0 0 0 1651 860 0 1651 1651 1407 1651 1651 884 0 1651 579 0 1651 0 1651 696 0 63 538 0 0 0 0 1651 1586 29 1651 352 0 1651 0 1651 1651 163 1651 882 0 1651 412 988 1502 1651 0
101 118 98 163 163 3 100 100 100 0 163 100 100 2 100 163 163 100 163 163 163 163 163 100 100 163 163 100 163 2 163 163 100 100 163 100 100 1 138 163 163 3 163 307 100 163 100 163 163 1651 163 163 100 163 1284 438 210 163 100
1576 0 0 1651 1651 32 0 485 0 0 1651 0 0 0 0 1651 860 0 1651 1651 1407 1651 1651 884 0 1651 579 0 1651 0 1651 696 0 63 538 0 0 0 0 1651 1586 29 1651 352 0 1651 0 1651 1651 163 1651 882 0 1651 412 988 1502 1651 0
807 1 0 882 882 682 1 1 1 0 882 1 1 765 1 882 861 1 882 882 925 882 882 120 1 882 580 1 882 1 882 820 1 63 539 1 1 1 150 882 882 30 882 1117 765 882 1 882 882 163 882 1651 765 882 510 219 733 882 1
2 824 189 0 0 698 866 874 874 2 0 874 874 771 874 0 2 874 0 0 43 0 0 608 874 0 283 861 0 463 0 211 874 426 51 874 874 0 1023 0 0 767 0 913 1555 0 874 0 0 100 0 765 1651 0 99 151 149 0 874
1576 0 0 1651 1651 32 0 485 0 0 1651 0 0 0 0 1651 860 0 1651 1651 1407 1651 1651 884 0 1651 579 0 1651 0 1651 696 0 63 538 0 0 0 0 1651 1586 29 1651 352 0 1651 0 1651 1651 163 1651 882 0 1651 412 988 1502 1651 0
337 19 0 412 412 86 1 1 1 1 412 1 1 105 1 412 412 1 412 412 412 412 412 1 1 412 412 1 412 1 412 412 1 1 412 1 1 0 65 412 412 30 412 454 99 412 1 412 412 1284 412 510 99 412 1651 360 263 412 1
913 130 100 988 988 231 151 636 151 0 988 151 151 209 151 988 197 151 988 988 744 988 988 958 151 988 165 151 988 235 988 199 151 101 135 151 151 8 151 988 923 52 988 273 151 988 151 988 988 438 988 219 151 988 360 1651 1039 988 151
1468 149 148 1502 1502 8 149 634 149 0 1502 149 149 0 149 1502 711 149 1502 1502 1258 1502 1502 1033 149 1502 430 149 1502 0 1502 547 149 212 389 149 149 0 149 1502 1437 42 1502 475 149 1502 149 1502 1502 210 1502 733 149 1502 263 1039 1651 1502 149
1576 0 0 1651 1651 32 0 485 0 0 1651 0 0 0 0 1651 860 0 1651 1651 1407 1651 1651 884 0 1651 579 0 1651 0 1651 696 0 63 538 0 0 0 0 1651 1586 29 1651 352 0 1651 0 1651 1651 163 1651 882 0 1651 412 988 1502 1651 0
2 1601 189 0 0 42 1643 1058 1213 0 0 1651 1651 0 1651 0 771 1651 0 0 49 0 0 608 1651 0 1060 1638 0 1240 0 25 1651 426 828 1651 1651 0 1444 0 0 1544 0 142 784 0 1651 0 0 100 0 1 874 0 1 151 149 0 1651
