1633 187 0 113 1288 1410 1292 113 0 133 1167 1410 185 184 1410 1394 1225 113 1410 1410 1410 63 1390 782 194 655 444 113 113 0 345 113 746 24 116 113 0 108 113 1410 1410 0 113 113 84 1410 1410 64 541 113 156 1410 251 1410 923 9 199 9 113
187 1633 0 1283 393 350 134 1283 0 1303 350 350 1631 389 350 350 379 1283 350 350 350 124 350 368 1626 692 1376 1283 1283 312 22 1283 599 0 1265 1283 1283 8 1283 350 350 3 1283 1283 1093 350 350 0 146 947 393 350 43 350 1 700 1206 955 1283
0 0 1633 0 84 0 0 0 0 0 0 0 0 0 0 0 150 0 0 0 0 107 0 378 0 8 0 0 0 1321 88 0 0 0 5 0 35 6 0 0 0 1037 0 0 49 0 0 0 0 30 0 0 98 0 14 101 0 0 0
113 1283 0 1633 43 0 0 1633 0 1602 0 0 1285 45 0 0 29 1633 0 0 0 186 0 18 1276 1042 1026 1633 1633 312 22 1633 949 0 1615 1633 1381 8 1633 0 0 27 1633 1633 1050 0 0 0 496 1297 393 0 43 0 1 700 1143 955 1633
1288 393 84 43 1633 1484 1238 43 0 63 1199 1484 391 347 1484 1468 1271 43 1484 1484 1484 54 1458 839 400 613 650 43 43 84 373 43 681 0 46 43 43 93 43 1484 1484 84 43 43 125 1484 1484 20 426 43 145 1484 249 1484 834 36 246 52 43
1410 350 0 0 1484 1633 1387 0 0 20 1348 1633 348 347 1633 1617 1420 0 1633 1633 1633 46 1598 977 357 570 607 0 0 0 373 0 661 0 3 0 0 93 0 1633 1633 0 0 0 82 1633 1633 20 426 0 145 1633 249 1633 983 9 203 9 0
1292 134 0 0 1238 1387 1633 0 0 0 1143 1387 132 131 1387 1371 1204 0 1387 1387 1387 46 1352 761 141 540 391 0 0 0 343 0 631 0 3 0 0 93 0 1387 1387 0 0 0 82 1387 1387 42 432 0 145 1387 456 1387 953 9 203 216 0
113 1283 0 1633 43 0 0 1633 0 1602 0 0 1285 45 0 0 29 1633 0 0 0 186 0 18 1276 1042 1026 1633 1633 312 22 1633 949 0 1615 1633 1381 8 1633 0 0 27 1633 1633 1050 0 0 0 496 1297 393 0 43 0 1 700 1143 955 1633
0 0 0 0 0 0 0 0 1633 0 0 0 0 1241 0 0 0 0 0 0 0 26 0 0 0 0 0 0 0 0 0 0 0 0 0 0 21 13 0 0 0 8 0 0 0 0 0 0 0 0 0 0 0 0 0 0 0 0 0
133 1303 0 1602 63 20 0 1602 0 1633 20 20 1305 65 20 20 49 1602 20 20 20 173 20 38 1296 1011 1046 1602 1602 312 22 1602 918 3 1584 1602 1350 11 1602 20 20 27 1602 1602 1050 20 20 0 465 1266 393 20 43 20 1 700 1146 955 1602
1167 350 0 0 1199 1348 1143 0 0 20 1633 1348 348 347 1348 1332 1212 0 1348 1348 1348 48 1313 977 357 290 607 0 0 0 191 0 376 0 0 0 0 93 0 1348 1348 0 0 0 82 1348 1348 176 426 0 145 1348 34 1348 698 9 203 9 0
1410 350 0 0 1484 1633 1387 0 0 20 1348 1633 348 347 1633 1617 1420 0 1633 1633 1633 46 1598 977 357 570 607 0 0 0 373 0 661 0 3 0 0 93 0 1633 1633 0 0 0 82 1633 1633 20 426 0 145 1633 249 1633 983 9 203 9 0
185 1631 0 1285 391 348 132 1285 0 1305 348 348 1633 391 348 348 377 1285 348 348 348 124 348 366 1624 694 1374 1285 1285 312 22 1285 601 0 1267 1285 1285 8 1285 348 348 3 1285 1285 1091 348 348 0 148 949 393 348 43 348 1 700 1204 955 1285
184 389 0 45 347 347 131 45 1241 65 347 347 391 1633 347 347 347 45 347 347 347 6 347 347 382 45 347 45 45 0 0 45 45 0 45 45 45 13 45 347 347 0 45 45 40 347 347 0 45 45 0 347 0 347 0 0 60 0 45
1410 350 0 0 1484 1633 1387 0 0 20 1348 1633 348 347 1633 1617 1420 0 1633 1633 1633 46 1598 977 357 570 607 0 0 0 373 0 661 0 3 0 0 93 0 1633 1633 0 0 0 82 1633 1633 20 426 0 145 1633 249 1633 983 9 203 9 0
1394 350 0 0 1468 1617 1371 0 0 20 1332 1617 348 347 1617 1633 1404 0 1617 1617 1617 46 1582 977 357 570 607 0 0 0 373 0 645 1 3 0 0 93 0 1617 1617 0 0 0 82 1617 1617 20 424 0 145 1617 249 1617 967 9 203 9 0
1225 379 150 29 1271 1420 1204 29 0 49 1212 1420 377 347 1420 1404 1633 29 1420 1420 1420 45 1385 1127 386 368 636 29 29 49 160 29 448 18 37 29 29 31 29 1420 1420 21 29 29 111 1420 1420 18 396 29 140 1420 312 1420 770 38 232 38 29
113 1283 0 1633 43 0 0 1633 0 1602 0 0 1285 45 0 0 29 1633 0 0 0 186 0 18 1276 1042 1026 1633 1633 312 22 1633 949 0 1615 1633 1381 8 1633 0 0 27 1633 1633 1050 0 0 0 496 1297 393 0 43 0 1 700 1143 955 1633
1410 350 0 0 1484 1633 1387 0 0 20 1348 1633 348 347 1633 1617 1420 0 1633 1633 1633 46 1598 977 357 570 607 0 0 0 373 0 661 0 3 0 0 93 0 1633 1633 0 0 0 82 1633 1633 20 426 0 145 1633 249 1633 983 9 203 9 0
1410 350 0 0 1484 1633 1387 0 0 20 1348 1633 348 347 1633 1617 1420 0 1633 1633 1633 46 1598 977 357 570 607 0 0 0 373 0 661 0 3 0 0 93 0 1633 1633 0 0 0 82 1633 1633 20 426 0 145 1633 249 1633 983 9 203 9 0
1410 350 0 0 1484 1633 1387 0 0 20 1348 1633 348 347 1633 1617 1420 0 1633 1633 1633 46 1598 977 357 570 607 0 0 0 373 0 661 0 3 0 0 93 0 1633 1633 0 0 0 82 1633 1633 20 426 0 145 1633 249 1633 983 9 203 9 0
63 124 107 186 54 46 46 186 26 173 48 46 124 6 46 46 45 186 46 46 46 1633 46 0 124 240 87 186 186 107 187 186 168 82 186 186 142 5 186 46 46 94 186 186 90 46 46 46 124 186 13 46 6 46 49 85 108 87 186
1390 350 0 0 1458 1598 1352 0 0 20 1313 1598 348 347 1598 1582 1385 0 1598 1598 1598 46 1633 942 357 570 607 0 0 0 373 0 661 19 3 0 0 100 0 1598 1598 0 0 0 82 1598 1598 21 433 0 149 1598 256 1598 948 9 203 9 0
782 368 378 18 839 977 761 18 0 38 977 977 366 347 977 977 1127 18 977 977 977 0 942 1633 375 1 625 18 18 123 1 18 5 9 23 18 18 197 18 977 977 79 18 18 100 977 977 1 194 11 18 977 274 977 327 27 221 27 18
194 1626 0 1276 400 357 141 1276 0 1296 357 357 1624 382 357 357 386 1276 357 357 357 124 357 375 1633 685 1383 1276 1276 312 22 1276 592 0 1258 1276 1276 8 1276 357 357 3 1276 1276 1100 357 357 0 139 940 393 357 43 357 1 700 1213 955 1276
655 692 8 1042 613 570 540 1042 0 1011 290 570 694 45 570 570 368 1042 570 570 570 240 570 1 685 1633 435 1042 1042 19 372 1042 1519 0 1045 1042 790 93 1042 570 570 24 1042 1042 459 570 570 16 686 1031 156 570 249 570 571 109 552 364 1042
444 1376 0 1026 650 607 391 1026 0 1046 607 607 1374 347 607 607 636 1026 607 607 607 87 607 625 1383 435 1633 1026 1026 312 22 1026 342 0 1008 1026 1026 8 1026 607 607 3 1026 1026 1108 607 607 0 111 690 393 607 43 607 1 700 1229 955 1026
113 1283 0 1633 43 0 0 1633 0 1602 0 0 1285 45 0 0 29 1633 0 0 0 186 0 18 1276 1042 1026 1633 1633 312 22 1633 949 0 1615 1633 1381 8 1633 0 0 27 1633 1633 1050 0 0 0 496 1297 393 0 43 0 1 700 1143 955 1633
113 1283 0 1633 43 0 0 1633 0 1602 0 0 1285 45 0 0 29 1633 0 0 0 186 0 18 1276 1042 1026 1633 1633 312 22 1633 949 0 1615 1633 1381 8 1633 0 0 27 1633 1633 1050 0 0 0 496 1297 393 0 43 0 1 700 1143 955 1633
0 312 1321 312 84 0 0 312 0 312 0 0 312 0 0 0 49 312 0 0 0 107 0 123 312 19 312 312 312 1633 88 312 0 0 298 312 347 3 312 0 0 1037 312 312 361 0 0 0 0 0 312 0 88 0 14 413 312 312 312
345 22 88 22 373 373 343 22 0 22 191 373 22 0 373 373 160 22 373 373 373 187 373 1 22 372 22 22 22 88 1633 22 383 0 22 22 23 93 22 373 373 36 22 22 23 373 373 20 92 22 83 373 146 373 373 59 22 22 22
113 1283 0 1633 43 0 0 1633 0 1602 0 0 1285 45 0 0 29 1633 0 0 0 186 0 18 1276 1042 1026 1633 1633 312 22 1633 949 0 1615 1633 1381 8 1633 0 0 27 1633 1633 1050 0 0 0 496 1297 393 0 43 0 1 700 1143 955 1633
746 599 0 949 681 661 631 949 0 918 376 661 601 45 661 645 448 949 661 661 661 168 661 5 592 1519 342 949 949 0 383 949 1633 0 952 949 697 93 949 661 661 24 949 949 366 661 661 20 734 949 145 661 249 661 662 16 459 271 949
24 0 0 0 0 0 0 0 0 3 0 0 0 0 0 1 18 0 0 0 0 82 19 9 0 0 0 0 0 0 0 0 0 1633 0 0 0 60 0 0 0 0 0 0 150 0 0 651 86 0 203 0 100 0 0 0 34 0 0
116 1265 5 1615 46 3 3 1615 0 1584 0 3 1267 45 3 3 37 1615 3 3 3 186 3 23 1258 1045 1008 1615 1615 298 22 1615 952 0 1633 1615 1363 10 1615 3 3 27 1615 1615 1032 3 3 0 496 1297 375 3 51 3 4 682 1125 937 1615
113 1283 0 1633 43 0 0 1633 0 1602 0 0 1285 45 0 0 29 1633 0 0 0 186 0 18 1276 1042 1026 1633 1633 312 22 1633 949 0 1615 1633 1381 8 1633 0 0 27 1633 1633 1050 0 0 0 496 1297 393 0 43 0 1 700 1143 955 1633
0 1283 35 1381 43 0 0 1381 21 1350 0 0 1285 45 0 0 29 1381 0 0 0 142 0 18 1276 790 1026 1381 1381 347 23 1381 697 0 1363 1381 1633 8 1381 0 0 38 1381 1381 1050 0 0 0 244 1045 393 0 43 0 186 885 1143 955 1381
108 8 6 8 93 93 93 8 13 11 93 93 8 13 93 93 31 8 93 93 93 5 100 197 8 93 8 8 8 3 93 8 93 60 10 8 8 1633 8 93 93 309 8 8 8 93 93 6 232 282 84 93 385 93 93 8 239 310 8
113 1283 0 1633 43 0 0 1633 0 1602 0 0 1285 45 0 0 29 1633 0 0 0 186 0 18 1276 1042 1026 1633 1633 312 22 1633 949 0 1615 1633 1381 8 1633 0 0 27 1633 1633 1050 0 0 0 496 1297 393 0 43 0 1 700 1143 955 1633
1410 350 0 0 1484 1633 1387 0 0 20 1348 1633 348 347 1633 1617 1420 0 1633 1633 1633 46 1598 977 357 570 607 0 0 0 373 0 661 0 3 0 0 93 0 1633 1633 0 0 0 82 1633 1633 20 426 0 145 1633 249 1633 983 9 203 9 0
1410 350 0 0 1484 1633 1387 0 0 20 1348 1633 348 347 1633 1617 1420 0 1633 1633 1633 46 1598 977 357 570 607 0 0 0 373 0 661 0 3 0 0 93 0 1633 1633 0 0 0 82 1633 1633 20 426 0 145 1633 249 1633 983 9 203 9 0
0 3 1037 27 84 0 0 27 8 27 0 0 3 0 0 0 21 27 0 0 0 94 0 79 3 24 3 27 27 1037 36 27 24 0 27 27 38 309 27 0 0 1633 27 27 52 0 0 0 24 330 0 0 25 0 14 86 3 3 27
113 1283 0 1633 43 0 0 1633 0 1602 0 0 1285 45 0 0 29 1633 0 0 0 186 0 18 1276 1042 1026 1633 1633 312 22 1633 949 0 1615 1633 1381 8 1633 0 0 27 1633 1633 1050 0 0 0 496 1297 393 0 43 0 1 700 1143 955 1633
113 1283 0 1633 43 0 0 1633 0 1602 0 0 1285 45 0 0 29 1633 0 0 0 186 0 18 1276 1042 1026 1633 1633 312 22 1633 949 0 1615 1633 1381 8 1633 0 0 27 1633 1633 1050 0 0 0 496 1297 393 0 43 0 1 700 1143 955 1633
84 1093 49 1050 125 82 82 1050 0 1050 82 82 1091 40 82 82 111 1050 82 82 82 90 82 100 1100 459 1108 1050 1050 361 23 1050 366 150 1032 1050 1050 8 1050 82 82 52 1050 1050 1633 82 82 184 20 714 551 82 47 82 1 700 1121 955 1050
1410 350 0 0 1484 1633 1387 0 0 20 1348 1633 348 347 1633 1617 1420 0 1633 1633 1633 46 1598 977 357 570 607 0 0 0 373 0 661 0 3 0 0 93 0 1633 1633 0 0 0 82 1633 1633 20 426 0 145 1633 249 1633 983 9 203 9 0
1410 350 0 0 1484 1633 1387 0 0 20 1348 1633 348 347 1633 1617 1420 0 1633 1633 1633 46 1598 977 357 570 607 0 0 0 373 0 661 0 3 0 0 93 0 1633 1633 0 0 0 82 1633 1633 20 426 0 145 1633 249 1633 983 9 203 9 0
64 0 0 0 20 20 42 0 0 0 176 20 0 0 20 20 18 0 20 20 20 46 21 1 0 16 0 0 0 0 20 0 20 651 0 0 0 6 0 20 20 0 0 0 184 20 20 1633 26 0 111 20 21 20 20 0 0 6 0
541 146 0 496 426 426 432 496 0 465 426 426 148 45 426 424 396 496 426 426 426 124 433 194 139 686 111 496 496 0 92 496 734 86 496 496 244 232 496 426 426 24 496 496 20 426 426 26 1633 496 212 426 267 426 272 0 6 9 496
113 947 30 1297 43 0 0 1297 0 1266 0 0 949 45 0 0 29 1297 0 0 0 186 0 11 940 1031 690 1297 1297 0 22 1297 949 0 1297 1297 1045 282 1297 0 0 330 1297 1297 714 0 0 0 496 1633 57 0 8 0 1 364 807 619 1297
156 393 0 393 145 145 145 393 0 393 145 145 393 0 145 145 140 393 145 145 145 13 149 18 393 156 393 393 393 312 83 393 145 203 375 393 393 84 393 145 145 0 393 393 551 145 145 111 212 57 1633 145 93 145 145 393 393 409 393
1410 350 0 0 1484 1633 1387 0 0 20 1348 1633 348 347 1633 1617 1420 0 1633 1633 1633 46 1598 977 357 570 607 0 0 0 373 0 661 0 3 0 0 93 0 1633 1633 0 0 0 82 1633 1633 20 426 0 145 1633 249 1633 983 9 203 9 0
251 43 98 43 249 249 456 43 0 43 34 249 43 0 249 249 312 43 249 249 249 6 256 274 43 249 43 43 43 88 146 43 249 100 51 43 43 385 43 249 249 25 43 43 47 249 249 21 267 8 93 249 1633 249 249 43 43 383 43
1410 350 0 0 1484 1633 1387 0 0 20 1348 1633 348 347 1633 1617 1420 0 1633 1633 1633 46 1598 977 357 570 607 0 0 0 373 0 661 0 3 0 0 93 0 1633 1633 0 0 0 82 1633 1633 20 426 0 145 1633 249 1633 983 9 203 9 0
923 1 14 1 834 983 953 1 0 1 698 983 1 0 983 967 770 1 983 983 983 49 948 327 1 571 1 1 1 14 373 1 662 0 4 1 186 93 1 983 983 14 1 1 1 983 983 20 272 1 145 983 249 983 1633 540 1 9 1
9 700 101 700 36 9 9 700 0 700 9 9 700 0 9 9 38 700 9 9 9 85 9 27 700 109 700 700 700 413 59 700 16 0 682 700 885 8 700 9 9 86 700 700 700 9 9 0 0 364 393 9 43 9 540 1633 700 700 700
199 1206 0 1143 246 203 203 1143 0 1146 203 203 1204 60 203 203 232 1143 203 203 203 108 203 221 1213 552 1229 1143 1143 312 22 1143 459 34 1125 1143 1143 239 1143 203 203 3 1143 1143 1121 203 203 0 6 807 393 203 43 203 1 700 1633 955 1143
9 955 0 955 52 9 216 955 0 955 9 9 955 0 9 9 38 955 9 9 9 87 9 27 955 364 955 955 955 312 22 955 271 0 937 955 955 310 955 9 9 3 955 955 955 9 9 6 9 619 409 9 383 9 9 700 955 1633 955
113 1283 0 1633 43 0 0 1633 0 1602 0 0 1285 45 0 0 29 1633 0 0 0 186 0 18 1276 1042 1026 1633 1633 312 22 1633 949 0 1615 1633 1381 8 1633 0 0 27 1633 1633 1050 0 0 0 496 1297 393 0 43 0 1 700 1143 955 1633
