3425 1740 56 713 272 194 1149 20 0 0 1598 1700 764 55 1804 141 1568 512 0 1050 1083 1598 113 134 8 1237 407 397 203 1259 1546 1598 44 126 56 255 77 14 505 0 1474 46 1598 259 424 30 1245 1638 1212 51 127 64 1598 47 0 162 1649 55 108
1740 3425 18 1172 165 57 1574 52 0 504 2318 1951 1275 138 2175 108 1914 125 504 1810 1729 2318 101 108 504 1463 957 185 246 1710 2266 2192 548 141 0 477 571 75 4 66 1774 25 2318 516 845 19 1442 2152 1003 275 518 250 2611 62 504 124 2422 198 537
56 18 3425 373 127 247 112 0 0 0 3 3 40 39 3 20 3 239 0 54 15 3 3 35 1 69 16 28 30 3 26 3 2 2 197 12 9 46 171 0 14 10 3 170 139 707 78 20 315 0 1 17 3 245 0 142 3 8 0
713 1172 373 3425 35 0 645 33 0 0 2279 761 684 6 1023 105 2279 306 0 189 1775 2234 9 42 0 1018 105 93 184 2274 2279 1866 47 25 380 1438 59 63 31 20 591 25 2279 1499 1088 652 194 1276 27 330 111 106 1037 15 0 219 1725 0 58
272 165 127 35 3425 61 12 0 78 0 0 619 1010 1023 387 89 398 642 0 63 43 0 610 853 0 12 814 676 100 0 0 191 2 631 25 50 63 0 910 18 736 149 0 108 158 1 256 84 458 79 695 268 0 35 0 53 198 68 452
194 57 247 0 61 3425 119 302 0 302 23 559 23 0 61 516 5 481 302 23 126 23 925 263 7 35 0 629 845 0 28 176 71 796 98 327 33 131 298 333 499 553 23 43 93 60 206 335 136 318 0 81 23 315 302 391 23 20 0
1149 1574 112 645 12 119 3425 4 4 242 1791 1386 1338 133 1342 12 1387 505 242 1514 1529 1746 35 12 242 2139 532 7 270 1178 1739 1681 286 86 464 675 312 63 50 5 1333 6 1791 567 19 498 1526 1318 1300 408 256 133 1514 26 242 356 1381 306 275
20 52 0 33 0 302 4 3425 926 1760 33 33 1 0 48 1790 33 0 1760 4 361 45 1763 17 1257 2 350 1760 493 33 33 43 545 1761 0 821 105 1142 0 1760 23 1565 33 508 237 508 529 33 0 1670 548 810 33 4 1760 1433 37 4 898
0 0 0 0 78 0 4 926 3425 0 0 10 0 0 7 43 0 0 0 0 0 12 0 108 47 0 0 0 2 0 0 6 4 0 5 0 0 9 32 0 7 153 0 234 21 205 529 9 0 30 2 7 0 2 0 12 4 14 0
0 504 0 0 0 302 242 1760 0 3425 0 0 123 119 441 2187 0 0 3425 1439 0 0 1887 0 2922 15 1238 1817 698 0 0 0 2210 2205 0 817 1770 1937 0 2612 138 1273 0 502 199 0 0 0 0 2533 2213 1795 1242 0 3425 1430 0 0 2563
1598 2318 3 2279 0 23 1791 33 0 0 3425 1907 1641 4 2169 105 3021 0 0 1335 2730 3380 9 7 0 2164 380 93 350 2812 3373 3012 44 25 0 1448 67 67 0 20 1737 25 3425 1547 1096 627 1340 2422 996 381 14 124 2183 0 0 219 2871 138 33
1700 1951 3 761 619 559 1386 33 10 0 1907 3425 993 23 2217 9 1503 1408 0 1333 1607 1907 880 811 0 1548 291 845 269 1299 1855 2060 44 1009 0 22 67 4 1 31 2962 30 1907 57 414 7 1537 2206 1027 51 14 64 1907 11 0 328 2105 149 33
764 1275 40 684 1010 23 1338 1 0 123 1641 993 3425 1389 974 126 1237 11 123 1145 1560 1596 14 126 123 1418 938 80 397 1028 1589 1401 125 18 0 693 175 27 44 0 1099 53 1641 838 583 220 977 1169 1465 231 126 136 1082 15 123 144 1449 154 156
55 138 39 6 1023 0 133 0 0 119 4 23 1389 3425 4 32 4 0 119 182 24 4 14 126 119 22 679 80 67 4 4 3 121 2 0 4 119 2 44 0 140 57 4 112 187 24 18 68 561 44 122 47 119 505 119 281 4 506 119
1804 2175 3 1023 387 61 1342 48 7 441 2169 2217 974 4 3425 65 1765 310 441 1776 1669 2169 9 49 441 1498 825 105 186 1561 2117 2361 485 30 0 192 508 9 0 22 1899 202 2169 291 652 61 1702 2149 996 311 455 34 2556 22 441 257 2119 160 474
141 108 20 105 89 516 12 1790 43 2187 105 9 126 32 65 3425 105 15 2187 232 111 105 1888 0 1684 92 264 1873 588 105 105 159 972 2020 0 928 532 1560 17 2187 168 1290 105 607 554 25 1 119 47 2101 975 1290 201 19 2187 1431 105 19 1325
1568 1914 3 2279 398 5 1387 33 0 0 3021 1503 1237 4 1765 105 3425 46 0 931 2326 2976 9 7 0 1760 380 93 301 2812 2993 2608 44 25 25 1448 67 67 398 20 1333 25 3021 1524 1121 632 936 2018 622 362 412 274 1779 32 0 219 2467 41 346
512 125 239 306 642 481 505 0 0 0 0 1408 11 0 310 15 46 3425 0 0 0 0 833 820 0 831 6 730 182 0 0 153 1 1009 289 108 269 0 87 31 1221 5 0 0 53 232 366 299 295 0 46 99 0 38 0 379 198 27 9
0 504 0 0 0 302 242 1760 0 3425 0 0 123 119 441 2187 0 0 3425 1439 0 0 1887 0 2922 15 1238 1817 698 0 0 0 2210 2205 0 817 1770 1937 0 2612 138 1273 0 502 199 0 0 0 0 2533 2213 1795 1242 0 3425 1430 0 0 2563
1050 1810 54 189 63 23 1514 4 0 1439 1335 1333 1145 182 1776 232 931 0 1439 3425 1068 1335 5 7 1439 1292 1350 26 390 727 1283 1335 1483 219 0 409 1504 582 53 626 1325 56 1335 76 52 0 1331 1335 1059 721 1453 794 2577 427 1439 45 1335 450 1472
1083 1729 15 1775 43 126 1529 361 0 0 2730 1607 1560 24 1669 111 2326 0 0 1068 3425 2685 1 2 0 1945 323 52 471 2117 2678 2317 53 3 30 1142 74 67 50 20 1478 214 2730 1185 668 685 1078 1727 910 381 49 124 1607 123 0 219 2176 160 33
1598 2318 3 2234 0 23 1746 45 12 0 3380 1907 1596 4 2169 105 2976 0 0 1335 2685 3425 9 7 0 2134 380 93 350 2772 3328 2967 44 25 0 1403 67 74 0 20 1737 41 3380 1502 1096 582 1352 2422 996 336 14 79 2183 7 0 226 2871 145 33
113 101 3 9 610 925 35 1763 0 1887 9 880 14 14 9 1888 9 833 1887 5 1 9 3425 804 1384 22 248 2742 580 9 9 162 672 2769 6 822 232 1260 251 1918 952 1278 9 506 228 0 5 274 27 1764 675 966 9 5 1887 1515 207 5 1025
134 108 35 42 853 263 12 17 108 0 7 811 126 126 49 0 7 820 0 7 2 7 804 3425 0 7 191 697 90 7 7 198 737 812 1 8 21 0 230 31 811 74 7 145 58 40 44 265 62 0 84 128 7 86 0 3 205 217 30
8 504 1 0 0 7 242 1257 47 2922 0 0 123 119 441 1684 0 0 2922 1439 0 0 1384 0 3425 15 1238 1314 244 437 2 0 2210 1702 79 314 2215 1871 0 2109 138 770 0 503 199 1 0 0 0 2153 2213 1879 1242 0 2922 927 0 78 2563
1237 1463 69 1018 12 35 2139 2 0 15 2164 1548 1418 22 1498 92 1760 831 15 1292 1945 2134 22 7 15 3425 308 33 349 1556 2112 1751 37 22 0 1359 156 117 82 20 1361 42 2164 1019 241 643 1540 1226 1261 350 17 109 1208 60 15 444 1675 220 48
407 957 16 105 814 0 532 350 0 1238 380 291 938 679 825 264 380 6 1238 1350 323 380 248 191 1238 308 3425 257 227 380 380 380 1022 280 90 35 1046 381 9 425 329 296 380 342 580 1 291 380 614 537 993 713 1373 521 1238 245 380 29 1271
397 185 28 93 676 629 7 1760 0 1817 93 845 80 80 105 1873 93 730 1817 26 52 93 2742 697 1314 33 257 3425 510 93 93 193 602 2516 7 843 162 1190 31 1825 887 1277 93 517 292 12 0 244 182 1694 605 896 93 26 1817 1497 291 26 955
203 246 30 184 100 845 270 493 2 698 350 269 397 67 186 588 301 182 698 390 471 350 580 90 244 349 227 510 3425 232 350 288 279 570 252 661 226 361 33 741 265 671 350 203 193 64 196 347 319 472 208 267 390 352 698 599 350 60 236
1259 1710 3 2274 0 0 1178 33 0 0 2812 1299 1028 4 1561 105 2812 0 0 727 2117 2772 9 7 437 1556 380 93 232 3425 2812 2399 44 25 76 1443 623 67 0 25 1129 25 2812 1556 1096 622 732 1814 418 325 14 195 1575 0 0 219 2263 78 33
1546 2266 26 2279 0 28 1739 33 0 0 3373 1855 1589 4 2117 105 2993 0 0 1283 2678 3328 9 7 2 2112 380 93 350 2812 3425 2960 44 25 0 1448 67 67 0 20 1685 25 3373 1547 1096 650 1288 2370 944 376 14 124 2131 0 0 219 2819 138 33
1598 2192 3 1866 191 176 1681 43 6 0 3012 2060 1401 3 2361 159 2608 153 0 1335 2317 2967 162 198 0 1751 380 193 288 2399 2960 3425 44 178 0 1035 67 58 0 48 1890 40 3012 1134 1017 554 1454 2612 996 321 14 98 2183 4 0 221 2463 142 33
44 548 2 47 2 71 286 545 4 2210 44 44 125 121 485 972 44 1 2210 1483 53 44 672 737 2210 37 1022 602 279 44 44 44 3425 990 12 101 1782 1349 4 1397 182 58 44 142 2 0 44 44 6 1441 2234 1551 1286 119 2210 215 44 262 2218
126 141 2 25 631 796 86 1761 0 2205 25 1009 18 2 30 2020 25 1009 2205 219 3 25 2769 812 1702 22 280 2516 570 25 25 178 990 3425 25 842 550 1578 71 2236 1125 1273 25 527 244 1 154 324 7 2082 993 1284 22 2 2205 1435 223 2 1343
56 0 197 380 25 98 464 0 5 0 0 0 0 0 0 0 25 289 0 0 30 0 6 1 79 0 90 7 252 76 0 0 12 25 3425 0 78 9 31 0 0 250 0 5 428 3 0 527 0 0 140 353 0 344 0 6 0 0 25
255 477 12 1438 50 327 675 821 0 817 1448 22 693 4 192 928 1448 108 817 409 1142 1403 822 8 314 1359 35 843 661 1443 1448 1035 101 842 0 3425 292 283 97 837 14 854 1448 1457 627 855 277 445 11 1024 3 95 206 325 817 906 894 347 1
77 571 9 59 63 33 312 105 0 1770 67 67 175 119 508 532 67 269 1770 1504 74 67 232 21 2215 156 1046 162 226 623 67 67 1782 550 78 292 3425 947 180 957 205 0 67 132 26 480 69 67 52 1001 1770 1192 1309 24 1770 0 67 94 1771
14 75 46 63 0 131 63 1142 9 1937 67 4 27 2 9 1560 67 0 1937 582 67 74 1260 0 1871 117 381 1190 361 67 67 58 1349 1578 9 283 947 3425 0 2156 142 664 67 621 213 65 4 4 34 1834 1352 1696 385 511 1937 1225 34 563 1709
505 4 171 31 910 298 50 0 32 0 0 1 44 44 0 17 398 87 0 53 50 0 251 230 0 82 9 31 33 0 0 0 4 71 31 97 180 0 3425 0 28 26 0 0 112 30 48 0 691 0 758 233 0 107 0 57 0 71 451
0 66 0 20 18 333 5 1760 0 2612 20 31 0 0 22 2187 20 31 2612 626 20 20 1918 31 2109 20 425 1825 741 25 20 48 1397 2236 0 837 957 2156 0 3425 169 1360 20 522 225 20 20 31 0 2241 1400 1996 429 11 2612 1441 252 11 1750
1474 1774 14 591 736 499 1333 23 7 138 1737 2962 1099 140 1899 168 1333 1221 138 1325 1478 1737 952 811 138 1361 329 887 265 1129 1685 1890 182 1125 0 14 205 142 28 169 3425 29 1737 57 244 12 1537 2036 1056 189 152 202 1737 3 138 191 1935 141 171
46 25 10 25 149 553 6 1565 153 1273 25 30 53 57 202 1290 25 5 1273 56 214 41 1278 74 770 42 296 1277 671 25 25 40 58 1273 250 854 0 664 26 1360 29 3425 25 418 207 130 228 25 51 1219 61 332 25 4 1273 1277 150 5 411
1598 2318 3 2279 0 23 1791 33 0 0 3425 1907 1641 4 2169 105 3021 0 0 1335 2730 3380 9 7 0 2164 380 93 350 2812 3373 3012 44 25 0 1448 67 67 0 20 1737 25 3425 1547 1096 627 1340 2422 996 381 14 124 2183 0 0 219 2871 138 33
259 516 170 1499 108 43 567 508 234 502 1547 57 838 112 291 607 1524 0 502 76 1185 1502 506 145 503 1019 342 517 203 1556 1547 1134 142 527 5 1457 132 621 0 522 57 418 1547 3425 844 1148 48 544 48 832 145 498 305 18 502 600 993 122 500
424 845 139 1088 158 93 19 237 21 199 1096 414 583 187 652 554 1121 53 199 52 668 1096 228 58 199 241 580 292 193 1096 1096 1017 2 244 428 627 26 213 112 225 244 207 1096 844 3425 138 67 1139 240 244 29 382 670 421 199 224 1096 13 163
30 19 707 652 1 60 498 508 205 0 627 7 220 24 61 25 632 232 0 0 685 582 0 40 1 643 1 12 64 622 650 554 0 1 3 855 480 65 30 20 12 130 627 1148 138 3425 0 0 8 280 0 80 0 101 0 251 73 171 3
1245 1442 78 194 256 206 1526 529 529 0 1340 1537 977 18 1702 1 936 366 0 1331 1078 1352 5 44 0 1540 291 0 196 732 1288 1454 44 154 0 277 69 4 48 20 1537 228 1340 48 67 0 3425 1351 1073 139 14 35 1340 4 0 96 1342 160 33
1638 2152 20 1276 84 335 1318 33 9 0 2422 2206 1169 68 2149 119 2018 299 0 1335 1727 2422 274 265 0 1226 380 244 347 1814 2370 2612 44 324 527 445 67 4 0 31 2036 25 2422 544 1139 0 1351 3425 996 125 14 42 2183 68 0 154 2422 206 33
1212 1003 315 27 458 136 1300 0 0 0 996 1027 1465 561 996 47 622 295 0 1059 910 996 27 62 0 1261 614 182 319 418 944 996 6 7 0 11 52 34 691 0 1056 51 996 48 240 8 1073 996 3425 51 4 8 996 3 0 276 996 136 33
51 275 0 330 79 318 408 1670 30 2533 381 51 231 44 311 2101 362 0 2533 721 381 336 1764 0 2153 350 537 1694 472 325 376 321 1441 2082 0 1024 1001 1834 0 2241 189 1219 381 832 244 280 139 125 51 3425 1444 1467 524 69 2533 1348 191 69 1794
127 518 1 111 695 0 256 548 2 2213 14 14 126 122 455 975 412 46 2213 1453 49 14 675 84 2213 17 993 605 208 14 14 14 2234 993 140 3 1770 1352 758 1400 152 61 14 145 29 0 14 14 4 1444 3425 1745 1256 59 2213 218 14 64 2655
64 250 17 106 268 81 133 810 7 1795 124 64 136 47 34 1290 274 99 1795 794 124 79 966 128 1879 109 713 896 267 195 124 98 1551 1284 353 95 1192 1696 233 1996 202 332 124 498 382 80 35 42 8 1467 1745 3425 597 352 1795 493 266 28 1952
1598 2611 3 1037 0 23 1514 33 0 1242 2183 1907 1082 119 2556 201 1779 0 1242 2577 1607 2183 9 7 1242 1208 1373 93 390 1575 2131 2183 1286 22 0 206 1309 385 0 429 1737 25 2183 305 670 0 1340 2183 996 524 1256 597 3425 0 1242 130 2183 138 1275
47 62 245 15 35 315 26 4 2 0 0 11 15 505 22 19 32 38 0 427 123 7 5 86 0 60 521 26 352 0 0 4 119 2 344 325 24 511 107 11 3 4 0 18 421 101 4 68 3 69 59 352 0 3425 0 888 12 1782 17
0 504 0 0 0 302 242 1760 0 3425 0 0 123 119 441 2187 0 0 3425 1439 0 0 1887 0 2922 15 1238 1817 698 0 0 0 2210 2205 0 817 1770 1937 0 2612 138 1273 0 502 199 0 0 0 0 2533 2213 1795 1242 0 3425 1430 0 0 2563
162 124 142 219 53 391 356 1433 12 1430 219 328 144 281 257 1431 219 379 1430 45 219 226 1515 3 927 444 245 1497 599 219 219 221 215 1435 6 906 0 1225 57 1441 191 1277 219 600 224 251 96 154 276 1348 218 493 130 888 1430 3425 142 874 568
1649 2422 3 1725 198 23 1381 37 4 0 2871 2105 1449 4 2119 105 2467 198 0 1335 2176 2871 207 205 0 1675 380 291 350 2263 2819 2463 44 223 0 894 67 34 0 252 1935 150 2871 993 1096 73 1342 2422 996 191 14 266 2183 12 0 142 3425 150 33
55 198 8 0 68 20 306 4 14 0 138 149 154 506 160 19 41 27 0 450 160 145 5 217 78 220 29 26 60 78 138 142 262 2 0 347 94 563 71 11 141 5 138 122 13 171 160 206 136 69 64 28 138 1782 0 874 150 3425 9
108 537 0 58 452 0 275 898 0 2563 33 33 156 119 474 1325 346 9 2563 1472 33 33 1025 30 2563 48 1271 955 236 33 33 33 2218 1343 25 1 1771 1709 451 1750 171 411 33 500 163 3 33 33 33 1794 2655 1952 1275 17 2563 568 33 9 3425
