8384 330 286 1809 5816 793 3869 1021 138 3930 1979 413 578 1870 6048 802 120 222 1688 1944 765 2209 2837 1086 2056 4245 2146 364 0 104 624 2645 1838 3340 4005 545 2119 1932 2183 2786 2393 1163 1531 1721 1526 198 477 2623 2054 4256 4327 132 1964 3009 1520 4317 3225 1679 3164
330 8384 338 1679 0 2779 1663 726 1245 173 3667 3973 1311 1483 0 3678 1739 1624 1061 3280 4289 895 447 1407 2835 1833 254 2879 1925 52 1509 743 2038 1835 393 496 380 3313 73 1551 1938 275 2367 3926 1945 4354 2598 390 256 1490 469 1673 3354 1461 692 429 802 940 1056
286 338 8384 129 591 646 41 304 209 2 0 1367 524 1135 0 1141 0 1419 1732 70 144 52 0 116 160 58 439 1108 240 1666 86 281 856 25 243 413 178 631 3651 0 30 2190 7 120 545 277 37 702 1223 0 0 0 0 278 253 0 492 384 28
1809 1679 129 8384 1880 738 2212 1017 465 1513 285 1338 249 1515 1880 949 184 615 1509 1983 558 1451 1111 1074 1512 2842 102 675 3213 181 1375 1371 1435 2852 1461 568 700 1395 752 1609 1192 806 291 1511 403 1522 827 1920 766 2430 842 1229 1183 1346 1030 2430 1894 951 597
5816 0 591 1880 8384 353 4454 1160 185 4927 1375 492 1021 2561 7248 986 34 92 2132 2784 249 2739 3134 1292 1431 5073 1787 675 0 1 664 3014 1753 3699 4576 1120 2199 2412 3216 2995 2743 798 1103 1506 906 52 515 3056 2385 4841 4209 132 2095 3388 1656 5165 3519 1731 3015
793 2779 646 738 353 8384 147 187 82 369 3296 2346 170 220 218 2002 2726 167 425 153 3001 1158 160 1076 1566 417 308 709 1919 200 1377 1394 1551 138 300 902 107 2518 687 228 220 1063 3697 3121 2431 1744 4465 89 792 164 1470 615 1852 452 659 562 146 414 706
3869 1663 41 2212 4454 147 8384 1296 1704 2441 508 2064 1405 1416 5099 1337 489 114 2490 3559 958 2586 3087 723 3586 6594 84 2176 57 18 494 3034 2906 4903 2220 1219 906 4243 2841 5105 3984 566 1657 3546 552 1888 30 3449 1814 6963 2315 189 4167 3753 2072 2492 4841 2474 1517
1021 726 304 1017 1160 187 1296 8384 1765 727 223 627 567 566 1077 219 43 631 1093 623 6 1208 627 673 608 1040 333 439 1355 17 1138 666 882 680 1290 1450 669 755 97 925 986 290 434 1007 585 581 299 838 1702 1003 1059 1051 831 542 915 1082 1003 546 754
138 1245 209 465 185 82 1704 1765 8384 0 1183 1550 627 272 458 673 512 44 753 995 462 0 0 123 2381 1307 1297 3176 1542 113 1284 1163 1090 1015 83 161 188 1897 339 1767 1071 161 1443 2801 794 1449 2 495 235 2801 657 586 1453 655 246 0 1072 343 60
3930 173 2 1513 4927 369 2441 727 0 8384 1315 255 746 1954 4984 884 652 89 1085 2885 383 2383 2526 711 1461 2794 1981 9 342 47 585 2889 168 2668 3533 770 1836 193 1160 2385 1143 916 96 201 558 132 1178 1615 239 2427 2769 277 167 2465 623 5020 1136 492 1689
1979 3667 0 285 1375 3296 508 223 1183 1315 8384 3029 1508 823 1293 2592 1694 1685 578 1181 4055 1037 590 1589 3304 278 1443 2123 283 16 1111 1155 1682 285 1453 328 961 2678 38 263 409 2022 3850 4313 1895 3706 3438 643 346 1023 3238 188 2331 1432 553 2051 82 893 1954
413 3973 1367 1338 492 2346 2064 627 1550 255 3029 8384 574 801 492 3739 1773 532 1504 1820 3297 500 539 1781 2548 2074 877 1875 337 951 349 455 2547 1894 678 517 446 3942 622 1717 2309 1124 2570 4625 1417 3390 2787 1107 433 2120 1086 384 3860 294 1616 1132 1294 982 1090
578 1311 524 249 1021 170 1405 567 627 746 1508 574 8384 3139 1016 444 690 1387 805 1670 902 816 878 186 1475 1182 468 1695 124 102 766 1120 462 768 1123 223 760 946 691 864 1306 1024 515 825 304 1664 440 744 624 1177 883 302 828 1442 771 1275 615 324 933
1870 1483 1135 1515 2561 220 1416 566 272 1954 823 801 3139 8384 2209 575 243 1402 980 2091 827 1303 1444 527 1723 1544 1019 1723 606 25 498 1884 512 1488 1897 344 1125 731 1061 1389 962 987 128 451 70 1331 223 524 1368 1511 1284 694 480 2117 646 2727 1308 433 422
6048 0 0 1880 7248 218 5099 1077 458 4984 1293 492 1016 2209 8384 1049 660 178 2269 2873 133 2808 3324 1211 1915 5573 1787 282 0 0 600 3547 2476 3590 4605 1078 2251 2538 2837 3668 2933 716 1786 1990 1025 52 835 3566 2017 5564 4631 132 2450 4183 1841 5179 4273 2224 3044
802 3678 1141 949 986 2002 1337 219 673 884 2592 3739 444 575 1049 8384 1741 811 961 1724 3303 728 698 1307 1318 1682 802 1488 875 982 453 325 2903 1580 1094 352 465 3203 610 1436 1566 612 2615 3307 1640 2604 2266 1569 534 1432 913 519 3066 549 818 731 1609 1308 1632
120 1739 0 184 34 2726 489 43 512 652 1694 1773 690 243 660 1741 8384 2 137 14 2071 143 54 1001 854 322 236 32 741 113 74 858 2617 65 63 116 151 2066 0 750 542 525 2501 2369 1264 915 2131 34 153 713 359 119 2535 731 2760 90 713 865 707
222 1624 1419 615 92 167 114 631 44 89 1685 532 1387 1402 178 811 2 8384 1094 1287 2578 920 500 245 1380 208 1877 1407 24 1 1373 1182 173 240 315 370 443 127 231 196 613 780 133 631 191 2100 548 277 463 106 348 629 75 1831 250 719 225 1797 614
1688 1061 1732 1509 2132 425 2490 1093 753 1085 578 1504 805 980 2269 961 137 1094 8384 918 813 1054 895 723 1364 2810 495 587 800 207 362 1005 1803 2391 2330 394 693 2175 1954 1897 2160 1122 1673 2443 380 1160 447 2354 1565 2755 2071 223 1991 896 1382 1888 2169 1317 1568
1944 3280 70 1983 2784 153 3559 623 995 2885 1181 1820 1670 2091 2873 1724 14 1287 918 8384 1961 3005 2271 988 3155 3942 373 2581 299 65 723 2857 581 4050 1397 541 858 1633 1042 3494 2400 799 87 1545 195 3051 724 1771 164 3617 756 156 1602 3280 867 2893 1852 1286 193
765 4289 144 558 249 3001 958 6 462 383 4055 3297 902 827 133 3303 2071 2578 813 1961 8384 841 390 1232 2200 953 236 2004 113 19 948 909 2154 1092 219 171 607 2841 178 1053 1207 891 2930 3681 2035 3261 2842 652 294 940 1021 46 2792 1480 766 502 1085 2079 774
2209 895 52 1451 2739 1158 2586 1208 0 2383 1037 500 816 1303 2808 728 143 920 1054 3005 841 8384 3667 398 1948 2938 28 825 844 108 877 3049 261 2969 1307 1212 1258 422 1558 2371 888 1003 395 440 1033 1100 1232 1281 338 2712 813 417 218 3964 593 2496 1421 1040 302
2837 447 0 1111 3134 160 3087 627 0 2526 590 539 878 1444 3324 698 54 500 895 2271 390 3667 8384 1664 1606 3300 80 693 0 122 542 2695 612 2434 1316 513 1120 660 2105 2872 1874 724 335 214 616 433 85 1672 844 3244 947 501 1086 4800 788 2891 2069 1231 545
1086 1407 116 1074 1292 1076 723 673 123 711 1589 1781 186 527 1211 1307 1001 245 723 988 1232 398 1664 8384 18 797 716 56 505 39 603 174 1712 635 1278 753 999 1851 186 186 1041 28 1347 1775 1038 915 1137 1115 918 740 1162 1326 1746 922 1057 1178 726 791 2033
2056 2835 160 1512 1431 1566 3586 608 2381 1461 3304 2548 1475 1723 1915 1318 854 1380 1364 3155 2200 1948 1606 18 8384 3346 157 2921 131 106 817 2900 1403 2878 1307 339 493 2682 413 3670 2372 2076 2559 4771 250 3839 2142 1002 302 4420 2621 484 2188 2649 1457 1944 2403 779 12
4245 1833 58 2842 5073 417 6594 1040 1307 2794 278 2074 1182 1544 5573 1682 322 208 2810 3942 953 2938 3300 797 3346 8384 38 1946 412 19 1122 2990 2689 5185 2562 1110 864 4093 2895 4859 4358 783 1474 3316 582 1825 524 3777 2020 6890 2447 468 4114 3668 2239 3131 4762 2543 1626
2146 254 439 102 1787 308 84 333 1297 1981 1443 877 468 1019 1787 802 236 1877 495 373 236 28 80 716 157 38 8384 21 64 436 761 490 236 645 2064 71 1490 361 326 66 96 338 449 236 1416 481 248 77 197 0 1787 140 236 179 300 2016 0 51 2297
364 2879 1108 675 675 709 2176 439 3176 9 2123 1875 1695 1723 282 1488 32 1407 587 2581 2004 825 693 56 2921 1946 21 8384 0 67 591 1008 782 1692 73 324 449 2975 1594 2026 1824 81 719 2262 294 3298 0 1096 1038 2520 355 212 2158 1851 455 346 1084 973 237
0 1925 240 3213 0 1919 57 1355 1542 342 283 337 124 606 0 875 741 24 800 299 113 844 0 505 131 412 64 0 8384 0 2162 524 156 837 844 603 100 6 0 0 246 440 77 0 1572 525 1928 201 341 0 0 3696 0 45 55 767 0 89 266
104 52 1666 181 1 200 18 17 113 47 16 951 102 25 0 982 113 1 207 65 19 108 122 39 106 19 436 67 0 8384 71 143 359 38 180 248 193 96 0 139 38 424 209 0 226 171 98 73 116 0 3 512 0 112 55 8 0 332 37
624 1509 86 1375 664 1377 494 1138 1284 585 1111 349 766 498 600 453 74 1373 362 723 948 877 542 603 817 1122 761 591 2162 71 8384 1049 228 531 383 1370 154 511 468 425 1220 173 894 695 911 509 1132 266 727 484 697 1599 272 604 261 519 438 535 1137
2645 743 281 1371 3014 1394 3034 666 1163 2889 1155 455 1120 1884 3547 325 858 1182 1005 2857 909 3049 2695 174 2900 2990 490 1008 524 143 1049 8384 1297 2690 1297 1580 1062 794 1690 3391 778 1097 1716 1521 910 995 539 1306 659 4023 1409 131 325 4237 803 2678 2316 1087 166
1838 2038 856 1435 1753 1551 2906 882 1090 168 1682 2547 462 512 2476 2903 2617 173 1803 581 2154 261 612 1712 1403 2689 236 782 156 359 228 1297 8384 1623 1479 338 550 3815 1462 2897 2924 679 3491 4628 1891 1629 1529 2894 1900 3585 2534 288 3982 1158 2807 723 4476 2098 2389
3340 1835 25 2852 3699 138 4903 680 1015 2668 285 1894 768 1488 3590 1580 65 240 2391 4050 1092 2969 2434 635 2878 5185 645 1692 837 38 531 2690 1623 8384 2654 830 1314 2880 1882 4395 3305 774 947 2574 248 2163 55 2658 1091 5068 1499 381 2582 2564 1528 2923 3103 2055 1561
4005 393 243 1461 4576 300 2220 1290 83 3533 1453 678 1123 1897 4605 1094 63 315 2330 1397 219 1307 1316 1278 1307 2562 2064 73 844 180 383 1297 1479 2654 8384 335 3470 1482 1095 1821 3560 627 1255 1706 890 743 359 1846 1580 2423 5122 358 1457 1211 1467 4559 3365 896 3134
545 496 413 568 1120 902 1219 1450 161 770 328 517 223 344 1078 352 116 370 394 541 171 1212 513 753 339 1110 71 324 603 248 1370 1580 338 830 335 8384 359 1068 915 617 430 176 1617 352 970 281 570 508 392 1039 242 902 596 829 456 240 848 571 795
2119 380 178 700 2199 107 906 669 188 1836 961 446 760 1125 2251 465 151 443 693 858 607 1258 1120 999 493 864 1490 449 100 193 154 1062 550 1314 3470 359 8384 480 462 705 2272 426 187 550 541 426 164 1125 494 958 3389 374 399 1525 783 2281 1900 220 1510
1932 3313 631 1395 2412 2518 4243 755 1897 193 2678 3942 946 731 2538 3203 2066 127 2175 1633 2841 422 660 1851 2682 4093 361 2975 6 96 511 794 3815 2880 1482 1068 480 8384 1904 2619 3072 247 3813 5741 1607 2852 1835 2451 1879 4751 1771 138 5794 1216 2160 671 3340 2219 2327
2183 73 3651 752 3216 687 2841 97 339 1160 38 622 691 1061 2837 610 0 231 1954 1042 178 1558 2105 186 413 2895 326 1594 0 0 468 1690 1462 1882 1095 915 462 1904 8384 1655 1594 1871 603 475 1100 31 0 2640 1703 2837 1160 0 1347 2493 539 967 2695 1856 611
2786 1551 0 1609 2995 228 5105 925 1767 2385 263 1717 864 1389 3668 1436 750 196 1897 3494 1053 2371 2872 186 3670 4859 66 2026 0 139 425 3391 2897 4395 1821 617 705 2619 1655 8384 3104 760 1575 3062 402 1564 288 2212 1301 5454 1779 227 2540 3122 1499 2399 4310 2260 948
2393 1938 30 1192 2743 220 3984 986 1071 1143 409 2309 1306 962 2933 1566 542 613 2160 2400 1207 888 1874 1041 2372 4358 96 1824 246 38 1220 778 2924 3305 3560 430 2272 3072 1594 3104 8384 422 1322 3145 773 1591 331 2730 1823 4133 3809 748 3507 1135 2297 1853 4047 1427 2488
1163 275 2190 806 798 1063 566 290 161 916 2022 1124 1024 987 716 612 525 780 1122 799 891 1003 724 28 2076 783 338 81 440 424 173 1097 679 774 627 176 426 247 1871 760 422 8384 1302 1084 409 1744 1483 681 509 716 1701 122 124 780 807 1200 1107 423 113
1531 2367 7 291 1103 3697 1657 434 1443 96 3850 2570 515 128 1786 2615 2501 133 1673 87 2930 395 335 1347 2559 1474 449 719 77 209 894 1716 3491 947 1255 1617 187 3813 603 1575 1322 1302 8384 5467 2207 1979 3182 1683 1595 2558 2844 228 3410 1004 1316 598 1928 1765 1841
1721 3926 120 1511 1506 3121 3546 1007 2801 201 4313 4625 825 451 1990 3307 2369 631 2443 1545 3681 440 214 1775 4771 3316 236 2262 0 0 695 1521 4628 2574 1706 352 550 5741 475 3062 3145 1084 5467 8384 1569 4105 3419 2311 1433 4810 3562 132 5323 820 2099 1045 3081 1728 1986
1526 1945 545 403 906 2431 552 585 794 558 1895 1417 304 70 1025 1640 1264 191 380 195 2035 1033 616 1038 250 582 1416 294 1572 226 911 910 1891 248 890 970 541 1607 1100 402 773 409 2207 1569 8384 742 1966 563 837 637 1176 1217 1761 461 834 595 594 504 1392
198 4354 277 1522 52 1744 1888 581 1449 132 3706 3390 1664 1331 52 2604 915 2100 1160 3051 3261 1100 433 915 3839 1825 481 3298 525 171 509 995 1629 2163 743 281 426 2852 31 1564 1591 1744 1979 4105 742 8384 2076 637 242 1926 1066 260 3112 1533 1484 1278 802 1033 1295
477 2598 37 827 515 4465 30 299 2 1178 3438 2787 440 223 835 2266 2131 548 447 724 2842 1232 85 1137 2142 524 248 0 1928 98 1132 539 1529 55 359 570 164 1835 0 288 331 1483 3182 3419 1966 2076 8384 1271 241 0 1567 1195 1861 80 572 990 0 320 673
2623 390 702 1920 3056 89 3449 838 495 1615 643 1107 744 524 3566 1569 34 277 2354 1771 652 1281 1672 1115 1002 3777 77 1096 201 73 266 1306 2894 2658 1846 508 1125 2451 2640 2212 2730 681 1683 2311 563 637 1271 8384 1870 3770 1890 363 2558 1578 1506 1777 3222 1737 1469
2054 256 1223 766 2385 792 1814 1702 235 239 346 433 624 1368 2017 534 153 463 1565 164 294 338 844 918 302 2020 197 1038 341 116 727 659 1900 1091 1580 392 494 1879 1703 1301 1823 509 1595 1433 837 242 241 1870 8384 1985 1859 376 1838 649 1194 764 1990 1233 1548
4256 1490 0 2430 4841 164 6963 1003 2801 2427 1023 2120 1177 1511 5564 1432 713 106 2755 3617 940 2712 3244 740 4420 6890 0 2520 0 0 484 4023 3585 5068 2423 1039 958 4751 2837 5454 4133 716 2558 4810 637 1926 0 3770 1985 8384 2952 132 4363 4201 2239 2765 5364 2553 1461
4327 469 0 842 4209 1470 2315 1059 657 2769 3238 1086 883 1284 4631 913 359 348 2071 756 1021 813 947 1162 2621 2447 1787 355 0 3 697 1409 2534 1499 5122 242 3389 1771 1160 1779 3809 1701 2844 3562 1176 1066 1567 1890 1859 2952 8384 132 1879 1180 2070 3647 3148 1663 3019
132 1673 0 1229 132 615 189 1051 586 277 188 384 302 694 132 519 119 629 223 156 46 417 501 1326 484 468 140 212 3696 512 1599 131 288 381 358 902 374 138 0 227 748 122 228 132 1217 260 1195 363 376 132 132 8384 132 555 187 219 132 525 746
1964 3354 0 1183 2095 1852 4167 831 1453 167 2331 3860 828 480 2450 3066 2535 75 1991 1602 2792 218 1086 1746 2188 4114 236 2158 0 0 272 325 3982 2582 1457 596 399 5794 1347 2540 3507 124 3410 5323 1761 3112 1861 2558 1838 4363 1879 132 8384 1049 2571 665 3252 2141 2236
3009 1461 278 1346 3388 452 3753 542 655 2465 1432 294 1442 2117 4183 549 731 1831 896 3280 1480 3964 4800 922 2649 3668 179 1851 45 112 604 4237 1158 2564 1211 829 1525 1216 2493 3122 1135 780 1004 820 461 1533 80 1578 649 4201 1180 555 1049 8384 966 2632 2852 1766 159
1520 692 253 1030 1656 659 2072 915 246 623 553 1616 771 646 1841 818 2760 250 1382 867 766 593 788 1057 1457 2239 300 455 55 55 261 803 2807 1528 1467 456 783 2160 539 1499 2297 807 1316 2099 834 1484 572 1506 1194 2239 2070 187 2571 966 8384 1348 2082 991 2019
4317 429 0 2430 5165 562 2492 1082 0 5020 2051 1132 1275 2727 5179 731 90 719 1888 2893 502 2496 2891 1178 1944 3131 2016 346 767 8 519 2678 723 2923 4559 240 2281 671 967 2399 1853 1200 598 1045 595 1278 990 1777 764 2765 3647 219 665 2632 1348 8384 1706 546 2266
3225 802 492 1894 3519 146 4841 1003 1072 1136 82 1294 615 1308 4273 1609 713 225 2169 1852 1085 1421 2069 726 2403 4762 0 1084 0 0 438 2316 4476 3103 3365 848 1900 3340 2695 4310 4047 1107 1928 3081 594 802 0 3222 1990 5364 3148 132 3252 2852 2082 1706 8384 2428 1461
1679 940 384 951 1731 414 2474 546 343 492 893 982 324 433 2224 1308 865 1797 1317 1286 2079 1040 1231 791 779 2543 51 973 89 332 535 1087 2098 2055 896 571 220 2219 1856 2260 1427 423 1765 1728 504 1033 320 1737 1233 2553 1663 525 2141 1766 991 546 2428 8384 1617
3164 1056 28 597 3015 706 1517 754 60 1689 1954 1090 933 422 3044 1632 707 614 1568 193 774 302 545 2033 12 1626 2297 237 266 37 1137 166 2389 1561 3134 795 1510 2327 611 948 2488 113 1841 1986 1392 1295 673 1469 1548 1461 3019 746 2236 159 2019 2266 1461 1617 8384
