5217 209 956 1225 151 673 3143 211 269 795 782 3458 151 399 3537 2316 117 605 3163 2901 2237 1841 409 2428 3456 92 192 407 528 516 1442 409 3537 409 1766 409 3089 3537 514 409 904 409 1928 2924 2263 3328 3537 1411 271 409 409 3537 3537 409 409 409 3537 409 409
209 5217 417 277 1175 126 9 706 196 67 83 9 208 464 0 0 21 1466 11 61 30 47 0 78 37 86 557 101 0 0 566 0 0 0 290 0 0 0 49 0 353 0 130 5 0 0 0 772 591 0 0 0 0 0 0 0 0 0 0
956 417 5217 677 54 623 1642 213 0 1278 132 1661 177 191 1641 1641 1006 18 1641 742 64 1566 78 1715 1471 210 443 160 78 185 1965 78 1641 78 851 78 928 1641 0 78 884 78 431 763 752 1167 1641 651 510 78 78 1641 1641 78 78 78 1641 78 78
1225 277 677 5217 474 562 1711 782 281 1315 119 1721 202 250 1707 1494 457 688 1707 1323 1004 1370 0 1591 1639 53 41 476 466 117 692 0 1707 0 938 0 1412 1707 573 0 582 0 186 1307 288 1412 1707 125 568 0 0 1707 1707 0 0 0 1707 0 0
151 1175 54 474 5217 54 70 956 964 164 246 100 123 147 82 52 185 691 68 82 122 105 83 86 119 305 279 443 83 83 608 83 82 83 312 83 144 82 49 83 275 83 131 82 82 82 82 438 242 83 83 82 82 83 83 83 82 83 83
673 126 623 562 54 5217 246 54 5 295 91 322 593 402 322 111 114 1036 379 775 322 169 102 87 322 304 96 261 70 74 296 102 322 102 183 102 311 322 1029 102 510 102 376 342 313 342 322 602 320 102 102 322 322 102 102 102 322 102 102
3143 9 1642 1711 70 246 5217 185 1 1096 295 4700 143 288 4779 3902 92 745 4690 3880 2232 3407 254 4213 4609 130 534 340 720 361 2667 254 4779 254 2007 254 4066 4779 325 254 882 254 2127 3901 2386 4305 4779 1643 637 254 254 4779 4779 254 254 254 4779 254 254
211 706 213 782 956 54 185 5217 1728 214 241 215 153 399 234 168 166 97 124 244 265 196 191 113 234 161 298 503 191 138 78 191 234 191 484 191 275 234 226 191 490 191 260 257 252 225 234 313 311 191 191 234 234 191 191 191 234 191 191
269 196 0 281 964 5 1 1728 5217 191 354 315 127 135 297 0 17 0 15 306 310 1 0 34 297 44 407 363 0 0 79 0 297 0 355 0 297 297 32 0 169 0 303 297 297 297 297 536 89 0 0 297 297 0 0 0 297 0 0
795 67 1278 1315 164 295 1096 214 191 5217 120 1093 305 296 1079 1211 501 270 1079 180 168 1131 278 1050 909 398 117 140 267 385 1185 278 1079 278 831 278 366 1079 451 278 493 278 103 201 121 605 1079 111 384 278 278 1079 1079 278 278 278 1079 278 278
782 83 132 119 246 91 295 241 354 120 5217 541 145 272 559 174 294 191 207 568 678 120 1471 33 573 137 7 125 1005 1471 541 1471 559 1471 650 1471 627 559 604 1471 887 1471 998 564 1467 559 559 590 174 1471 1471 559 559 1471 1471 1471 559 1471 1471
3458 9 1661 1721 100 322 4700 215 315 1093 541 5217 136 369 5138 3750 106 462 4720 4239 2489 3255 0 4061 4968 53 540 324 466 107 2606 0 5138 0 2257 0 4425 5138 68 0 999 0 2486 4260 2643 4664 5138 1938 621 0 0 5138 5138 0 0 0 5138 0 0
151 208 177 202 123 593 143 153 127 305 145 136 5217 2101 136 257 86 314 141 415 436 279 537 136 136 704 602 324 491 355 259 537 136 537 207 537 193 136 344 537 183 537 255 321 403 304 136 519 251 537 537 136 136 537 537 537 136 537 537
399 464 191 250 147 402 288 399 135 296 272 369 2101 5217 369 184 174 275 298 554 1379 152 1172 154 369 317 968 211 1058 790 131 1172 369 1172 286 1172 415 369 49 1172 177 1172 836 751 871 723 369 439 195 1172 1172 369 369 1172 1172 1172 369 1172 1172
3537 0 1641 1707 82 322 4779 234 297 1079 559 5138 136 369 5217 3750 92 462 4799 4318 2568 3255 0 4061 5047 53 540 324 466 107 2592 0 5217 0 2336 0 4504 5217 68 0 1055 0 2565 4339 2722 4743 5217 2017 607 0 0 5217 5217 0 0 0 5217 0 0
2316 0 1641 1494 52 111 3902 168 0 1211 174 3750 257 184 3750 5217 136 429 3772 2851 1101 4559 1467 4325 3580 205 540 427 1933 1574 2819 1467 3750 1467 1745 1467 3037 3750 1535 1467 841 1467 1266 2872 1255 3276 3750 990 607 1467 1467 3750 3750 1467 1467 1467 3750 1467 1467
117 21 1006 457 185 114 92 166 17 501 294 106 86 174 92 136 5217 3 95 29 44 235 230 94 92 158 55 347 230 285 406 230 92 230 180 230 94 92 300 230 671 230 156 39 44 92 92 106 431 230 230 92 92 230 230 230 92 230 230
605 1466 18 688 691 1036 745 97 0 270 191 462 314 275 462 429 3 5217 502 455 471 463 418 620 462 662 0 427 418 419 861 418 462 418 173 418 504 462 1216 418 377 418 415 451 451 462 462 367 577 418 418 462 462 418 418 418 462 418 418
3163 11 1641 1707 68 379 4690 124 15 1079 207 4720 141 298 4799 3772 95 502 5217 3900 2150 3277 22 4083 4629 193 569 489 488 129 2585 22 4799 22 2119 22 4086 4799 90 22 872 22 2147 3921 2304 4325 4799 1599 608 22 22 4799 4799 22 22 22 4799 22 22
2901 61 742 1323 82 775 3880 244 306 180 568 4239 415 554 4318 2851 29 455 3900 5217 2611 2449 43 3162 4318 233 569 263 509 2 1693 43 4318 43 1642 43 4331 4318 214 43 598 43 2608 4361 2765 4356 4318 2309 596 43 43 4318 4318 43 43 43 4318 43 43
2237 30 64 1004 122 322 2232 265 310 168 678 2489 436 1379 2568 1101 44 471 2150 2611 5217 767 2353 1412 2568 228 125 235 2819 1589 282 2353 2568 2353 1272 2353 2625 2568 93 2353 720 2353 3096 3422 3279 3042 2568 1551 215 2353 2353 2568 2568 2353 2353 2353 2568 2353 2353
1841 47 1566 1370 105 169 3407 196 1 1131 120 3255 279 152 3255 4559 235 463 3277 2449 767 5217 1399 3830 3085 207 557 426 1865 1370 2591 1399 3255 1399 1675 1399 2628 3255 1380 1399 684 1399 1064 2538 981 2781 3255 1011 632 1399 1399 3255 3255 1399 1399 1399 3255 1399 1399
409 0 78 0 83 102 254 191 0 278 1471 0 537 1172 0 1467 230 418 22 43 2353 1399 5217 575 0 274 116 423 4751 4453 856 5217 0 5217 189 5217 57 0 1897 5217 943 5217 1931 854 2431 474 0 415 42 5217 5217 0 0 5217 5217 5217 0 5217 5217
2428 78 1715 1591 86 87 4213 113 34 1050 33 4061 136 154 4061 4325 94 620 4083 3162 1412 3830 575 5217 3891 355 770 456 1041 682 2768 575 4061 575 1830 575 3348 4061 643 575 828 575 1409 3183 1566 3587 4061 1007 739 575 575 4061 4061 575 575 575 4061 575 575
3456 37 1471 1639 119 322 4609 234 297 909 573 4968 136 369 5047 3580 92 462 4629 4318 2568 3085 0 3891 5217 53 540 324 466 107 2422 0 5047 0 2166 0 4504 5047 68 0 954 0 2565 4339 2722 4743 5047 2017 603 0 0 5047 5047 0 0 0 5047 0 0
92 86 210 53 305 304 130 161 44 398 137 53 704 317 53 205 158 662 193 233 228 207 274 355 53 5217 171 346 273 203 183 274 53 274 388 274 288 53 228 274 143 274 100 111 122 106 53 469 539 274 274 53 53 274 274 274 53 274 274
192 557 443 41 279 96 534 298 407 117 7 540 602 968 540 540 55 0 569 569 125 557 116 770 540 171 5217 163 116 116 542 116 540 116 242 116 540 540 296 116 98 116 233 547 546 540 540 486 384 116 116 540 540 116 116 116 540 116 116
407 101 160 476 443 261 340 503 363 140 125 324 324 211 324 427 347 427 489 263 235 426 423 456 324 346 163 5217 423 481 149 423 324 423 451 423 261 324 254 423 281 423 195 285 175 324 324 77 160 423 423 324 324 423 423 423 324 423 423
528 0 78 466 83 70 720 191 0 267 1005 466 491 1058 466 1933 230 418 488 509 2819 1865 4751 1041 466 273 116 423 5217 3987 878 4751 466 4751 635 4751 523 466 1897 4751 943 4751 1760 1320 1965 940 466 415 216 4751 4751 466 466 4751 4751 4751 466 4751 4751
516 0 185 117 83 74 361 138 0 385 1471 107 355 790 107 1574 285 419 129 2 1589 1370 4453 682 107 203 116 481 3987 5217 963 4453 107 4453 335 4453 8 107 1897 4453 956 4453 1167 90 1667 107 107 298 30 4453 4453 107 107 4453 4453 4453 107 4453 4453
1442 566 1965 692 608 296 2667 78 79 1185 541 2606 259 131 2592 2819 406 861 2585 1693 282 2591 856 2768 2422 183 542 149 878 963 5217 856 2592 856 1180 856 1879 2592 807 856 1227 856 1253 1714 1248 2118 2592 1228 762 856 856 2592 2592 856 856 856 2592 856 856
409 0 78 0 83 102 254 191 0 278 1471 0 537 1172 0 1467 230 418 22 43 2353 1399 5217 575 0 274 116 423 4751 4453 856 5217 0 5217 189 5217 57 0 1897 5217 943 5217 1931 854 2431 474 0 415 42 5217 5217 0 0 5217 5217 5217 0 5217 5217
3537 0 1641 1707 82 322 4779 234 297 1079 559 5138 136 369 5217 3750 92 462 4799 4318 2568 3255 0 4061 5047 53 540 324 466 107 2592 0 5217 0 2336 0 4504 5217 68 0 1055 0 2565 4339 2722 4743 5217 2017 607 0 0 5217 5217 0 0 0 5217 0 0
409 0 78 0 83 102 254 191 0 278 1471 0 537 1172 0 1467 230 418 22 43 2353 1399 5217 575 0 274 116 423 4751 4453 856 5217 0 5217 189 5217 57 0 1897 5217 943 5217 1931 854 2431 474 0 415 42 5217 5217 0 0 5217 5217 5217 0 5217 5217
1766 290 851 938 312 183 2007 484 355 831 650 2257 207 286 2336 1745 180 173 2119 1642 1272 1675 189 1830 2166 388 242 451 635 335 1180 189 2336 189 5217 189 1645 2336 213 189 937 189 1054 1649 877 1862 2336 951 258 189 189 2336 2336 189 189 189 2336 189 189
409 0 78 0 83 102 254 191 0 278 1471 0 537 1172 0 1467 230 418 22 43 2353 1399 5217 575 0 274 116 423 4751 4453 856 5217 0 5217 189 5217 57 0 1897 5217 943 5217 1931 854 2431 474 0 415 42 5217 5217 0 0 5217 5217 5217 0 5217 5217
3089 0 928 1412 144 311 4066 275 297 366 627 4425 193 415 4504 3037 94 504 4086 4331 2625 2628 57 3348 4504 288 540 261 523 8 1879 57 4504 57 1645 57 5217 4504 68 57 670 57 2622 4396 2779 4504 4504 2199 603 57 57 4504 4504 57 57 57 4504 57 57
3537 0 1641 1707 82 322 4779 234 297 1079 559 5138 136 369 5217 3750 92 462 4799 4318 2568 3255 0 4061 5047 53 540 324 466 107 2592 0 5217 0 2336 0 4504 5217 68 0 1055 0 2565 4339 2722 4743 5217 2017 607 0 0 5217 5217 0 0 0 5217 0 0
514 49 0 573 49 1029 325 226 32 451 604 68 344 49 68 1535 300 1216 90 214 93 1380 1897 643 68 228 296 254 1897 1897 807 1897 68 1897 213 1897 68 68 5217 1897 661 1897 0 68 41 68 68 392 689 1897 1897 68 68 1897 1897 1897 68 1897 1897
409 0 78 0 83 102 254 191 0 278 1471 0 537 1172 0 1467 230 418 22 43 2353 1399 5217 575 0 274 116 423 4751 4453 856 5217 0 5217 189 5217 57 0 1897 5217 943 5217 1931 854 2431 474 0 415 42 5217 5217 0 0 5217 5217 5217 0 5217 5217
904 353 884 582 275 510 882 490 169 493 887 999 183 177 1055 841 671 377 872 598 720 684 943 828 954 143 98 281 943 956 1227 943 1055 943 937 943 670 1055 661 943 5217 943 952 658 723 777 1055 608 334 943 943 1055 1055 943 943 943 1055 943 943
409 0 78 0 83 102 254 191 0 278 1471 0 537 1172 0 1467 230 418 22 43 2353 1399 5217 575 0 274 116 423 4751 4453 856 5217 0 5217 189 5217 57 0 1897 5217 943 5217 1931 854 2431 474 0 415 42 5217 5217 0 0 5217 5217 5217 0 5217 5217
1928 130 431 186 131 376 2127 260 303 103 998 2486 255 836 2565 1266 156 415 2147 2608 3096 1064 1931 1409 2565 100 233 195 1760 1167 1253 1931 2565 1931 1054 1931 2622 2565 0 1931 952 1931 5217 3419 3630 3039 2565 2227 235 1931 1931 2565 2565 1931 1931 1931 2565 1931 1931
2924 5 763 1307 82 342 3901 257 297 201 564 4260 321 751 4339 2872 39 451 3921 4361 3422 2538 854 3183 4339 111 547 285 1320 90 1714 854 4339 854 1649 854 4396 4339 68 854 658 854 3419 5217 3576 4813 4339 2224 530 854 854 4339 4339 854 854 854 4339 854 854
2263 0 752 288 82 313 2386 252 297 121 1467 2643 403 871 2722 1255 44 451 2304 2765 3279 981 2431 1566 2722 122 546 175 1965 1667 1248 2431 2722 2431 877 2431 2779 2722 41 2431 723 2431 3630 3576 5217 3196 2722 2181 120 2431 2431 2722 2722 2431 2431 2431 2722 2431 2431
3328 0 1167 1412 82 342 4305 225 297 605 559 4664 304 723 4743 3276 92 462 4325 4356 3042 2781 474 3587 4743 106 540 324 940 107 2118 474 4743 474 1862 474 4504 4743 68 474 777 474 3039 4813 3196 5217 4743 2017 615 474 474 4743 4743 474 474 474 4743 474 474
3537 0 1641 1707 82 322 4779 234 297 1079 559 5138 136 369 5217 3750 92 462 4799 4318 2568 3255 0 4061 5047 53 540 324 466 107 2592 0 5217 0 2336 0 4504 5217 68 0 1055 0 2565 4339 2722 4743 5217 2017 607 0 0 5217 5217 0 0 0 5217 0 0
1411 772 651 125 438 602 1643 313 536 111 590 1938 519 439 2017 990 106 367 1599 2309 1551 1011 415 1007 2017 469 486 77 415 298 1228 415 2017 415 951 415 2199 2017 392 415 608 415 2227 2224 2181 2017 2017 5217 378 415 415 2017 2017 415 415 415 2017 415 415
271 591 510 568 242 320 637 311 89 384 174 621 251 195 607 607 431 577 608 596 215 632 42 739 603 539 384 160 216 30 762 42 607 42 258 42 603 607 689 42 334 42 235 530 120 615 607 378 5217 42 42 607 607 42 42 42 607 42 42
409 0 78 0 83 102 254 191 0 278 1471 0 537 1172 0 1467 230 418 22 43 2353 1399 5217 575 0 274 116 423 4751 4453 856 5217 0 5217 189 5217 57 0 1897 5217 943 5217 1931 854 2431 474 0 415 42 5217 5217 0 0 5217 5217 5217 0 5217 5217
409 0 78 0 83 102 254 191 0 278 1471 0 537 1172 0 1467 230 418 22 43 2353 1399 5217 575 0 274 116 423 4751 4453 856 5217 0 5217 189 5217 57 0 1897 5217 943 5217 1931 854 2431 474 0 415 42 5217 5217 0 0 5217 5217 5217 0 5217 5217
3537 0 1641 1707 82 322 4779 234 297 1079 559 5138 136 369 5217 3750 92 462 4799 4318 2568 3255 0 4061 5047 53 540 324 466 107 2592 0 5217 0 2336 0 4504 5217 68 0 1055 0 2565 4339 2722 4743 5217 2017 607 0 0 5217 5217 0 0 0 5217 0 0
3537 0 1641 1707 82 322 4779 234 297 1079 559 5138 136 369 5217 3750 92 462 4799 4318 2568 3255 0 4061 5047 53 540 324 466 107 2592 0 5217 0 2336 0 4504 5217 68 0 1055 0 2565 4339 2722 4743 5217 2017 607 0 0 5217 5217 0 0 0 5217 0 0
409 0 78 0 83 102 254 191 0 278 1471 0 537 1172 0 1467 230 418 22 43 2353 1399 5217 575 0 274 116 423 4751 4453 856 5217 0 5217 189 5217 57 0 1897 5217 943 5217 1931 854 2431 474 0 415 42 5217 5217 0 0 5217 5217 5217 0 5217 5217
409 0 78 0 83 102 254 191 0 278 1471 0 537 1172 0 1467 230 418 22 43 2353 1399 5217 575 0 274 116 423 4751 4453 856 5217 0 5217 189 5217 57 0 1897 5217 943 5217 1931 854 2431 474 0 415 42 5217 5217 0 0 5217 5217 5217 0 5217 5217
409 0 78 0 83 102 254 191 0 278 1471 0 537 1172 0 1467 230 418 22 43 2353 1399 5217 575 0 274 116 423 4751 4453 856 5217 0 5217 189 5217 57 0 1897 5217 943 5217 1931 854 2431 474 0 415 42 5217 5217 0 0 5217 5217 5217 0 5217 5217
3537 0 1641 1707 82 322 4779 234 297 1079 559 5138 136 369 5217 3750 92 462 4799 4318 2568 3255 0 4061 5047 53 540 324 466 107 2592 0 5217 0 2336 0 4504 5217 68 0 1055 0 2565 4339 2722 4743 5217 2017 607 0 0 5217 5217 0 0 0 5217 0 0
409 0 78 0 83 102 254 191 0 278 1471 0 537 1172 0 1467 230 418 22 43 2353 1399 5217 575 0 274 116 423 4751 4453 856 5217 0 5217 189 5217 57 0 1897 5217 943 5217 1931 854 2431 474 0 415 42 5217 5217 0 0 5217 5217 5217 0 5217 5217
409 0 78 0 83 102 254 191 0 278 1471 0 537 1172 0 1467 230 418 22 43 2353 1399 5217 575 0 274 116 423 4751 4453 856 5217 0 5217 189 5217 57 0 1897 5217 943 5217 1931 854 2431 474 0 415 42 5217 5217 0 0 5217 5217 5217 0 5217 5217
