4417 7 1 3507 126 4051 4051 40 0 40 149 4051 4051 9 40 3950 9 40 3939 2461 4051 603 40 40 4051 4051 40 47 301 75 4051 236 40 2345 40 40 103 112 2184 7 40 40 40 4051 40 40 94 40 455 3850 4051 4051 2946 1630 2852 40 2341 40 4051
7 4417 8 0 0 0 0 200 0 200 226 0 0 0 200 9 0 200 22 2 0 93 200 200 0 0 200 13 89 38 0 212 200 38 200 200 10 148 664 4183 200 200 200 0 200 200 1 200 20 0 0 0 0 256 200 200 8 200 0
1 8 4417 97 49 98 98 0 0 0 0 98 98 0 0 107 0 0 98 112 98 356 0 0 98 98 0 127 4 115 98 176 0 106 0 0 1674 1324 30 1 0 0 0 98 0 0 1830 0 1096 98 98 98 153 668 1 0 286 0 98
3507 0 97 4417 0 3867 3867 550 0 550 109 3867 3867 0 550 3766 0 550 3867 2179 3867 135 550 550 3867 3867 550 20 364 28 3867 269 550 2251 550 550 103 590 1827 0 550 550 550 3867 550 550 142 550 43 3979 3867 3867 3306 2443 2314 550 3251 550 3867
126 0 49 0 4417 0 0 0 0 0 38 0 0 73 0 0 86 0 55 5 0 255 0 0 0 0 0 32 0 0 0 132 0 350 0 0 40 162 209 0 0 0 0 0 0 0 60 0 425 0 0 0 625 79 0 0 111 0 0
4051 0 98 3867 0 4417 4417 0 0 0 109 4417 4417 0 0 4316 0 0 4305 2729 4417 609 0 0 4417 4417 0 46 307 56 4417 236 0 2711 0 0 103 93 2377 0 0 0 0 4417 0 0 94 0 461 4210 4417 4417 3306 1990 2864 0 2701 0 4417
4051 0 98 3867 0 4417 4417 0 0 0 109 4417 4417 0 0 4316 0 0 4305 2729 4417 609 0 0 4417 4417 0 46 307 56 4417 236 0 2711 0 0 103 93 2377 0 0 0 0 4417 0 0 94 0 461 4210 4417 4417 3306 1990 2864 0 2701 0 4417
40 200 0 550 0 0 0 4417 0 4417 3650 0 0 0 4417 9 0 4417 0 151 0 768 4417 4417 0 0 4417 24 240 0 0 621 4417 0 4417 4417 78 732 142 0 4417 4417 4417 0 4417 4417 142 4417 25 112 0 0 0 535 1553 4417 1125 4417 0
0 0 0 0 0 0 0 0 4417 0 0 0 0 0 0 0 0 0 0 0 0 231 0 0 0 0 0 17 0 0 0 0 0 0 0 0 21 115 0 0 0 0 0 0 0 0 548 0 0 0 0 0 19 31 0 0 25 0 0
40 200 0 550 0 0 0 4417 0 4417 3650 0 0 0 4417 9 0 4417 0 151 0 768 4417 4417 0 0 4417 24 240 0 0 621 4417 0 4417 4417 78 732 142 0 4417 4417 4417 0 4417 4417 142 4417 25 112 0 0 0 535 1553 4417 1125 4417 0
149 226 0 109 38 109 109 3650 0 3650 4417 109 109 14 3650 118 14 3650 118 260 109 817 3650 3650 109 109 3650 53 129 159 109 518 3650 7 3650 3650 167 238 251 26 3650 3650 3650 109 3650 3650 14 3650 5 109 109 109 26 79 1662 3650 358 3650 109
4051 0 98 3867 0 4417 4417 0 0 0 109 4417 4417 0 0 4316 0 0 4305 2729 4417 609 0 0 4417 4417 0 46 307 56 4417 236 0 2711 0 0 103 93 2377 0 0 0 0 4417 0 0 94 0 461 4210 4417 4417 3306 1990 2864 0 2701 0 4417
4051 0 98 3867 0 4417 4417 0 0 0 109 4417 4417 0 0 4316 0 0 4305 2729 4417 609 0 0 4417 4417 0 46 307 56 4417 236 0 2711 0 0 103 93 2377 0 0 0 0 4417 0 0 94 0 461 4210 4417 4417 3306 1990 2864 0 2701 0 4417
9 0 0 0 73 0 0 0 0 0 14 0 0 4417 0 5 4235 0 0 0 0 168 0 0 0 0 0 53 0 0 0 672 0 31 0 0 0 38 0 0 0 0 0 0 0 0 81 0 60 0 0 0 32 201 0 0 4 0 0
40 200 0 550 0 0 0 4417 0 4417 3650 0 0 0 4417 9 0 4417 0 151 0 768 4417 4417 0 0 4417 24 240 0 0 621 4417 0 4417 4417 78 732 142 0 4417 4417 4417 0 4417 4417 142 4417 25 112 0 0 0 535 1553 4417 1125 4417 0
3950 9 107 3766 0 4316 4316 9 0 9 118 4316 4316 5 9 4417 0 9 4204 2628 4316 616 9 9 4316 4316 9 66 307 60 4316 223 9 2610 9 9 112 96 2276 56 9 9 9 4316 9 9 94 9 461 4109 4316 4316 3205 1999 2873 9 2600 9 4316
9 0 0 0 86 0 0 0 0 0 14 0 0 4235 0 0 4417 0 0 0 0 162 0 0 0 0 0 53 0 0 0 704 0 31 0 0 0 38 0 0 0 0 0 0 0 0 86 0 64 0 0 0 32 201 0 0 4 0 0
40 200 0 550 0 0 0 4417 0 4417 3650 0 0 0 4417 9 0 4417 0 151 0 768 4417 4417 0 0 4417 24 240 0 0 621 4417 0 4417 4417 78 732 142 0 4417 4417 4417 0 4417 4417 142 4417 25 112 0 0 0 535 1553 4417 1125 4417 0
3939 22 98 3867 55 4305 4305 0 0 0 118 4305 4305 0 0 4204 0 0 4417 2617 4305 524 0 0 4305 4305 0 46 326 57 4305 236 0 2599 0 0 103 93 2265 22 0 0 0 4305 0 0 16 0 445 4098 4305 4305 3306 1990 2752 0 2701 0 4305
2461 2 112 2179 5 2729 2729 151 0 151 260 2729 2729 0 151 2628 0 151 2617 4417 2729 621 151 151 2729 2729 151 46 309 57 2729 480 151 1977 151 151 402 137 2917 2 151 151 151 2729 151 151 123 151 490 2522 2729 2729 1618 745 1256 151 1540 151 2729
4051 0 98 3867 0 4417 4417 0 0 0 109 4417 4417 0 0 4316 0 0 4305 2729 4417 609 0 0 4417 4417 0 46 307 56 4417 236 0 2711 0 0 103 93 2377 0 0 0 0 4417 0 0 94 0 461 4210 4417 4417 3306 1990 2864 0 2701 0 4417
603 93 356 135 255 609 609 768 231 768 817 609 609 168 768 616 162 768 524 621 609 4417 768 768 609 609 768 122 242 97 609 409 768 571 768 768 387 313 766 43 768 768 768 609 768 768 275 768 833 402 609 609 129 232 857 768 510 768 609
40 200 0 550 0 0 0 4417 0 4417 3650 0 0 0 4417 9 0 4417 0 151 0 768 4417 4417 0 0 4417 24 240 0 0 621 4417 0 4417 4417 78 732 142 0 4417 4417 4417 0 4417 4417 142 4417 25 112 0 0 0 535 1553 4417 1125 4417 0
40 200 0 550 0 0 0 4417 0 4417 3650 0 0 0 4417 9 0 4417 0 151 0 768 4417 4417 0 0 4417 24 240 0 0 621 4417 0 4417 4417 78 732 142 0 4417 4417 4417 0 4417 4417 142 4417 25 112 0 0 0 535 1553 4417 1125 4417 0
4051 0 98 3867 0 4417 4417 0 0 0 109 4417 4417 0 0 4316 0 0 4305 2729 4417 609 0 0 4417 4417 0 46 307 56 4417 236 0 2711 0 0 103 93 2377 0 0 0 0 4417 0 0 94 0 461 4210 4417 4417 3306 1990 2864 0 2701 0 4417
4051 0 98 3867 0 4417 4417 0 0 0 109 4417 4417 0 0 4316 0 0 4305 2729 4417 609 0 0 4417 4417 0 46 307 56 4417 236 0 2711 0 0 103 93 2377 0 0 0 0 4417 0 0 94 0 461 4210 4417 4417 3306 1990 2864 0 2701 0 4417
40 200 0 550 0 0 0 4417 0 4417 3650 0 0 0 4417 9 0 4417 0 151 0 768 4417 4417 0 0 4417 24 240 0 0 621 4417 0 4417 4417 78 732 142 0 4417 4417 4417 0 4417 4417 142 4417 25 112 0 0 0 535 1553 4417 1125 4417 0
47 13 127 20 32 46 46 24 17 24 53 46 46 53 24 66 53 24 46 46 46 122 24 24 46 46 24 4417 23 683 46 30 24 89 24 24 407 179 50 41 24 24 24 46 24 24 100 24 197 46 46 46 33 14 46 24 26 24 46
301 89 4 364 0 307 307 240 0 240 129 307 307 0 240 307 0 240 326 309 307 242 240 240 307 307 240 23 4417 8 307 524 240 92 240 240 504 184 238 89 240 240 240 307 240 240 114 240 132 300 307 307 242 222 307 240 132 240 307
75 38 115 28 0 56 56 0 0 0 159 56 56 0 0 60 0 0 57 57 56 97 0 0 56 56 0 683 8 4417 56 5 0 61 0 0 118 288 79 38 0 0 0 56 0 0 3 0 98 56 56 56 28 140 28 0 29 0 56
4051 0 98 3867 0 4417 4417 0 0 0 109 4417 4417 0 0 4316 0 0 4305 2729 4417 609 0 0 4417 4417 0 46 307 56 4417 236 0 2711 0 0 103 93 2377 0 0 0 0 4417 0 0 94 0 461 4210 4417 4417 3306 1990 2864 0 2701 0 4417
236 212 176 269 132 236 236 621 0 621 518 236 236 672 621 223 704 621 236 480 236 409 621 621 236 236 621 30 524 5 236 4417 621 204 621 621 272 205 510 212 621 621 621 236 621 621 216 621 120 229 236 236 208 266 355 621 365 621 236
40 200 0 550 0 0 0 4417 0 4417 3650 0 0 0 4417 9 0 4417 0 151 0 768 4417 4417 0 0 4417 24 240 0 0 621 4417 0 4417 4417 78 732 142 0 4417 4417 4417 0 4417 4417 142 4417 25 112 0 0 0 535 1553 4417 1125 4417 0
2345 38 106 2251 350 2711 2711 0 0 0 7 2711 2711 31 0 2610 31 0 2599 1977 2711 571 0 0 2711 2711 0 89 92 61 2711 204 0 4417 0 0 92 68 1841 38 0 0 0 2711 0 0 126 0 454 2557 2711 2711 2266 1384 1158 0 2256 0 2711
40 200 0 550 0 0 0 4417 0 4417 3650 0 0 0 4417 9 0 4417 0 151 0 768 4417 4417 0 0 4417 24 240 0 0 621 4417 0 4417 4417 78 732 142 0 4417 4417 4417 0 4417 4417 142 4417 25 112 0 0 0 535 1553 4417 1125 4417 0
40 200 0 550 0 0 0 4417 0 4417 3650 0 0 0 4417 9 0 4417 0 151 0 768 4417 4417 0 0 4417 24 240 0 0 621 4417 0 4417 4417 78 732 142 0 4417 4417 4417 0 4417 4417 142 4417 25 112 0 0 0 535 1553 4417 1125 4417 0
103 10 1674 103 40 103 103 78 21 78 167 103 103 0 78 112 0 78 103 402 103 387 78 78 103 103 78 407 504 118 103 272 78 92 78 78 4417 184 429 3 78 78 78 103 78 78 351 78 486 103 103 103 99 675 160 78 174 78 103
112 148 1324 590 162 93 93 732 115 732 238 93 93 38 732 96 38 732 93 137 93 313 732 732 93 93 732 179 184 288 93 205 732 68 732 732 184 4417 92 116 732 732 732 93 732 732 1355 732 645 205 93 93 150 714 158 732 560 732 93
2184 664 30 1827 209 2377 2377 142 0 142 251 2377 2377 0 142 2276 0 142 2265 2917 2377 766 142 142 2377 2377 142 50 238 79 2377 510 142 1841 142 142 429 92 4417 664 142 142 142 2377 142 142 123 142 490 2170 2377 2377 1266 442 1355 142 1223 142 2377
7 4183 1 0 0 0 0 0 0 0 26 0 0 0 0 56 0 0 22 2 0 43 0 0 0 0 0 41 89 38 0 212 0 38 0 0 3 116 664 4417 0 0 0 0 0 0 1 0 20 0 0 0 0 249 0 0 8 0 0
40 200 0 550 0 0 0 4417 0 4417 3650 0 0 0 4417 9 0 4417 0 151 0 768 4417 4417 0 0 4417 24 240 0 0 621 4417 0 4417 4417 78 732 142 0 4417 4417 4417 0 4417 4417 142 4417 25 112 0 0 0 535 1553 4417 1125 4417 0
40 200 0 550 0 0 0 4417 0 4417 3650 0 0 0 4417 9 0 4417 0 151 0 768 4417 4417 0 0 4417 24 240 0 0 621 4417 0 4417 4417 78 732 142 0 4417 4417 4417 0 4417 4417 142 4417 25 112 0 0 0 535 1553 4417 1125 4417 0
40 200 0 550 0 0 0 4417 0 4417 3650 0 0 0 4417 9 0 4417 0 151 0 768 4417 4417 0 0 4417 24 240 0 0 621 4417 0 4417 4417 78 732 142 0 4417 4417 4417 0 4417 4417 142 4417 25 112 0 0 0 535 1553 4417 1125 4417 0
4051 0 98 3867 0 4417 4417 0 0 0 109 4417 4417 0 0 4316 0 0 4305 2729 4417 609 0 0 4417 4417 0 46 307 56 4417 236 0 2711 0 0 103 93 2377 0 0 0 0 4417 0 0 94 0 461 4210 4417 4417 3306 1990 2864 0 2701 0 4417
40 200 0 550 0 0 0 4417 0 4417 3650 0 0 0 4417 9 0 4417 0 151 0 768 4417 4417 0 0 4417 24 240 0 0 621 4417 0 4417 4417 78 732 142 0 4417 4417 4417 0 4417 4417 142 4417 25 112 0 0 0 535 1553 4417 1125 4417 0
40 200 0 550 0 0 0 4417 0 4417 3650 0 0 0 4417 9 0 4417 0 151 0 768 4417 4417 0 0 4417 24 240 0 0 621 4417 0 4417 4417 78 732 142 0 4417 4417 4417 0 4417 4417 142 4417 25 112 0 0 0 535 1553 4417 1125 4417 0
94 1 1830 142 60 94 94 142 548 142 14 94 94 81 142 94 86 142 16 123 94 275 142 142 94 94 142 100 114 3 94 216 142 126 142 142 351 1355 123 1 142 142 142 94 142 142 4417 142 1026 125 94 94 19 140 94 142 333 142 94
40 200 0 550 0 0 0 4417 0 4417 3650 0 0 0 4417 9 0 4417 0 151 0 768 4417 4417 0 0 4417 24 240 0 0 621 4417 0 4417 4417 78 732 142 0 4417 4417 4417 0 4417 4417 142 4417 25 112 0 0 0 535 1553 4417 1125 4417 0
455 20 1096 43 425 461 461 25 0 25 5 461 461 60 25 461 64 25 445 490 461 833 25 25 461 461 25 197 132 98 461 120 25 454 25 25 486 645 490 20 25 25 25 461 25 25 1026 25 4417 254 461 461 22 60 461 25 214 25 461
3850 0 98 3979 0 4210 4210 112 0 112 109 4210 4210 0 112 4109 0 112 4098 2522 4210 402 112 112 4210 4210 112 46 300 56 4210 229 112 2557 112 112 103 205 2170 0 112 112 112 4210 112 112 125 112 254 4417 4210 4210 3306 2059 2657 112 2813 112 4210
4051 0 98 3867 0 4417 4417 0 0 0 109 4417 4417 0 0 4316 0 0 4305 2729 4417 609 0 0 4417 4417 0 46 307 56 4417 236 0 2711 0 0 103 93 2377 0 0 0 0 4417 0 0 94 0 461 4210 4417 4417 3306 1990 2864 0 2701 0 4417
4051 0 98 3867 0 4417 4417 0 0 0 109 4417 4417 0 0 4316 0 0 4305 2729 4417 609 0 0 4417 4417 0 46 307 56 4417 236 0 2711 0 0 103 93 2377 0 0 0 0 4417 0 0 94 0 461 4210 4417 4417 3306 1990 2864 0 2701 0 4417
2946 0 153 3306 625 3306 3306 0 19 0 26 3306 3306 32 0 3205 32 0 3306 1618 3306 129 0 0 3306 3306 0 33 242 28 3306 208 0 2266 0 0 99 150 1266 0 0 0 0 3306 0 0 19 0 22 3306 3306 3306 4417 2039 1753 0 2701 0 3306
1630 256 668 2443 79 1990 1990 535 31 535 79 1990 1990 201 535 1999 201 535 1990 745 1990 232 535 535 1990 1990 535 14 222 140 1990 266 535 1384 535 535 675 714 442 249 535 535 535 1990 535 535 140 535 60 2059 1990 1990 2039 4417 1288 535 2150 535 1990
2852 200 1 2314 0 2864 2864 1553 0 1553 1662 2864 2864 0 1553 2873 0 1553 2752 1256 2864 857 1553 1553 2864 2864 1553 46 307 28 2864 355 1553 1158 1553 1553 160 158 1355 0 1553 1553 1553 2864 1553 1553 94 1553 461 2657 2864 2864 1753 1288 4417 1553 1148 1553 2864
40 200 0 550 0 0 0 4417 0 4417 3650 0 0 0 4417 9 0 4417 0 151 0 768 4417 4417 0 0 4417 24 240 0 0 621 4417 0 4417 4417 78 732 142 0 4417 4417 4417 0 4417 4417 142 4417 25 112 0 0 0 535 1553 4417 1125 4417 0
2341 8 286 3251 111 2701 2701 1125 25 1125 358 2701 2701 4 1125 2600 4 1125 2701 1540 2701 510 1125 1125 2701 2701 1125 26 132 29 2701 365 1125 2256 1125 1125 174 560 1223 8 1125 1125 1125 2701 1125 1125 333 1125 214 2813 2701 2701 2701 2150 1148 1125 4417 1125 2701
40 200 0 550 0 0 0 4417 0 4417 3650 0 0 0 4417 9 0 4417 0 151 0 768 4417 4417 0 0 4417 24 240 0 0 621 4417 0 4417 4417 78 732 142 0 4417 4417 4417 0 4417 4417 142 4417 25 112 0 0 0 535 1553 4417 1125 4417 0
4051 0 98 3867 0 4417 4417 0 0 0 109 4417 4417 0 0 4316 0 0 4305 2729 4417 609 0 0 4417 4417 0 46 307 56 4417 236 0 2711 0 0 103 93 2377 0 0 0 0 4417 0 0 94 0 461 4210 4417 4417 3306 1990 2864 0 2701 0 4417
