5447 0 0 114 0 116 4 21 0 155 0 0 21 0 0 5447 0 2 0 5447 525 0 0 0 14 3 0 3549 0 0 270 2196 3281 763 0 140 479 1255 3260 1896 91 0 5447 0 17 0 1793 1396 579 73 72 0 20 5447 2095 38 0 19 503
0 5447 5308 0 0 32 0 128 0 2354 73 0 82 15 0 0 0 225 5308 0 2320 0 3833 5308 458 10 0 33 4629 424 70 0 0 2081 0 0 142 92 0 0 4657 0 0 439 2176 0 0 73 737 4644 2020 1529 0 0 389 94 5135 3353 0
0 5308 5447 0 0 25 0 89 0 2493 73 0 82 15 0 0 0 225 5447 0 2320 0 3972 5447 597 10 0 33 4768 563 70 0 0 2220 0 0 142 92 0 0 4796 0 0 439 2176 0 0 25 737 4783 2020 1668 0 0 389 94 5274 3492 0
114 0 0 5447 0 0 0 2053 3527 210 1 0 4 22 0 114 0 0 0 114 32 0 0 0 0 26 0 114 11 1 0 0 114 0 0 0 142 0 114 0 0 0 114 19 4 0 0 7 2 0 0 0 0 114 0 2 0 84 0
0 0 0 0 5447 3234 5026 0 0 0 2424 5447 0 0 0 0 5447 176 0 0 626 5447 0 0 203 3537 0 0 0 0 4799 3251 1278 1296 5447 3268 0 2346 2098 3551 554 5447 0 0 2134 0 3654 2139 2877 326 2163 3327 5427 0 871 5150 0 419 4944
116 32 25 0 3234 5447 2813 29 0 55 211 3234 1 1 1 116 3234 177 25 116 667 3234 25 25 238 3234 1 118 25 57 3234 3333 45 1321 3234 3316 10 2390 115 3086 579 3234 116 1 16 1 3234 2290 1539 351 709 3234 3234 116 643 2937 25 444 3234
4 0 0 0 5026 2813 5447 0 0 98 2426 5026 13 0 408 4 5026 195 0 4 436 5026 408 0 5 3116 408 4 292 5 4378 2830 1282 875 5026 2847 24 1925 2102 3130 133 5026 4 0 2536 408 3233 1718 2456 41 1742 2906 5006 4 450 5042 82 2 4523
21 128 89 2053 0 29 0 5447 2052 126 10 0 261 296 257 21 0 37 89 21 10 0 257 89 501 26 257 21 110 11 0 0 21 0 0 0 149 4 21 0 60 0 21 31 13 257 0 623 2 169 75 0 0 21 21 7 85 94 0
0 0 0 3527 0 0 0 2052 5447 207 0 0 4 22 0 0 0 0 0 0 18 0 0 0 0 26 0 0 11 0 64 0 446 0 0 0 124 200 0 0 0 0 0 19 3 0 0 0 15 0 7 0 0 0 1674 0 0 84 0
155 2354 2493 210 0 55 98 126 207 5447 482 0 1435 1492 1499 155 0 1030 2493 155 683 0 2242 2493 594 10 1499 188 2526 519 0 0 149 2761 0 0 110 371 155 9 2452 0 155 1347 112 1499 0 72 178 2439 384 1511 0 155 278 1 2575 1978 0
0 73 73 1 2424 211 2426 10 0 482 5447 2424 15 7 7 0 2424 9 73 0 200 2424 73 73 3 514 7 0 73 14 1776 228 1278 71 2424 245 5 1050 2098 581 75 2424 0 7 2210 7 631 0 1605 83 1568 304 2404 0 236 2429 73 71 1921
0 0 0 0 5447 3234 5026 0 0 0 2424 5447 0 0 0 0 5447 176 0 0 626 5447 0 0 203 3537 0 0 0 0 4799 3251 1278 1296 5447 3268 0 2346 2098 3551 554 5447 0 0 2134 0 3654 2139 2877 326 2163 3327 5427 0 871 5150 0 419 4944
21 82 82 4 0 1 13 261 4 1435 15 0 5447 5123 5008 21 0 3313 82 21 90 0 1036 82 29 1841 5008 1859 78 24 88 0 108 721 0 79 112 139 21 0 0 0 21 4229 52 5008 0 5 8 109 52 0 0 21 89 40 50 1 0
0 15 15 22 0 1 0 296 22 1492 7 0 5123 5447 4997 0 0 3313 15 0 69 0 1025 15 26 1841 4997 1838 72 0 88 0 87 721 0 79 127 139 0 0 0 0 0 4159 42 4997 0 5 8 109 52 0 0 0 89 0 18 1 0
0 0 0 0 0 1 408 257 0 1499 7 0 5008 4997 5447 0 0 3508 0 0 69 0 1475 0 28 1841 5447 1838 350 0 88 0 87 721 0 79 104 139 0 0 0 0 0 4158 454 5447 0 5 8 109 52 0 0 0 89 16 82 1 0
5447 0 0 114 0 116 4 21 0 155 0 0 21 0 0 5447 0 2 0 5447 525 0 0 0 14 3 0 3549 0 0 270 2196 3281 763 0 140 479 1255 3260 1896 91 0 5447 0 17 0 1793 1396 579 73 72 0 20 5447 2095 38 0 19 503
0 0 0 0 5447 3234 5026 0 0 0 2424 5447 0 0 0 0 5447 176 0 0 626 5447 0 0 203 3537 0 0 0 0 4799 3251 1278 1296 5447 3268 0 2346 2098 3551 554 5447 0 0 2134 0 3654 2139 2877 326 2163 3327 5427 0 871 5150 0 419 4944
2 225 225 0 176 177 195 37 0 1030 9 176 3313 3313 3508 2 176 5447 225 2 284 176 420 225 24 2017 3508 1840 420 14 264 176 89 897 176 255 83 315 2 176 401 176 2 3331 450 3508 176 181 184 405 435 176 176 2 265 3 305 481 176
0 5308 5447 0 0 25 0 89 0 2493 73 0 82 15 0 0 0 225 5447 0 2320 0 3972 5447 597 10 0 33 4768 563 70 0 0 2220 0 0 142 92 0 0 4796 0 0 439 2176 0 0 25 737 4783 2020 1668 0 0 389 94 5274 3492 0
5447 0 0 114 0 116 4 21 0 155 0 0 21 0 0 5447 0 2 0 5447 525 0 0 0 14 3 0 3549 0 0 270 2196 3281 763 0 140 479 1255 3260 1896 91 0 5447 0 17 0 1793 1396 579 73 72 0 20 5447 2095 38 0 19 503
525 2320 2320 32 626 667 436 10 18 683 200 626 90 69 69 525 626 284 2320 525 5447 626 2263 2320 479 683 69 585 2320 33 631 626 547 1267 626 649 472 276 525 626 2605 626 525 69 1657 69 626 632 1303 2451 1477 1183 626 525 527 552 2320 1896 626
0 0 0 0 5447 3234 5026 0 0 0 2424 5447 0 0 0 0 5447 176 0 0 626 5447 0 0 203 3537 0 0 0 0 4799 3251 1278 1296 5447 3268 0 2346 2098 3551 554 5447 0 0 2134 0 3654 2139 2877 326 2163 3327 5427 0 871 5150 0 419 4944
0 3833 3972 0 0 25 408 257 0 2242 73 0 1036 1025 1475 0 0 420 3972 0 2263 0 5447 3972 599 10 1475 33 4322 563 70 0 0 2220 0 0 151 92 0 0 3972 0 0 245 2165 1475 0 25 737 4081 1254 1668 0 0 389 16 4054 3179 0
0 5308 5447 0 0 25 0 89 0 2493 73 0 82 15 0 0 0 225 5447 0 2320 0 3972 5447 597 10 0 33 4768 563 70 0 0 2220 0 0 142 92 0 0 4796 0 0 439 2176 0 0 25 737 4783 2020 1668 0 0 389 94 5274 3492 0
14 458 597 0 203 238 5 501 0 594 3 203 29 26 28 14 203 24 597 14 479 203 599 597 5447 208 28 18 602 483 203 203 14 797 203 203 34 226 14 203 797 203 14 206 6 28 203 204 209 661 401 787 203 14 224 115 601 1595 203
3 10 10 26 3537 3234 3116 26 26 10 514 3537 1841 1841 1841 3 3537 2017 10 3 683 3537 10 10 208 5447 1841 1839 10 0 3625 3254 307 1306 3537 3268 12 2401 188 2973 564 3537 3 1841 224 1841 3537 2146 1546 336 697 3329 3537 3 645 3240 10 429 3537
0 0 0 0 0 1 408 257 0 1499 7 0 5008 4997 5447 0 0 3508 0 0 69 0 1475 0 28 1841 5447 1838 350 0 88 0 87 721 0 79 104 139 0 0 0 0 0 4158 454 5447 0 5 8 109 52 0 0 0 89 16 82 1 0
3549 33 33 114 0 118 4 21 0 188 0 0 1859 1838 1838 3549 0 1840 33 3549 585 0 33 33 18 1839 1838 5447 33 3 88 298 3293 796 0 142 483 121 3260 579 124 0 3549 1838 17 1838 0 1402 139 106 41 0 0 3549 2095 38 33 52 0
0 4629 4768 11 0 25 292 110 11 2526 73 0 78 72 350 0 0 420 4768 0 2320 0 4322 4768 602 10 350 33 5447 563 70 0 0 2220 0 0 156 92 0 0 4743 0 0 153 2397 350 0 25 737 4761 2025 1668 0 0 389 10 4839 3428 0
0 424 563 1 0 57 5 11 0 519 14 0 24 0 0 0 0 14 563 0 33 0 563 563 483 0 0 3 563 5447 70 0 0 647 0 0 9 24 0 0 567 0 0 33 1 0 0 236 223 569 56 472 0 0 30 7 563 633 0
270 70 70 0 4799 3234 4378 0 64 0 1776 4799 88 88 88 270 4799 264 70 270 631 4799 70 70 203 3625 88 88 70 70 5447 3521 1342 1366 4799 3291 0 2616 1450 3037 624 4799 270 88 1486 88 3924 2139 2753 396 1515 3397 4799 270 935 4502 70 489 4924
2196 0 0 0 3251 3333 2830 0 0 0 228 3251 0 0 0 2196 3251 176 0 2196 626 3251 0 0 203 3254 0 298 0 0 3521 5447 120 1296 3251 3391 8 3541 98 4585 554 3251 2196 0 16 0 5044 2423 1989 326 733 3251 3271 2196 652 2954 0 419 3754
3281 0 0 114 1278 45 1282 21 446 149 1278 1278 108 87 87 3281 1278 89 0 3281 547 1278 0 0 14 307 87 3293 0 0 1342 120 5447 763 1278 141 479 114 4363 311 91 1278 3281 87 1295 87 412 1067 1066 73 650 10 1278 3281 2760 1316 0 19 1278
763 2081 2220 0 1296 1321 875 0 0 2761 71 1296 721 721 721 763 1296 897 2220 763 1267 1296 2220 2220 797 1306 721 796 2220 647 1366 1296 763 5447 1296 1296 97 859 763 1296 2774 1296 763 721 10 721 1296 1567 1677 2546 734 2964 1296 763 1538 999 2220 2554 1296
0 0 0 0 5447 3234 5026 0 0 0 2424 5447 0 0 0 0 5447 176 0 0 626 5447 0 0 203 3537 0 0 0 0 4799 3251 1278 1296 5447 3268 0 2346 2098 3551 554 5447 0 0 2134 0 3654 2139 2877 326 2163 3327 5427 0 871 5150 0 419 4944
140 0 0 0 3268 3316 2847 0 0 0 245 3268 79 79 79 140 3268 255 0 140 649 3268 0 0 203 3268 79 142 0 0 3291 3391 141 1296 3268 5447 31 2588 81 3110 554 3268 140 79 16 79 3268 2281 1546 326 675 3268 3268 140 642 2971 0 419 3268
479 142 142 142 0 10 24 149 124 110 5 0 112 127 104 479 0 83 142 479 472 0 151 142 34 12 104 483 156 9 0 8 479 97 0 31 5447 21 471 8 211 0 479 85 59 104 0 193 34 193 102 0 0 479 33 9 140 230 0
1255 92 92 0 2346 2390 1925 4 200 371 1050 2346 139 139 139 1255 2346 315 92 1255 276 2346 92 92 226 2401 139 121 92 24 2616 3541 114 859 2346 2588 21 5447 69 2725 646 2346 1255 139 2 139 3532 1294 1317 418 743 2450 2366 1255 895 2049 92 511 2849
3260 0 0 114 2098 115 2102 21 0 155 2098 2098 21 0 0 3260 2098 2 0 3260 525 2098 0 0 14 188 0 3260 0 0 1450 98 4363 763 2098 81 471 69 5447 871 91 2098 3260 0 2115 0 305 1121 1467 73 1502 0 2078 3260 2314 2136 0 19 1595
1896 0 0 0 3551 3086 3130 0 0 9 581 3551 0 0 0 1896 3551 176 0 1896 626 3551 0 0 203 2973 0 579 0 0 3037 4585 311 1296 3551 3110 8 2725 871 5447 554 3551 1896 0 597 0 4182 2704 1668 326 1314 2970 3531 1896 652 3254 0 419 3048
91 4657 4796 0 554 579 133 60 0 2452 75 554 0 0 0 91 554 401 4796 91 2605 554 3972 4796 797 564 0 124 4743 567 624 554 91 2774 554 554 211 646 91 554 5447 554 91 15 2069 0 554 579 1291 5109 2574 2222 554 91 946 257 4796 3847 554
0 0 0 0 5447 3234 5026 0 0 0 2424 5447 0 0 0 0 5447 176 0 0 626 5447 0 0 203 3537 0 0 0 0 4799 3251 1278 1296 5447 3268 0 2346 2098 3551 554 5447 0 0 2134 0 3654 2139 2877 326 2163 3327 5427 0 871 5150 0 419 4944
5447 0 0 114 0 116 4 21 0 155 0 0 21 0 0 5447 0 2 0 5447 525 0 0 0 14 3 0 3549 0 0 270 2196 3281 763 0 140 479 1255 3260 1896 91 0 5447 0 17 0 1793 1396 579 73 72 0 20 5447 2095 38 0 19 503
0 439 439 19 0 1 0 31 19 1347 7 0 4229 4159 4158 0 0 3331 439 0 69 0 245 439 206 1841 4158 1838 153 33 88 0 87 721 0 79 85 139 0 0 15 0 0 5447 293 4158 0 5 8 15 49 0 0 0 89 94 266 150 0
17 2176 2176 4 2134 16 2536 13 3 112 2210 2134 52 42 454 17 2134 450 2176 17 1657 2134 2165 2176 6 224 454 17 2397 1 1486 16 1295 10 2134 16 59 2 2115 597 2069 2134 17 293 5447 454 341 16 2075 2069 3006 14 2114 17 497 2150 2258 1346 1631
0 0 0 0 0 1 408 257 0 1499 7 0 5008 4997 5447 0 0 3508 0 0 69 0 1475 0 28 1841 5447 1838 350 0 88 0 87 721 0 79 104 139 0 0 0 0 0 4158 454 5447 0 5 8 109 52 0 0 0 89 16 82 1 0
1793 0 0 0 3654 3234 3233 0 0 0 631 3654 0 0 0 1793 3654 176 0 1793 626 3654 0 0 203 3537 0 0 0 0 3924 5044 412 1296 3654 3268 0 3532 305 4182 554 3654 1793 0 341 0 5447 2139 1989 326 733 3327 3674 1793 752 3357 0 419 4157
1396 73 25 7 2139 2290 1718 623 0 72 0 2139 5 5 5 1396 2139 181 25 1396 632 2139 25 25 204 2146 5 1402 25 236 2139 2423 1067 1567 2139 2281 193 1294 1121 2704 579 2139 1396 5 16 5 2139 5447 1574 351 664 2139 2139 1396 1231 1842 25 444 2139
579 737 737 2 2877 1539 2456 2 15 178 1605 2877 8 8 8 579 2877 184 737 579 1303 2877 737 737 209 1546 8 139 737 223 2753 1989 1066 1677 2877 1546 34 1317 1467 1668 1291 2877 579 8 2075 8 1989 1574 5447 1063 2023 1538 2897 579 1084 2580 737 573 3276
73 4644 4783 0 326 351 41 169 0 2439 83 326 109 109 109 73 326 405 4783 73 2451 326 4081 4783 661 336 109 106 4761 569 396 326 73 2546 326 326 193 418 73 326 5109 326 73 15 2069 109 326 351 1063 5447 2346 1994 326 73 715 53 4783 3711 326
72 2020 2020 0 2163 709 1742 75 7 384 1568 2163 52 52 52 72 2163 435 2020 72 1477 2163 1254 2020 401 697 52 41 2025 56 1515 733 650 734 2163 675 102 743 1502 1314 2574 2163 72 49 3006 52 733 664 2023 2346 5447 663 2143 72 653 1866 2020 1767 1660
0 1529 1668 0 3327 3234 2906 0 0 1511 304 3327 0 0 0 0 3327 176 1668 0 1183 3327 1668 1668 787 3329 0 0 1668 472 3397 3251 10 2964 3327 3268 0 2450 0 2970 2222 3327 0 0 14 0 3327 2139 1538 1994 663 5447 3327 0 663 3030 1668 2087 3327
20 0 0 0 5427 3234 5006 0 0 0 2404 5427 0 0 0 20 5427 176 0 20 626 5427 0 0 203 3537 0 0 0 0 4799 3271 1278 1296 5427 3268 0 2366 2078 3531 554 5427 20 0 2114 0 3674 2139 2897 326 2143 3327 5447 20 871 5130 0 419 4964
5447 0 0 114 0 116 4 21 0 155 0 0 21 0 0 5447 0 2 0 5447 525 0 0 0 14 3 0 3549 0 0 270 2196 3281 763 0 140 479 1255 3260 1896 91 0 5447 0 17 0 1793 1396 579 73 72 0 20 5447 2095 38 0 19 503
2095 389 389 0 871 643 450 21 1674 278 236 871 89 89 89 2095 871 265 389 2095 527 871 389 389 224 645 89 2095 389 30 935 652 2760 1538 871 642 33 895 2314 652 946 871 2095 89 497 89 752 1231 1084 715 653 663 871 2095 5447 574 389 491 871
38 94 94 2 5150 2937 5042 7 0 1 2429 5150 40 0 16 38 5150 3 94 38 552 5150 16 94 115 3240 16 38 10 7 4502 2954 1316 999 5150 2971 9 2049 2136 3254 257 5150 38 94 2150 16 3357 1842 2580 53 1866 3030 5130 38 574 5447 52 122 4647
0 5135 5274 0 0 25 82 85 0 2575 73 0 50 18 82 0 0 305 5274 0 2320 0 4054 5274 601 10 82 33 4839 563 70 0 0 2220 0 0 140 92 0 0 4796 0 0 266 2258 82 0 25 737 4783 2020 1668 0 0 389 52 5447 3492 0
19 3353 3492 84 419 444 2 94 84 1978 71 419 1 1 1 19 419 481 3492 19 1896 419 3179 3492 1595 429 1 52 3428 633 489 419 19 2554 419 419 230 511 19 419 3847 419 19 150 1346 1 419 444 573 3711 1767 2087 419 19 491 122 3492 5447 419
503 0 0 0 4944 3234 4523 0 0 0 1921 4944 0 0 0 503 4944 176 0 503 626 4944 0 0 203 3537 0 0 0 0 4924 3754 1278 1296 4944 3268 0 2849 1595 3048 554 4944 503 0 1631 0 4157 2139 3276 326 1660 3327 4964 503 871 4647 0 419 5447
