2363 1855 0 1286 1824 937 0 625 26 0 1991 0 0 0 0 1355 45 0 2224 1081 2155 2224 2224 2224 0 1695 0 0 2224 0 81 936 535 46 0 0 48 0 1545 2224 1156 0 2182 46 1124 2224 0 776 2224 498 194 637 336 2224 858 2224 2224 2224 823
1855 2363 0 1056 1594 1141 369 443 0 0 1946 369 369 0 318 962 190 369 1994 753 1925 1994 1994 1994 417 1388 369 369 1994 369 123 1011 892 33 369 369 233 0 1684 1994 1140 232 2004 104 1268 1994 369 446 1994 496 82 721 396 1994 898 1994 1994 1994 1192
0 0 2363 17 21 0 0 0 0 0 0 0 62 0 0 0 195 0 0 29 0 0 0 0 0 14 0 0 0 0 73 0 50 0 0 0 51 0 0 0 58 135 32 0 0 0 0 0 0 249 0 0 127 0 74 0 0 0 0
1286 1056 17 2363 1459 0 921 175 0 0 1289 921 921 0 921 653 17 921 1425 2043 1491 1425 1425 1425 445 1460 921 921 1425 921 116 122 62 954 921 921 13 0 746 1425 202 776 1383 3 441 1425 905 451 1425 141 1115 721 128 1425 1 1425 1425 1425 98
1824 1594 21 1459 2363 537 34 269 9 3 1758 34 34 10 34 1012 19 34 1963 1156 1894 1963 1963 1963 58 1569 34 34 1963 34 91 611 423 67 34 34 45 2 1284 1963 740 36 1921 78 863 1963 34 734 1963 316 228 723 198 1963 458 1963 1963 1963 423
937 1141 0 0 537 2363 1261 409 0 6 889 1261 1197 157 1256 649 31 1261 937 275 868 937 937 937 1056 815 1261 1261 937 1261 172 921 725 14 1261 1261 113 0 956 937 950 67 937 470 1528 937 1261 472 937 489 1139 181 535 937 905 937 937 937 2084
0 369 0 921 34 1261 2363 27 0 0 49 2363 2299 0 2312 3 196 2363 0 1212 66 0 0 0 1618 534 2363 2363 0 2363 158 33 429 946 2363 2363 222 0 19 0 13 1008 10 313 646 0 2347 147 0 135 2076 24 110 0 42 0 0 0 1540
625 443 0 175 269 409 27 2363 162 11 532 27 27 131 27 876 336 27 557 141 557 557 557 557 27 462 27 27 557 27 110 468 334 360 27 27 159 0 443 557 462 27 515 157 443 557 27 274 557 126 141 0 177 557 418 557 557 557 409
26 0 0 0 9 0 0 162 2363 0 14 0 0 0 0 50 192 0 0 0 0 0 0 0 0 14 0 0 0 0 0 38 63 161 0 0 592 0 0 0 117 0 0 37 0 0 0 0 0 4 0 0 290 0 0 0 0 0 0
0 0 0 0 3 6 0 11 0 2363 11 0 1 0 0 0 178 0 0 0 0 0 0 0 97 0 0 0 0 0 511 3 5 123 0 0 11 0 22 0 158 0 0 7 12 0 0 44 0 104 11 0 263 0 158 0 0 0 0
1991 1946 0 1289 1758 889 49 532 14 11 2363 49 49 105 46 1066 53 49 2130 986 2061 2130 2130 2130 97 1524 49 49 2130 49 152 931 503 50 49 49 59 0 1604 2130 1060 42 2088 96 1183 2130 49 571 2130 486 235 811 471 2130 798 2130 2130 2130 775
0 369 0 921 34 1261 2363 27 0 0 49 2363 2299 0 2312 3 196 2363 0 1212 66 0 0 0 1618 534 2363 2363 0 2363 158 33 429 946 2363 2363 222 0 19 0 13 1008 10 313 646 0 2347 147 0 135 2076 24 110 0 42 0 0 0 1540
0 369 62 921 34 1197 2299 27 0 1 49 2299 2363 0 2248 3 196 2299 0 1212 66 0 0 0 1554 534 2299 2299 0 2299 209 33 429 946 2299 2299 222 1 19 0 13 1009 10 249 582 0 2283 147 0 135 2012 24 111 0 42 0 0 0 1476
0 0 0 0 10 157 0 131 0 0 105 0 0 2363 0 9 143 0 0 0 0 0 0 0 559 0 0 0 0 0 754 4 327 41 0 0 19 0 273 0 58 419 0 402 143 0 0 327 0 184 63 481 557 0 489 0 0 0 0
0 318 0 921 34 1256 2312 27 0 0 46 2312 2248 0 2363 3 145 2312 0 1212 66 0 0 0 1567 534 2312 2312 0 2312 158 33 378 946 2312 2312 221 3 19 0 13 957 10 313 646 0 2296 147 0 135 2076 24 110 0 42 0 0 0 1489
1355 962 0 653 1012 649 3 876 50 0 1066 3 3 9 3 2363 76 3 1299 653 1230 1299 1299 1299 3 1232 3 3 1299 3 84 648 361 118 3 3 274 3 712 1299 756 1 1257 28 706 1299 3 737 1299 128 197 181 128 1299 664 1299 1299 1299 649
45 190 195 17 19 31 196 336 192 178 53 196 196 143 145 76 2363 196 17 10 18 17 17 17 208 17 196 196 17 196 141 11 278 95 196 196 346 0 48 17 2 260 27 25 26 17 196 45 17 223 28 66 136 17 41 17 17 17 196
0 369 0 921 34 1261 2363 27 0 0 49 2363 2299 0 2312 3 196 2363 0 1212 66 0 0 0 1618 534 2363 2363 0 2363 158 33 429 946 2363 2363 222 0 19 0 13 1008 10 313 646 0 2347 147 0 135 2076 24 110 0 42 0 0 0 1540
2224 1994 0 1425 1963 937 0 557 0 0 2130 0 0 0 0 1299 17 0 2363 1122 2294 2363 2363 2363 48 1757 0 0 2363 0 81 1011 523 33 0 0 24 0 1684 2363 1140 0 2321 3 1263 2363 0 776 2363 496 194 721 396 2363 858 2363 2363 2363 823
1081 753 29 2043 1156 275 1212 141 0 0 986 1212 1212 0 1212 653 10 1212 1122 2363 1188 1122 1122 1122 467 1656 1212 1212 1122 1212 116 33 62 964 1212 1212 13 0 443 1122 185 776 1080 3 138 1122 1196 451 1122 56 1406 620 93 1122 2 1122 1122 1122 389
2155 1925 0 1491 1894 868 66 557 0 0 2061 66 66 0 66 1230 18 66 2294 1188 2363 2294 2294 2294 114 1688 66 66 2294 66 81 942 454 99 66 66 24 0 1615 2294 1071 66 2252 3 1194 2294 50 707 2294 497 260 721 396 2294 789 2294 2294 2294 754
2224 1994 0 1425 1963 937 0 557 0 0 2130 0 0 0 0 1299 17 0 2363 1122 2294 2363 2363 2363 48 1757 0 0 2363 0 81 1011 523 33 0 0 24 0 1684 2363 1140 0 2321 3 1263 2363 0 776 2363 496 194 721 396 2363 858 2363 2363 2363 823
2224 1994 0 1425 1963 937 0 557 0 0 2130 0 0 0 0 1299 17 0 2363 1122 2294 2363 2363 2363 48 1757 0 0 2363 0 81 1011 523 33 0 0 24 0 1684 2363 1140 0 2321 3 1263 2363 0 776 2363 496 194 721 396 2363 858 2363 2363 2363 823
2224 1994 0 1425 1963 937 0 557 0 0 2130 0 0 0 0 1299 17 0 2363 1122 2294 2363 2363 2363 48 1757 0 0 2363 0 81 1011 523 33 0 0 24 0 1684 2363 1140 0 2321 3 1263 2363 0 776 2363 496 194 721 396 2363 858 2363 2363 2363 823
0 417 0 445 58 1056 1618 27 0 97 97 1618 1554 559 1567 3 208 1618 48 467 114 48 48 48 2363 30 1618 1618 48 1618 385 52 661 465 1618 1618 222 9 67 48 13 766 58 313 759 48 1602 215 48 277 1331 38 169 48 68 48 48 48 1221
1695 1388 14 1460 1569 815 534 462 14 0 1524 534 534 0 534 1232 17 534 1757 1656 1688 1757 1757 1757 30 2363 534 534 1757 534 81 613 339 326 534 534 24 0 1078 1757 763 138 1715 23 773 1757 534 774 1757 62 728 675 173 1757 582 1757 1757 1757 929
0 369 0 921 34 1261 2363 27 0 0 49 2363 2299 0 2312 3 196 2363 0 1212 66 0 0 0 1618 534 2363 2363 0 2363 158 33 429 946 2363 2363 222 0 19 0 13 1008 10 313 646 0 2347 147 0 135 2076 24 110 0 42 0 0 0 1540
0 369 0 921 34 1261 2363 27 0 0 49 2363 2299 0 2312 3 196 2363 0 1212 66 0 0 0 1618 534 2363 2363 0 2363 158 33 429 946 2363 2363 222 0 19 0 13 1008 10 313 646 0 2347 147 0 135 2076 24 110 0 42 0 0 0 1540
2224 1994 0 1425 1963 937 0 557 0 0 2130 0 0 0 0 1299 17 0 2363 1122 2294 2363 2363 2363 48 1757 0 0 2363 0 81 1011 523 33 0 0 24 0 1684 2363 1140 0 2321 3 1263 2363 0 776 2363 496 194 721 396 2363 858 2363 2363 2363 823
0 369 0 921 34 1261 2363 27 0 0 49 2363 2299 0 2312 3 196 2363 0 1212 66 0 0 0 1618 534 2363 2363 0 2363 158 33 429 946 2363 2363 222 0 19 0 13 1008 10 313 646 0 2347 147 0 135 2076 24 110 0 42 0 0 0 1540
81 123 73 116 91 172 158 110 0 511 152 158 209 754 158 84 141 158 81 116 81 81 81 81 385 81 158 158 81 158 2363 4 187 76 158 158 52 495 23 81 5 522 59 233 79 81 158 268 81 98 168 293 447 81 111 81 81 81 123
936 1011 0 122 611 921 33 468 38 3 931 33 33 4 33 648 11 33 1011 33 942 1011 1011 1011 52 613 33 33 1011 33 4 2363 509 146 33 33 58 4 1011 1011 1156 4 1011 46 957 1011 33 472 1011 410 33 41 288 1011 879 1011 1011 1011 856
535 892 50 62 423 725 429 334 63 5 503 429 429 327 378 361 278 429 523 62 454 523 523 523 661 339 429 429 523 429 187 509 2363 166 429 429 290 57 597 523 582 421 533 154 480 523 429 372 523 521 142 56 231 523 570 523 523 523 867
46 33 0 954 67 14 946 360 161 123 50 946 946 41 946 118 95 946 33 964 99 33 33 33 465 326 946 946 33 946 76 146 166 2363 946 946 14 36 33 33 7 817 33 0 46 33 930 69 33 59 946 65 28 33 32 33 33 33 123
0 369 0 921 34 1261 2363 27 0 0 49 2363 2299 0 2312 3 196 2363 0 1212 66 0 0 0 1618 534 2363 2363 0 2363 158 33 429 946 2363 2363 222 0 19 0 13 1008 10 313 646 0 2347 147 0 135 2076 24 110 0 42 0 0 0 1540
0 369 0 921 34 1261 2363 27 0 0 49 2363 2299 0 2312 3 196 2363 0 1212 66 0 0 0 1618 534 2363 2363 0 2363 158 33 429 946 2363 2363 222 0 19 0 13 1008 10 313 646 0 2347 147 0 135 2076 24 110 0 42 0 0 0 1540
48 233 51 13 45 113 222 159 592 11 59 222 222 19 221 274 346 222 24 13 24 24 24 24 222 24 222 222 24 222 52 58 290 14 222 222 2363 0 19 24 39 210 34 42 19 24 222 30 24 5 52 19 216 24 46 24 24 24 233
0 0 0 0 2 0 0 0 0 0 0 0 1 0 3 3 0 0 0 0 0 0 0 0 9 0 0 0 0 0 495 4 57 36 0 0 0 2363 0 0 50 243 0 0 0 0 16 37 0 75 0 1077 107 0 40 0 0 0 0
1545 1684 0 746 1284 956 19 443 0 22 1604 19 19 273 19 712 48 19 1684 443 1615 1684 1684 1684 67 1078 19 19 1684 19 23 1011 597 33 19 19 19 0 2363 1684 999 41 1684 173 1561 1684 19 646 1684 880 19 617 445 1684 978 1684 1684 1684 842
2224 1994 0 1425 1963 937 0 557 0 0 2130 0 0 0 0 1299 17 0 2363 1122 2294 2363 2363 2363 48 1757 0 0 2363 0 81 1011 523 33 0 0 24 0 1684 2363 1140 0 2321 3 1263 2363 0 776 2363 496 194 721 396 2363 858 2363 2363 2363 823
1156 1140 58 202 740 950 13 462 117 158 1060 13 13 58 13 756 2 13 1140 185 1071 1140 1140 1140 13 763 13 13 1140 13 5 1156 582 7 13 13 39 50 999 1140 2363 150 1140 11 865 1140 13 397 1140 485 13 189 422 1140 915 1140 1140 1140 836
0 232 135 776 36 67 1008 27 0 0 42 1008 1009 419 957 1 260 1008 0 776 66 0 0 0 766 138 1008 1008 0 1008 522 4 421 817 1008 1008 210 243 41 0 150 2363 10 1 91 0 992 155 0 292 819 132 332 0 5 0 0 0 232
2182 2004 32 1383 1921 937 10 515 0 0 2088 10 10 0 10 1257 27 10 2321 1080 2252 2321 2321 2321 58 1715 10 10 2321 10 59 1011 533 33 10 10 34 0 1684 2321 1140 10 2363 3 1263 2321 10 734 2321 496 152 721 396 2321 858 2321 2321 2321 833
46 104 0 3 78 470 313 157 37 7 96 313 249 402 313 28 25 313 3 3 3 3 3 3 313 23 313 313 3 313 233 46 154 0 313 313 42 0 173 3 11 1 3 2363 276 3 313 437 3 61 298 314 289 3 49 3 3 3 313
1124 1268 0 441 863 1528 646 443 0 12 1183 646 582 143 646 706 26 646 1263 138 1194 1263 1263 1263 759 773 646 646 1263 646 79 957 480 46 646 646 19 0 1561 1263 865 91 1263 276 2363 1263 646 553 1263 759 646 315 486 1263 801 1263 1263 1263 1434
2224 1994 0 1425 1963 937 0 557 0 0 2130 0 0 0 0 1299 17 0 2363 1122 2294 2363 2363 2363 48 1757 0 0 2363 0 81 1011 523 33 0 0 24 0 1684 2363 1140 0 2321 3 1263 2363 0 776 2363 496 194 721 396 2363 858 2363 2363 2363 823
0 369 0 905 34 1261 2347 27 0 0 49 2347 2283 0 2296 3 196 2347 0 1196 50 0 0 0 1602 534 2347 2347 0 2347 158 33 429 930 2347 2347 222 16 19 0 13 992 10 313 646 0 2363 147 0 135 2060 40 123 0 42 0 0 0 1540
776 446 0 451 734 472 147 274 0 44 571 147 147 327 147 737 45 147 776 451 707 776 776 776 215 774 147 147 776 147 268 472 372 69 147 147 30 37 646 776 397 155 734 437 553 776 147 2363 776 98 341 165 85 776 429 776 776 776 470
2224 1994 0 1425 1963 937 0 557 0 0 2130 0 0 0 0 1299 17 0 2363 1122 2294 2363 2363 2363 48 1757 0 0 2363 0 81 1011 523 33 0 0 24 0 1684 2363 1140 0 2321 3 1263 2363 0 776 2363 496 194 721 396 2363 858 2363 2363 2363 823
498 496 249 141 316 489 135 126 4 104 486 135 135 184 135 128 223 135 496 56 497 496 496 496 277 62 135 135 496 135 98 410 521 59 135 135 5 75 880 496 485 292 496 61 759 496 135 98 496 2363 135 29 411 496 326 496 496 496 383
194 82 0 1115 228 1139 2076 141 0 11 235 2076 2012 63 2076 197 28 2076 194 1406 260 194 194 194 1331 728 2076 2076 194 2076 168 33 142 946 2076 2076 52 0 19 194 13 819 152 298 646 194 2060 341 194 135 2363 87 173 194 49 194 194 194 1253
637 721 0 721 723 181 24 0 0 0 811 24 24 481 24 181 66 24 721 620 721 721 721 721 38 675 24 24 721 24 293 41 56 65 24 24 19 1077 617 721 189 132 721 314 315 721 40 165 721 29 87 2363 514 721 16 721 721 721 24
336 396 127 128 198 535 110 177 290 263 471 110 111 557 110 128 136 110 396 93 396 396 396 396 169 173 110 110 396 110 447 288 231 28 110 110 216 107 445 396 422 332 396 289 486 396 123 85 396 411 173 514 2363 396 284 396 396 396 379
2224 1994 0 1425 1963 937 0 557 0 0 2130 0 0 0 0 1299 17 0 2363 1122 2294 2363 2363 2363 48 1757 0 0 2363 0 81 1011 523 33 0 0 24 0 1684 2363 1140 0 2321 3 1263 2363 0 776 2363 496 194 721 396 2363 858 2363 2363 2363 823
858 898 74 1 458 905 42 418 0 158 798 42 42 489 42 664 41 42 858 2 789 858 858 858 68 582 42 42 858 42 111 879 570 32 42 42 46 40 978 858 915 5 858 49 801 858 42 429 858 326 49 16 284 858 2363 858 858 858 865
2224 1994 0 1425 1963 937 0 557 0 0 2130 0 0 0 0 1299 17 0 2363 1122 2294 2363 2363 2363 48 1757 0 0 2363 0 81 1011 523 33 0 0 24 0 1684 2363 1140 0 2321 3 1263 2363 0 776 2363 496 194 721 396 2363 858 2363 2363 2363 823
2224 1994 0 1425 1963 937 0 557 0 0 2130 0 0 0 0 1299 17 0 2363 1122 2294 2363 2363 2363 48 1757 0 0 2363 0 81 1011 523 33 0 0 24 0 1684 2363 1140 0 2321 3 1263 2363 0 776 2363 496 194 721 396 2363 858 2363 2363 2363 823
2224 1994 0 1425 1963 937 0 557 0 0 2130 0 0 0 0 1299 17 0 2363 1122 2294 2363 2363 2363 48 1757 0 0 2363 0 81 1011 523 33 0 0 24 0 1684 2363 1140 0 2321 3 1263 2363 0 776 2363 496 194 721 396 2363 858 2363 2363 2363 823
823 1192 0 98 423 2084 1540 409 0 0 775 1540 1476 0 1489 649 196 1540 823 389 754 823 823 823 1221 929 1540 1540 823 1540 123 856 867 123 1540 1540 233 0 842 823 836 232 833 313 1434 823 1540 470 823 383 1253 24 379 823 865 823 823 823 2363
