3527 25 403 919 59 44 1537 518 2734 7 2172 3303 353 688 2787 167 184 210 42 3259 2339 167 167 167 3303 108 1030 434 167 454 1817 167 3303 167 777 2182 3303 3303 167 167 455 167 3069 3303 3303 3303 3241 3303 310 167 167 3303 3303 167 3058 167 2743 167 167
25 3527 71 111 1342 34 7 205 3 37 0 0 95 36 51 0 59 63 59 7 27 0 0 0 0 113 924 77 0 106 0 0 0 0 0 22 0 0 0 0 96 0 14 0 0 0 32 0 259 0 0 0 0 0 0 0 27 0 0
403 71 3527 55 151 187 27 289 301 636 895 279 333 114 279 650 864 389 195 287 530 650 650 650 279 370 429 145 650 733 204 650 279 650 771 36 279 279 650 650 295 650 213 279 279 279 217 279 640 650 650 279 279 650 279 650 279 650 650
919 111 55 3527 89 154 742 178 974 118 305 956 170 210 611 89 198 23 171 964 305 89 89 89 956 38 359 239 89 89 755 89 956 89 89 672 956 956 89 89 45 89 949 956 956 956 956 956 264 89 89 956 956 89 956 89 567 89 89
59 1342 151 89 3527 144 33 764 151 83 57 57 67 15 68 0 59 88 93 61 71 0 0 0 57 145 215 383 0 106 15 0 57 0 0 22 57 57 0 0 170 0 24 57 57 57 89 57 181 0 0 57 57 0 57 0 57 0 0
44 34 187 154 144 3527 52 206 231 105 21 37 584 371 64 38 179 134 423 38 21 38 38 38 37 658 104 43 38 94 47 38 37 38 49 37 37 37 38 38 221 38 37 37 37 37 37 37 603 38 38 37 37 38 37 38 290 38 38
1537 7 27 742 33 52 3527 279 1837 45 239 1761 592 765 1198 1661 340 300 50 1717 469 1661 1661 1661 1761 104 430 222 1661 1124 1943 1661 1761 1661 1040 2102 1761 1761 1661 1661 467 1661 1761 1761 1761 1761 1761 1761 37 1661 1661 1761 1761 1661 2006 1661 1154 1661 1661
518 205 289 178 764 206 279 3527 512 68 681 514 448 380 525 446 244 96 111 514 514 446 446 446 514 86 304 326 446 434 169 446 514 446 485 417 514 514 446 446 248 446 476 514 514 514 519 514 325 446 446 514 514 446 430 446 514 446 446
2734 3 301 974 151 231 1837 512 3527 6 1436 2958 442 741 2395 76 17 165 62 2914 1666 76 76 76 2958 65 815 349 76 211 2098 76 2958 76 534 2115 2958 2958 76 76 360 76 2724 2958 2958 2958 2896 2958 176 76 76 2958 2958 76 2865 76 2351 76 76
7 37 636 118 83 105 45 68 6 3527 43 6 102 25 59 43 47 55 677 6 43 43 43 43 6 59 93 301 43 43 6 43 6 43 43 64 6 6 43 43 141 43 6 6 6 6 6 6 84 43 43 6 6 43 6 43 6 43 43
2172 0 895 305 57 21 239 681 1436 43 3527 2005 672 562 2306 1522 1539 1291 57 1962 3162 1522 1522 1522 2005 354 711 717 1522 1809 519 1522 2005 1522 2132 884 2005 2005 1522 1522 1365 1522 1771 2005 2005 2005 1943 2005 1658 1522 1522 2005 2005 1522 1760 1522 2288 1522 1522
3303 0 279 956 57 37 1761 514 2958 6 2005 3527 307 731 2964 0 17 142 41 3483 2235 0 0 0 3527 69 1141 397 0 287 2041 0 3527 0 610 2406 3527 3527 0 0 410 0 3293 3527 3527 3527 3465 3527 147 0 0 3527 3527 0 3282 0 2920 0 0
353 95 333 170 67 584 592 448 442 102 672 307 3527 1483 304 739 450 293 121 264 449 739 739 739 307 209 125 67 739 531 412 739 307 739 531 475 307 307 739 739 519 739 312 307 307 307 307 307 704 739 739 307 307 739 307 739 309 739 739
688 36 114 210 15 371 765 380 741 25 562 731 1483 3527 712 566 294 589 95 739 770 566 566 566 731 142 146 155 566 610 373 566 731 566 779 495 731 731 566 566 357 566 688 731 731 731 731 731 159 566 566 731 731 566 577 566 710 566 566
2787 51 279 611 68 64 1198 525 2395 59 2306 2964 304 712 3527 301 318 443 39 2920 2536 301 301 301 2964 312 1192 477 301 588 1478 301 2964 301 911 1843 2964 2964 301 301 643 301 2730 2964 2964 2964 2902 2964 448 301 301 2964 2964 301 2719 301 3094 301 301
167 0 650 89 0 38 1661 446 76 43 1522 0 739 566 301 3527 2206 1431 64 0 1157 3527 3527 3527 0 361 0 540 3527 2990 182 3527 0 3527 2906 341 0 0 3527 3527 1368 3527 0 0 0 0 0 0 1538 3527 3527 0 0 3527 245 3527 283 3527 3527
184 59 864 198 59 179 340 244 17 47 1539 17 450 294 318 2206 3527 1547 133 17 1174 2206 2206 2206 17 454 17 525 2206 2262 0 2206 17 2206 2206 31 17 17 2206 2206 1088 2206 12 17 17 17 43 17 1532 2206 2206 17 17 2206 17 2206 300 2206 2206
210 63 389 23 88 134 300 96 165 55 1291 142 293 589 443 1431 1547 3527 143 152 1226 1431 1431 1431 142 367 66 584 1431 1466 175 1431 142 1431 1442 382 142 142 1431 1431 1146 1431 142 142 142 142 142 142 1407 1431 1431 142 142 1431 161 1431 425 1431 1431
42 59 195 171 93 423 50 111 62 677 57 41 121 95 39 64 133 143 3527 42 69 64 64 64 41 296 135 336 64 64 43 64 41 64 77 57 41 41 64 64 54 64 35 41 41 41 41 41 167 64 64 41 41 64 41 64 62 64 64
3259 7 287 964 61 38 1717 514 2914 6 1962 3483 264 739 2920 0 17 152 42 3527 2191 0 0 0 3483 56 1144 398 0 287 1997 0 3483 0 610 2362 3483 3483 0 0 418 0 3249 3483 3483 3483 3421 3483 151 0 0 3483 3483 0 3238 0 2876 0 0
2339 27 530 305 71 21 469 514 1666 43 3162 2235 449 770 2536 1157 1174 1226 69 2191 3527 1157 1157 1157 2235 256 711 725 1157 1444 749 1157 2235 1157 1767 1114 2235 2235 1157 1157 1371 1157 2001 2235 2235 2235 2173 2235 1304 1157 1157 2235 2235 1157 1990 1157 2518 1157 1157
167 0 650 89 0 38 1661 446 76 43 1522 0 739 566 301 3527 2206 1431 64 0 1157 3527 3527 3527 0 361 0 540 3527 2990 182 3527 0 3527 2906 341 0 0 3527 3527 1368 3527 0 0 0 0 0 0 1538 3527 3527 0 0 3527 245 3527 283 3527 3527
167 0 650 89 0 38 1661 446 76 43 1522 0 739 566 301 3527 2206 1431 64 0 1157 3527 3527 3527 0 361 0 540 3527 2990 182 3527 0 3527 2906 341 0 0 3527 3527 1368 3527 0 0 0 0 0 0 1538 3527 3527 0 0 3527 245 3527 283 3527 3527
167 0 650 89 0 38 1661 446 76 43 1522 0 739 566 301 3527 2206 1431 64 0 1157 3527 3527 3527 0 361 0 540 3527 2990 182 3527 0 3527 2906 341 0 0 3527 3527 1368 3527 0 0 0 0 0 0 1538 3527 3527 0 0 3527 245 3527 283 3527 3527
3303 0 279 956 57 37 1761 514 2958 6 2005 3527 307 731 2964 0 17 142 41 3483 2235 0 0 0 3527 69 1141 397 0 287 2041 0 3527 0 610 2406 3527 3527 0 0 410 0 3293 3527 3527 3527 3465 3527 147 0 0 3527 3527 0 3282 0 2920 0 0
108 113 370 38 145 658 104 86 65 59 354 69 209 142 312 361 454 367 296 56 256 361 361 361 69 3527 62 327 361 357 124 361 69 361 354 123 69 69 361 361 205 361 76 69 69 69 69 69 458 361 361 69 69 361 76 361 480 361 361
1030 924 429 359 215 104 430 304 815 93 711 1141 125 146 1192 0 17 66 135 1144 711 0 0 0 1141 62 3527 200 0 95 430 0 1141 0 152 703 1141 1141 0 0 456 0 1098 1141 1141 1141 1079 1141 100 0 0 1141 1141 0 1141 0 1095 0 0
434 77 145 239 383 43 222 326 349 301 717 397 67 155 477 540 525 584 336 398 725 540 540 540 397 327 200 3527 540 610 274 540 397 540 635 310 397 397 540 540 531 540 399 397 397 397 397 397 561 540 540 397 397 540 362 540 536 540 540
167 0 650 89 0 38 1661 446 76 43 1522 0 739 566 301 3527 2206 1431 64 0 1157 3527 3527 3527 0 361 0 540 3527 2990 182 3527 0 3527 2906 341 0 0 3527 3527 1368 3527 0 0 0 0 0 0 1538 3527 3527 0 0 3527 245 3527 283 3527 3527
454 106 733 89 106 94 1124 434 211 43 1809 287 531 610 588 2990 2262 1466 64 287 1444 2990 2990 2990 287 357 95 610 2990 3527 24 2990 287 2990 3193 57 287 287 2990 2990 1153 2990 287 287 287 287 287 287 1542 2990 2990 287 287 2990 82 2990 570 2990 2990
1817 0 204 755 15 47 1943 169 2098 6 519 2041 412 373 1478 182 0 175 43 1997 749 182 182 182 2041 124 430 274 182 24 3527 182 2041 182 24 2223 2041 2041 182 182 188 182 2103 2041 2041 2041 2048 2041 97 182 182 2041 2041 182 2213 182 1434 182 182
167 0 650 89 0 38 1661 446 76 43 1522 0 739 566 301 3527 2206 1431 64 0 1157 3527 3527 3527 0 361 0 540 3527 2990 182 3527 0 3527 2906 341 0 0 3527 3527 1368 3527 0 0 0 0 0 0 1538 3527 3527 0 0 3527 245 3527 283 3527 3527
3303 0 279 956 57 37 1761 514 2958 6 2005 3527 307 731 2964 0 17 142 41 3483 2235 0 0 0 3527 69 1141 397 0 287 2041 0 3527 0 610 2406 3527 3527 0 0 410 0 3293 3527 3527 3527 3465 3527 147 0 0 3527 3527 0 3282 0 2920 0 0
167 0 650 89 0 38 1661 446 76 43 1522 0 739 566 301 3527 2206 1431 64 0 1157 3527 3527 3527 0 361 0 540 3527 2990 182 3527 0 3527 2906 341 0 0 3527 3527 1368 3527 0 0 0 0 0 0 1538 3527 3527 0 0 3527 245 3527 283 3527 3527
777 0 771 89 0 49 1040 485 534 43 2132 610 531 779 911 2906 2206 1442 77 610 1767 2906 2906 2906 610 354 152 635 2906 3193 24 2906 610 2906 3527 0 610 610 2906 2906 1252 2906 610 610 610 610 610 610 1538 2906 2906 610 610 2906 365 2906 893 2906 2906
2182 22 36 672 22 37 2102 417 2115 64 884 2406 475 495 1843 341 31 382 57 2362 1114 341 341 341 2406 123 703 310 341 57 2223 341 2406 341 0 3527 2406 2406 341 341 387 341 2406 2406 2406 2406 2406 2406 181 341 341 2406 2406 341 2651 341 1799 341 341
3303 0 279 956 57 37 1761 514 2958 6 2005 3527 307 731 2964 0 17 142 41 3483 2235 0 0 0 3527 69 1141 397 0 287 2041 0 3527 0 610 2406 3527 3527 0 0 410 0 3293 3527 3527 3527 3465 3527 147 0 0 3527 3527 0 3282 0 2920 0 0
3303 0 279 956 57 37 1761 514 2958 6 2005 3527 307 731 2964 0 17 142 41 3483 2235 0 0 0 3527 69 1141 397 0 287 2041 0 3527 0 610 2406 3527 3527 0 0 410 0 3293 3527 3527 3527 3465 3527 147 0 0 3527 3527 0 3282 0 2920 0 0
167 0 650 89 0 38 1661 446 76 43 1522 0 739 566 301 3527 2206 1431 64 0 1157 3527 3527 3527 0 361 0 540 3527 2990 182 3527 0 3527 2906 341 0 0 3527 3527 1368 3527 0 0 0 0 0 0 1538 3527 3527 0 0 3527 245 3527 283 3527 3527
167 0 650 89 0 38 1661 446 76 43 1522 0 739 566 301 3527 2206 1431 64 0 1157 3527 3527 3527 0 361 0 540 3527 2990 182 3527 0 3527 2906 341 0 0 3527 3527 1368 3527 0 0 0 0 0 0 1538 3527 3527 0 0 3527 245 3527 283 3527 3527
455 96 295 45 170 221 467 248 360 141 1365 410 519 357 643 1368 1088 1146 54 418 1371 1368 1368 1368 410 205 456 531 1368 1153 188 1368 410 1368 1252 387 410 410 1368 1368 3527 1368 441 410 410 410 412 410 1141 1368 1368 410 410 1368 361 1368 625 1368 1368
167 0 650 89 0 38 1661 446 76 43 1522 0 739 566 301 3527 2206 1431 64 0 1157 3527 3527 3527 0 361 0 540 3527 2990 182 3527 0 3527 2906 341 0 0 3527 3527 1368 3527 0 0 0 0 0 0 1538 3527 3527 0 0 3527 245 3527 283 3527 3527
3069 14 213 949 24 37 1761 476 2724 6 1771 3293 312 688 2730 0 12 142 35 3249 2001 0 0 0 3293 76 1098 399 0 287 2103 0 3293 0 610 2406 3293 3293 0 0 441 0 3527 3293 3293 3293 3301 3293 181 0 0 3293 3293 0 3048 0 2686 0 0
3303 0 279 956 57 37 1761 514 2958 6 2005 3527 307 731 2964 0 17 142 41 3483 2235 0 0 0 3527 69 1141 397 0 287 2041 0 3527 0 610 2406 3527 3527 0 0 410 0 3293 3527 3527 3527 3465 3527 147 0 0 3527 3527 0 3282 0 2920 0 0
3303 0 279 956 57 37 1761 514 2958 6 2005 3527 307 731 2964 0 17 142 41 3483 2235 0 0 0 3527 69 1141 397 0 287 2041 0 3527 0 610 2406 3527 3527 0 0 410 0 3293 3527 3527 3527 3465 3527 147 0 0 3527 3527 0 3282 0 2920 0 0
3303 0 279 956 57 37 1761 514 2958 6 2005 3527 307 731 2964 0 17 142 41 3483 2235 0 0 0 3527 69 1141 397 0 287 2041 0 3527 0 610 2406 3527 3527 0 0 410 0 3293 3527 3527 3527 3465 3527 147 0 0 3527 3527 0 3282 0 2920 0 0
3241 32 217 956 89 37 1761 519 2896 6 1943 3465 307 731 2902 0 43 142 41 3421 2173 0 0 0 3465 69 1079 397 0 287 2048 0 3465 0 610 2406 3465 3465 0 0 412 0 3301 3465 3465 3465 3527 3465 147 0 0 3465 3465 0 3220 0 2858 0 0
3303 0 279 956 57 37 1761 514 2958 6 2005 3527 307 731 2964 0 17 142 41 3483 2235 0 0 0 3527 69 1141 397 0 287 2041 0 3527 0 610 2406 3527 3527 0 0 410 0 3293 3527 3527 3527 3465 3527 147 0 0 3527 3527 0 3282 0 2920 0 0
310 259 640 264 181 603 37 325 176 84 1658 147 704 159 448 1538 1532 1407 167 151 1304 1538 1538 1538 147 458 100 561 1538 1542 97 1538 147 1538 1538 181 147 147 1538 1538 1141 1538 181 147 147 147 147 147 3527 1538 1538 147 147 1538 147 1538 430 1538 1538
167 0 650 89 0 38 1661 446 76 43 1522 0 739 566 301 3527 2206 1431 64 0 1157 3527 3527 3527 0 361 0 540 3527 2990 182 3527 0 3527 2906 341 0 0 3527 3527 1368 3527 0 0 0 0 0 0 1538 3527 3527 0 0 3527 245 3527 283 3527 3527
167 0 650 89 0 38 1661 446 76 43 1522 0 739 566 301 3527 2206 1431 64 0 1157 3527 3527 3527 0 361 0 540 3527 2990 182 3527 0 3527 2906 341 0 0 3527 3527 1368 3527 0 0 0 0 0 0 1538 3527 3527 0 0 3527 245 3527 283 3527 3527
3303 0 279 956 57 37 1761 514 2958 6 2005 3527 307 731 2964 0 17 142 41 3483 2235 0 0 0 3527 69 1141 397 0 287 2041 0 3527 0 610 2406 3527 3527 0 0 410 0 3293 3527 3527 3527 3465 3527 147 0 0 3527 3527 0 3282 0 2920 0 0
3303 0 279 956 57 37 1761 514 2958 6 2005 3527 307 731 2964 0 17 142 41 3483 2235 0 0 0 3527 69 1141 397 0 287 2041 0 3527 0 610 2406 3527 3527 0 0 410 0 3293 3527 3527 3527 3465 3527 147 0 0 3527 3527 0 3282 0 2920 0 0
167 0 650 89 0 38 1661 446 76 43 1522 0 739 566 301 3527 2206 1431 64 0 1157 3527 3527 3527 0 361 0 540 3527 2990 182 3527 0 3527 2906 341 0 0 3527 3527 1368 3527 0 0 0 0 0 0 1538 3527 3527 0 0 3527 245 3527 283 3527 3527
3058 0 279 956 57 37 2006 430 2865 6 1760 3282 307 577 2719 245 17 161 41 3238 1990 245 245 245 3282 76 1141 362 245 82 2213 245 3282 245 365 2651 3282 3282 245 245 361 245 3048 3282 3282 3282 3220 3282 147 245 245 3282 3282 245 3527 245 2675 245 245
167 0 650 89 0 38 1661 446 76 43 1522 0 739 566 301 3527 2206 1431 64 0 1157 3527 3527 3527 0 361 0 540 3527 2990 182 3527 0 3527 2906 341 0 0 3527 3527 1368 3527 0 0 0 0 0 0 1538 3527 3527 0 0 3527 245 3527 283 3527 3527
2743 27 279 567 57 290 1154 514 2351 6 2288 2920 309 710 3094 283 300 425 62 2876 2518 283 283 283 2920 480 1095 536 283 570 1434 283 2920 283 893 1799 2920 2920 283 283 625 283 2686 2920 2920 2920 2858 2920 430 283 283 2920 2920 283 2675 283 3527 283 283
167 0 650 89 0 38 1661 446 76 43 1522 0 739 566 301 3527 2206 1431 64 0 1157 3527 3527 3527 0 361 0 540 3527 2990 182 3527 0 3527 2906 341 0 0 3527 3527 1368 3527 0 0 0 0 0 0 1538 3527 3527 0 0 3527 245 3527 283 3527 3527
167 0 650 89 0 38 1661 446 76 43 1522 0 739 566 301 3527 2206 1431 64 0 1157 3527 3527 3527 0 361 0 540 3527 2990 182 3527 0 3527 2906 341 0 0 3527 3527 1368 3527 0 0 0 0 0 0 1538 3527 3527 0 0 3527 245 3527 283 3527 3527
