2803 2503 13 2469 2310 7 0 7 0 33 12 0 7 0 0 1951 7 7 832 938 519 7 0 2766 171 2766 28 131 7 7 0 2766 16 1184 762 0 1402 2766 2766 175 1241 16 7 229 918 2468 1 2766 2302 841 2109 425 261 1209 896 570 7 148 2766
2503 2803 191 2206 2047 245 245 245 18 284 0 0 245 18 245 1988 245 245 562 975 249 245 245 2540 423 2540 261 41 245 245 245 2540 9 921 694 0 1677 2540 2540 163 1523 34 245 212 655 2211 245 2540 2413 616 2384 425 254 1225 896 570 245 141 2540
13 191 2803 149 24 1376 1308 1376 10 1299 0 0 1376 10 1259 8 1376 1376 810 170 788 1376 547 8 1028 8 254 263 1376 1376 1355 8 644 134 733 454 640 8 8 70 838 7 1376 428 489 8 1374 8 120 52 234 179 247 8 126 55 1376 754 8
2469 2206 149 2803 2310 70 234 70 18 57 0 0 70 18 234 1654 70 70 895 641 582 70 0 2469 142 2469 27 233 70 70 238 2469 79 1184 825 234 1151 2469 2469 163 944 16 70 391 1152 2416 73 2469 2005 841 1860 659 324 997 1078 570 70 211 2469
2310 2047 24 2310 2803 39 3 39 0 39 0 371 39 0 3 1495 39 39 864 482 551 39 371 2310 101 2310 101 130 39 39 39 2310 48 1555 794 3 1066 2310 2310 237 785 16 39 206 921 2310 39 2310 1846 1212 1701 444 293 838 676 935 39 180 2310
7 245 1376 70 39 2803 2267 2803 0 2472 0 0 2803 0 2094 0 2803 2803 1856 9 1862 2803 779 0 1683 0 234 303 2803 2803 2473 0 1583 319 1807 0 991 0 0 97 1370 1 2803 510 855 0 2797 0 144 76 324 145 640 0 13 41 2803 1881 0
0 245 1308 234 3 2267 2803 2267 0 2315 0 0 2267 0 2627 0 2267 2267 1320 9 1326 2267 779 0 1677 0 234 362 2267 2267 2580 0 1047 319 1271 533 991 0 0 97 1370 1 2267 856 1388 0 2270 0 144 76 324 497 104 0 248 22 2267 1345 0
7 245 1376 70 39 2803 2267 2803 0 2472 0 0 2803 0 2094 0 2803 2803 1856 9 1862 2803 779 0 1683 0 234 303 2803 2803 2473 0 1583 319 1807 0 991 0 0 97 1370 1 2803 510 855 0 2797 0 144 76 324 145 640 0 13 41 2803 1881 0
0 18 10 18 0 0 0 0 2803 77 0 0 0 2803 0 0 0 0 0 0 0 0 0 0 0 0 0 112 0 0 0 0 0 0 0 0 0 0 0 0 0 524 0 20 0 0 0 0 0 0 0 0 0 0 0 0 0 0 0
33 284 1299 57 39 2472 2315 2472 77 2803 0 0 2472 77 2142 39 2472 2472 1525 48 1531 2472 779 39 1705 39 297 245 2472 2472 2488 39 1252 319 1476 48 1027 39 39 97 1409 1 2472 519 903 89 2472 39 183 76 362 193 309 23 60 41 2472 1550 39
12 0 0 0 0 0 0 0 0 0 2803 0 0 0 0 131 0 0 1 251 0 0 0 0 16 0 84 16 0 0 0 0 66 3 0 0 1 0 0 343 0 0 0 47 4 0 0 0 0 40 0 90 35 110 208 106 0 0 0
0 0 0 0 371 0 0 0 0 0 0 2803 0 0 0 0 0 0 0 65 185 0 2016 0 0 0 1181 0 0 0 0 0 57 638 0 0 0 0 0 0 0 0 0 0 0 0 0 0 29 877 0 201 0 0 0 1485 0 713 0
7 245 1376 70 39 2803 2267 2803 0 2472 0 0 2803 0 2094 0 2803 2803 1856 9 1862 2803 779 0 1683 0 234 303 2803 2803 2473 0 1583 319 1807 0 991 0 0 97 1370 1 2803 510 855 0 2797 0 144 76 324 145 640 0 13 41 2803 1881 0
0 18 10 18 0 0 0 0 2803 77 0 0 0 2803 0 0 0 0 0 0 0 0 0 0 0 0 0 112 0 0 0 0 0 0 0 0 0 0 0 0 0 524 0 20 0 0 0 0 0 0 0 0 0 0 0 0 0 0 0
0 245 1259 234 3 2094 2627 2094 0 2142 0 0 2094 0 2803 0 2094 2094 1147 9 1153 2094 779 0 1638 0 234 381 2094 2094 2407 0 874 269 1098 704 991 0 0 97 1370 1 2094 769 1346 0 2097 0 144 76 324 412 0 0 248 22 2094 1172 0
1951 1988 8 1654 1495 0 0 0 0 39 131 0 0 0 0 2803 0 0 144 975 0 0 0 1988 178 1988 27 41 0 0 0 1988 95 369 126 0 1422 1988 1988 147 1278 0 0 65 548 1659 0 1988 1988 355 1933 425 288 1225 748 570 0 141 1988
7 245 1376 70 39 2803 2267 2803 0 2472 0 0 2803 0 2094 0 2803 2803 1856 9 1862 2803 779 0 1683 0 234 303 2803 2803 2473 0 1583 319 1807 0 991 0 0 97 1370 1 2803 510 855 0 2797 0 144 76 324 145 640 0 13 41 2803 1881 0
7 245 1376 70 39 2803 2267 2803 0 2472 0 0 2803 0 2094 0 2803 2803 1856 9 1862 2803 779 0 1683 0 234 303 2803 2803 2473 0 1583 319 1807 0 991 0 0 97 1370 1 2803 510 855 0 2797 0 144 76 324 145 640 0 13 41 2803 1881 0
832 562 810 895 864 1856 1320 1856 0 1525 1 0 1856 0 1147 144 1856 1856 2803 55 2224 1856 56 825 736 825 0 392 1856 1856 1526 825 1594 1144 2304 46 86 825 825 103 423 24 1856 656 1476 825 1850 825 468 695 316 153 648 0 394 41 1856 1921 825
938 975 170 641 482 9 9 9 0 48 251 65 9 0 9 975 9 9 55 2803 169 9 65 975 92 975 65 14 9 9 9 975 142 54 112 1132 767 975 975 251 949 45 9 102 1 646 9 975 1003 31 1113 516 273 834 426 180 9 71 975
519 249 788 582 551 1862 1326 1862 0 1531 0 185 1862 0 1153 0 1862 1862 2224 169 2803 1862 13 512 742 512 185 386 1862 1862 1532 512 1558 831 2058 225 50 512 512 173 429 6 1862 467 1125 512 1856 512 48 353 8 145 640 0 13 226 1862 2060 512
7 245 1376 70 39 2803 2267 2803 0 2472 0 0 2803 0 2094 0 2803 2803 1856 9 1862 2803 779 0 1683 0 234 303 2803 2803 2473 0 1583 319 1807 0 991 0 0 97 1370 1 2803 510 855 0 2797 0 144 76 324 145 640 0 13 41 2803 1881 0
0 245 547 0 371 779 779 779 0 779 0 2016 779 0 779 0 779 779 56 65 13 779 2803 0 779 0 864 0 779 779 779 0 69 638 62 0 779 0 0 7 779 1 779 0 0 0 779 0 144 886 324 201 0 0 0 698 779 0 0
2766 2540 8 2469 2310 0 0 0 0 39 0 0 0 0 0 1988 0 0 825 975 512 0 0 2803 178 2803 27 124 0 0 0 2803 9 1184 755 0 1432 2803 2803 163 1278 16 0 236 918 2474 0 2803 2339 841 2139 425 254 1225 896 570 0 141 2803
171 423 1028 142 101 1683 1677 1683 0 1705 16 0 1683 0 1638 178 1683 1683 736 92 742 1683 779 178 2803 178 345 170 1683 1683 1683 178 463 95 742 173 1134 178 178 135 1552 223 1683 425 320 133 1683 178 322 27 467 116 42 178 47 172 1683 761 178
2766 2540 8 2469 2310 0 0 0 0 39 0 0 0 0 0 1988 0 0 825 975 512 0 0 2803 178 2803 27 124 0 0 0 2803 9 1184 755 0 1432 2803 2803 163 1278 16 0 236 918 2474 0 2803 2339 841 2139 425 254 1225 896 570 0 141 2803
28 261 254 27 101 234 234 234 0 297 84 1181 234 0 234 27 234 234 0 65 185 234 864 27 345 27 2803 33 234 234 234 27 57 1 62 380 247 27 27 441 261 13 234 128 0 72 234 27 132 19 261 27 0 29 28 1104 234 477 27
131 41 263 233 130 303 362 303 112 245 16 0 303 112 381 41 303 303 392 14 386 303 0 124 170 124 33 2803 303 303 348 124 494 397 303 299 41 124 124 180 18 58 303 292 468 124 297 124 41 510 41 638 507 472 281 49 303 303 124
7 245 1376 70 39 2803 2267 2803 0 2472 0 0 2803 0 2094 0 2803 2803 1856 9 1862 2803 779 0 1683 0 234 303 2803 2803 2473 0 1583 319 1807 0 991 0 0 97 1370 1 2803 510 855 0 2797 0 144 76 324 145 640 0 13 41 2803 1881 0
7 245 1376 70 39 2803 2267 2803 0 2472 0 0 2803 0 2094 0 2803 2803 1856 9 1862 2803 779 0 1683 0 234 303 2803 2803 2473 0 1583 319 1807 0 991 0 0 97 1370 1 2803 510 855 0 2797 0 144 76 324 145 640 0 13 41 2803 1881 0
0 245 1355 238 39 2473 2580 2473 0 2488 0 0 2473 0 2407 0 2473 2473 1526 9 1532 2473 779 0 1683 0 234 348 2473 2473 2803 0 1253 319 1477 313 991 0 0 97 1370 1 2473 636 1168 0 2476 0 144 76 324 458 310 0 248 41 2473 1551 0
2766 2540 8 2469 2310 0 0 0 0 39 0 0 0 0 0 1988 0 0 825 975 512 0 0 2803 178 2803 27 124 0 0 0 2803 9 1184 755 0 1432 2803 2803 163 1278 16 0 236 918 2474 0 2803 2339 841 2139 425 254 1225 896 570 0 141 2803
16 9 644 79 48 1583 1047 1583 0 1252 66 57 1583 0 874 95 1583 1583 1594 142 1558 1583 69 9 463 9 57 494 1583 1583 1253 9 2803 328 1553 139 83 9 9 40 150 0 1583 485 915 9 1577 9 9 78 9 339 642 486 239 103 1583 1558 9
1184 921 134 1184 1555 319 319 319 0 319 3 638 319 0 269 369 319 319 1144 54 831 319 638 1184 95 1184 1 397 319 319 319 1184 328 2803 1074 6 89 1184 1184 54 14 36 319 319 1167 1184 319 1184 720 1460 575 324 54 43 449 383 319 460 1184
762 694 733 825 794 1807 1271 1807 0 1476 0 0 1807 0 1098 126 1807 1807 2304 112 2058 1807 62 755 742 755 62 303 1807 1807 1477 755 1553 1074 2803 103 163 755 755 116 434 16 1807 631 1236 755 1801 755 483 539 348 145 640 0 376 49 1807 1824 755
0 0 454 234 3 0 533 0 0 48 0 0 0 0 704 0 0 0 46 1132 225 0 0 0 173 0 380 299 0 0 313 0 139 6 103 2803 54 0 0 155 4 45 0 676 587 0 3 0 28 30 193 371 0 0 248 185 0 62 0
1402 1677 640 1151 1066 991 991 991 0 1027 1 0 991 0 991 1422 991 991 86 767 50 991 779 1432 1134 1432 247 41 991 991 991 1432 83 89 163 54 2803 1432 1432 186 1980 6 991 117 128 1103 991 1432 1576 122 1807 399 224 936 282 537 991 69 1432
2766 2540 8 2469 2310 0 0 0 0 39 0 0 0 0 0 1988 0 0 825 975 512 0 0 2803 178 2803 27 124 0 0 0 2803 9 1184 755 0 1432 2803 2803 163 1278 16 0 236 918 2474 0 2803 2339 841 2139 425 254 1225 896 570 0 141 2803
2766 2540 8 2469 2310 0 0 0 0 39 0 0 0 0 0 1988 0 0 825 975 512 0 0 2803 178 2803 27 124 0 0 0 2803 9 1184 755 0 1432 2803 2803 163 1278 16 0 236 918 2474 0 2803 2339 841 2139 425 254 1225 896 570 0 141 2803
175 163 70 163 237 97 97 97 0 97 343 0 97 0 97 147 97 97 103 251 173 97 7 163 135 163 441 180 97 97 97 163 40 54 116 155 186 163 163 2803 212 119 97 52 24 163 97 163 163 166 171 370 417 214 471 87 97 85 163
1241 1523 838 944 785 1370 1370 1370 0 1409 0 0 1370 0 1370 1278 1370 1370 423 949 429 1370 779 1278 1552 1278 261 18 1370 1370 1370 1278 150 14 434 4 1980 1278 1278 212 2803 1 1370 208 35 949 1370 1278 1422 26 1547 399 254 1172 461 384 1370 448 1278
16 34 7 16 16 1 1 1 524 1 0 0 1 524 1 0 1 1 24 45 6 1 1 16 223 16 13 58 1 1 1 16 0 36 16 45 6 16 16 119 1 2803 1 16 36 17 1 16 16 51 38 40 137 17 83 54 1 0 16
7 245 1376 70 39 2803 2267 2803 0 2472 0 0 2803 0 2094 0 2803 2803 1856 9 1862 2803 779 0 1683 0 234 303 2803 2803 2473 0 1583 319 1807 0 991 0 0 97 1370 1 2803 510 855 0 2797 0 144 76 324 145 640 0 13 41 2803 1881 0
229 212 428 391 206 510 856 510 20 519 47 0 510 20 769 65 510 510 656 102 467 510 0 236 425 236 128 292 510 510 636 236 485 319 631 676 117 236 236 52 208 16 510 2803 870 236 510 236 209 232 176 340 124 72 380 56 510 463 236
918 655 489 1152 921 855 1388 855 0 903 4 0 855 0 1346 548 855 855 1476 1 1125 855 0 918 320 918 0 468 855 855 1168 918 915 1167 1236 587 128 918 918 24 35 36 855 870 2803 918 858 918 648 746 601 515 27 52 780 18 855 996 918
2468 2211 8 2416 2310 0 0 0 0 89 0 0 0 0 0 1659 0 0 825 646 512 0 0 2474 133 2474 72 124 0 0 0 2474 9 1184 755 0 1103 2474 2474 163 949 17 0 236 918 2803 0 2474 2010 841 1810 425 254 1020 782 570 0 141 2474
1 245 1374 73 39 2797 2270 2797 0 2472 0 0 2797 0 2097 0 2797 2797 1850 9 1856 2797 779 0 1683 0 234 297 2797 2797 2476 0 1577 319 1801 3 991 0 0 97 1370 1 2797 510 858 0 2803 0 144 76 324 148 634 0 16 41 2797 1875 0
2766 2540 8 2469 2310 0 0 0 0 39 0 0 0 0 0 1988 0 0 825 975 512 0 0 2803 178 2803 27 124 0 0 0 2803 9 1184 755 0 1432 2803 2803 163 1278 16 0 236 918 2474 0 2803 2339 841 2139 425 254 1225 896 570 0 141 2803
2302 2413 120 2005 1846 144 144 144 0 183 0 29 144 0 144 1988 144 144 468 1003 48 144 144 2339 322 2339 132 41 144 144 144 2339 9 720 483 28 1576 2339 2339 163 1422 16 144 209 648 2010 144 2339 2803 555 2270 425 254 1225 896 599 144 170 2339
841 616 52 841 1212 76 76 76 0 76 40 877 76 0 76 355 76 76 695 31 353 76 886 841 27 841 19 510 76 76 76 841 78 1460 539 30 122 841 841 166 26 51 76 232 746 841 76 841 555 2803 524 413 351 205 620 482 76 208 841
2109 2384 234 1860 1701 324 324 324 0 362 0 0 324 0 324 1933 324 324 316 1113 8 324 324 2139 467 2139 261 41 324 324 324 2139 9 575 348 193 1807 2139 2139 171 1547 38 324 176 601 1810 324 2139 2270 524 2803 425 254 1170 819 570 324 141 2139
425 425 179 659 444 145 497 145 0 193 90 201 145 0 412 425 145 145 153 516 145 145 201 425 116 425 27 638 145 145 458 425 339 324 145 371 399 425 425 370 399 40 145 340 515 425 148 425 425 413 425 2803 398 755 580 253 145 145 425
261 254 247 324 293 640 104 640 0 309 35 0 640 0 0 288 640 640 648 273 640 640 0 254 42 254 0 507 640 640 310 254 642 54 640 0 224 254 254 417 254 137 640 124 27 254 634 254 254 351 254 398 2803 538 176 29 640 640 254
1209 1225 8 997 838 0 0 0 0 23 110 0 0 0 0 1225 0 0 0 834 0 0 0 1225 178 1225 29 472 0 0 0 1225 486 43 0 0 936 1225 1225 214 1172 17 0 72 52 1020 0 1225 1225 205 1170 755 538 2803 849 425 0 0 1225
896 896 126 1078 676 13 248 13 0 60 208 0 13 0 248 748 13 13 394 426 13 13 0 896 47 896 28 281 13 13 248 896 239 449 376 248 282 896 896 471 461 83 13 380 780 782 16 896 896 620 819 580 176 849 2803 173 13 154 896
570 570 55 570 935 41 22 41 0 41 106 1485 41 0 22 570 41 41 41 180 226 41 698 570 172 570 1104 49 41 41 41 570 103 383 49 185 537 570 570 87 384 54 41 56 18 570 41 570 599 482 570 253 29 425 173 2803 41 754 570
7 245 1376 70 39 2803 2267 2803 0 2472 0 0 2803 0 2094 0 2803 2803 1856 9 1862 2803 779 0 1683 0 234 303 2803 2803 2473 0 1583 319 1807 0 991 0 0 97 1370 1 2803 510 855 0 2797 0 144 76 324 145 640 0 13 41 2803 1881 0
148 141 754 211 180 1881 1345 1881 0 1550 0 713 1881 0 1172 141 1881 1881 1921 71 2060 1881 0 141 761 141 477 303 1881 1881 1551 141 1558 460 1824 62 69 141 141 85 448 0 1881 463 996 141 1875 141 170 208 141 145 640 0 154 754 1881 2803 141
2766 2540 8 2469 2310 0 0 0 0 39 0 0 0 0 0 1988 0 0 825 975 512 0 0 2803 178 2803 27 124 0 0 0 2803 9 1184 755 0 1432 2803 2803 163 1278 16 0 236 918 2474 0 2803 2339 841 2139 425 254 1225 896 570 0 141 2803
